0	0	0	0	0	0	0	0	0	0	0	0	0	0	0	0	0	0	0	0	
-0.00921509	-0.0269976	-0.0485906	-0.0675877	-0.0840484	-0.097156	-0.104094	-0.107999	-0.108719	-0.105583	-0.105292	-0.111001	-0.11839	-0.118988	-0.107691	-0.0874573	-0.0634596	-0.0407161	-0.0254791	-0.010603	
-0.0463692	-0.0759668	-0.109634	-0.138795	-0.162858	-0.183477	-0.194909	-0.200824	-0.201332	-0.198491	-0.202119	-0.209446	-0.217391	-0.215819	-0.198394	-0.16869	-0.132987	-0.0985603	-0.0692609	-0.0365914	
-0.110797	-0.147113	-0.183935	-0.216347	-0.247995	-0.272904	-0.280096	-0.281911	-0.283346	-0.280646	-0.282449	-0.289195	-0.29344	-0.287211	-0.27011	-0.247823	-0.216166	-0.170136	-0.122828	-0.0666448	
-0.172489	-0.216417	-0.2571	-0.293149	-0.327886	-0.358594	-0.370275	-0.371326	-0.364809	-0.353156	-0.349203	-0.347711	-0.350301	-0.351006	-0.342982	-0.324011	-0.286973	-0.230002	-0.161823	-0.0793265	
-0.201219	-0.253266	-0.298667	-0.338227	-0.381512	-0.421096	-0.436928	-0.441105	-0.436363	-0.416113	-0.397964	-0.392475	-0.398063	-0.402248	-0.395789	-0.375505	-0.328441	-0.248742	-0.159185	-0.0528621	
-0.187876	-0.248194	-0.297163	-0.335921	-0.378307	-0.426546	-0.460037	-0.480331	-0.479077	-0.455871	-0.434949	-0.423632	-0.42634	-0.427833	-0.408099	-0.362645	-0.28971	-0.193894	-0.0910731	0.028435	
-0.128174	-0.191001	-0.241898	-0.281919	-0.330109	-0.387589	-0.429447	-0.458514	-0.469529	-0.453406	-0.433606	-0.423746	-0.418876	-0.39724	-0.348334	-0.277907	-0.183109	-0.0661253	0.0494844	0.177013	
-0.0287989	-0.0881728	-0.141021	-0.187208	-0.24316	-0.307019	-0.352107	-0.38059	-0.38732	-0.374898	-0.363733	-0.354152	-0.339552	-0.303162	-0.233059	-0.137356	-0.0214459	0.110619	0.237598	0.367171	
0.0881342	0.0373987	-0.0176168	-0.0723673	-0.134321	-0.194144	-0.223559	-0.232018	-0.230011	-0.215803	-0.204418	-0.195917	-0.179215	-0.134655	-0.0584779	0.0387585	0.159574	0.297913	0.426865	0.550828	
0.186491	0.148516	0.100947	0.0527071	0.000866022	-0.0418298	-0.0512217	-0.0412958	-0.0195737	0.00788842	0.0280825	0.0407386	0.0545823	0.087218	0.151634	0.242425	0.353138	0.477218	0.587366	0.686165	
0.263777	0.244497	0.216482	0.189806	0.162825	0.143515	0.15264	0.182602	0.222404	0.270233	0.307473	0.324691	0.328476	0.343727	0.385942	0.450503	0.536255	0.629351	0.705348	0.765933	
0.312887	0.325854	0.332245	0.341057	0.345024	0.348685	0.373431	0.418455	0.482388	0.55394	0.608643	0.628393	0.620203	0.611635	0.623453	0.656201	0.702821	0.754853	0.787817	0.799504	
0.344302	0.389423	0.433182	0.478645	0.514785	0.544196	0.588808	0.657047	0.741442	0.828115	0.890009	0.910994	0.897994	0.875385	0.860115	0.852334	0.854491	0.856392	0.840568	0.803908	
0.360136	0.440532	0.517071	0.590306	0.651232	0.705496	0.775342	0.867771	0.971494	1.06602	1.1297	1.14812	1.12883	1.09387	1.05584	1.01801	0.979073	0.933683	0.87262	0.79704	
0.394046	0.503203	0.603269	0.690613	0.763451	0.835442	0.926462	1.03859	1.15203	1.24513	1.29989	1.30776	1.27718	1.22743	1.1715	1.112	1.04829	0.973516	0.887435	0.794262	
0.441267	0.579571	0.697	0.791793	0.871553	0.952631	1.04768	1.15932	1.26665	1.34853	1.38835	1.37702	1.32567	1.25941	1.19253	1.12764	1.0594	0.979253	0.893246	0.80111	
0.50184	0.653323	0.781581	0.884781	0.972261	1.05483	1.14162	1.23377	1.31715	1.37319	1.38583	1.35073	1.28254	1.20704	1.13627	1.07478	1.01771	0.956042	0.891179	0.815087	
0.5569	0.706717	0.83834	0.948816	1.04136	1.12249	1.19246	1.26158	1.31905	1.34847	1.3334	1.27315	1.18641	1.09787	1.02308	0.969678	0.935214	0.903371	0.871168	0.8246	
0.601367	0.740037	0.865919	0.97362	1.06532	1.13839	1.19872	1.25334	1.29279	1.2996	1.25768	1.17334	1.06493	0.960677	0.876652	0.830303	0.817827	0.816661	0.820564	0.816629	
0.629743	0.749164	0.86453	0.963809	1.04302	1.11007	1.16412	1.2094	1.23404	1.22176	1.15747	1.05073	0.925652	0.808693	0.724751	0.687988	0.690558	0.710792	0.745803	0.782687	
0.650463	0.752014	0.847361	0.924755	0.990077	1.04452	1.09087	1.12566	1.13444	1.10458	1.02103	0.90028	0.76719	0.65512	0.581225	0.556433	0.571632	0.605664	0.661866	0.728465	
0.675993	0.753551	0.823319	0.87276	0.908251	0.944704	0.977855	0.99586	0.989817	0.948513	0.855699	0.730353	0.605006	0.505886	0.448273	0.436159	0.460717	0.511184	0.583435	0.659134	
0.703621	0.756666	0.79075	0.802052	0.806336	0.812381	0.820705	0.821171	0.802933	0.757735	0.666866	0.55177	0.442291	0.361431	0.316513	0.314509	0.355698	0.420313	0.495975	0.57114	
0.717973	0.739118	0.73707	0.710372	0.674722	0.646354	0.627257	0.604744	0.576027	0.532148	0.452561	0.357222	0.270031	0.204453	0.172136	0.184974	0.23889	0.313606	0.392233	0.465285	
0.692796	0.674096	0.631907	0.569751	0.499759	0.438207	0.393736	0.354315	0.314973	0.273299	0.211347	0.139415	0.0760977	0.0328067	0.0207996	0.0496235	0.115987	0.196587	0.274329	0.350215	
0.607388	0.545882	0.467763	0.374313	0.278208	0.195593	0.133736	0.0815839	0.0386648	0.00419109	-0.042298	-0.0926012	-0.133668	-0.153453	-0.13857	-0.0864197	-0.00800714	0.0771611	0.162313	0.241622	
0.470711	0.368375	0.257412	0.140738	0.0258175	-0.0677454	-0.131281	-0.184269	-0.227634	-0.257986	-0.291324	-0.328614	-0.349188	-0.337425	-0.292079	-0.220223	-0.128385	-0.0265353	0.0679916	0.143605	
0.297275	0.167671	0.0361268	-0.0949825	-0.215785	-0.310306	-0.376753	-0.426208	-0.463135	-0.487867	-0.517094	-0.544866	-0.547981	-0.514569	-0.445627	-0.349805	-0.231646	-0.111626	-0.00989028	0.0568149	
0.11347	-0.0308661	-0.173822	-0.309264	-0.427383	-0.515267	-0.571899	-0.616501	-0.65433	-0.684271	-0.711633	-0.730007	-0.716114	-0.659241	-0.570176	-0.45503	-0.318456	-0.183109	-0.0768927	-0.0177965	
-0.072166	-0.219631	-0.358207	-0.481415	-0.586834	-0.664081	-0.71689	-0.754856	-0.789376	-0.818706	-0.839902	-0.846494	-0.820161	-0.756166	-0.658881	-0.529727	-0.377621	-0.237902	-0.133937	-0.0784996	
-0.24016	-0.371183	-0.49443	-0.603939	-0.692898	-0.75712	-0.800322	-0.831434	-0.860479	-0.882518	-0.890599	-0.883757	-0.855155	-0.793171	-0.696581	-0.566559	-0.41829	-0.28361	-0.175154	-0.112323	
-0.375758	-0.483236	-0.578236	-0.657973	-0.725188	-0.774025	-0.808982	-0.835355	-0.861095	-0.877307	-0.875425	-0.863512	-0.836324	-0.77857	-0.689923	-0.572234	-0.438561	-0.313143	-0.204582	-0.139849	
-0.47263	-0.545709	-0.604296	-0.649597	-0.683419	-0.709918	-0.737622	-0.763064	-0.7879	-0.801432	-0.80078	-0.794595	-0.777379	-0.730867	-0.654894	-0.555135	-0.440795	-0.329434	-0.228639	-0.166595	
-0.538284	-0.574208	-0.591458	-0.597406	-0.597447	-0.599186	-0.611552	-0.6291	-0.648263	-0.663221	-0.67519	-0.684091	-0.681925	-0.651972	-0.598178	-0.520135	-0.421752	-0.321716	-0.230844	-0.182772	
-0.581632	-0.586971	-0.568246	-0.533912	-0.496055	-0.468384	-0.458895	-0.46041	-0.471535	-0.488607	-0.513884	-0.542646	-0.560312	-0.552871	-0.521643	-0.460576	-0.372917	-0.283068	-0.213903	-0.185306	
-0.599945	-0.587835	-0.54227	-0.474876	-0.396378	-0.329889	-0.290653	-0.274773	-0.279443	-0.305057	-0.351281	-0.393277	-0.42369	-0.438041	-0.425726	-0.377257	-0.30511	-0.238891	-0.190382	-0.176206	
-0.594313	-0.570771	-0.50477	-0.40803	-0.301431	-0.209151	-0.141842	-0.107748	-0.107022	-0.13144	-0.178386	-0.231336	-0.279963	-0.31194	-0.314635	-0.281147	-0.225833	-0.175788	-0.149507	-0.155128	
-0.552294	-0.522897	-0.446655	-0.338147	-0.217613	-0.109578	-0.0283495	0.0161672	0.0290856	0.0172789	-0.0240695	-0.0753815	-0.129476	-0.176528	-0.190938	-0.168822	-0.129558	-0.097297	-0.0876604	-0.109931	
-0.484081	-0.455265	-0.38012	-0.274675	-0.156107	-0.0446334	0.0438949	0.0930363	0.11369	0.118939	0.0975432	0.0571169	0.0095957	-0.0286186	-0.0406327	-0.031127	-0.0109028	0.00496909	-0.00398974	-0.0514148	
-0.40204	-0.382429	-0.317063	-0.222084	-0.118278	-0.0220699	0.0571413	0.107963	0.14434	0.176256	0.181578	0.162041	0.136037	0.117157	0.112033	0.119769	0.135276	0.136313	0.0976296	0.0117446	
-0.314261	-0.304776	-0.259129	-0.192731	-0.117919	-0.0435081	0.0222992	0.0748107	0.130995	0.191075	0.226038	0.236477	0.241698	0.248712	0.261714	0.27768	0.288848	0.271776	0.201945	0.0783689	
-0.22378	-0.238751	-0.224106	-0.188458	-0.146171	-0.0987754	-0.0405713	0.0237716	0.0988489	0.182389	0.247243	0.29206	0.332094	0.371751	0.402696	0.423064	0.430851	0.391867	0.288582	0.130416	
-0.13225	-0.178663	-0.201739	-0.205056	-0.198397	-0.173249	-0.122558	-0.0468622	0.051445	0.161547	0.261513	0.342923	0.412109	0.473256	0.520506	0.550926	0.550206	0.491974	0.367499	0.190306	
-0.0390016	-0.11102	-0.165792	-0.210945	-0.243973	-0.246748	-0.20727	-0.124089	-0.0131505	0.114004	0.243099	0.357144	0.452785	0.536374	0.600394	0.639702	0.639418	0.576268	0.454569	0.275461	
0.0518737	-0.0352065	-0.11775	-0.192809	-0.256347	-0.289496	-0.271905	-0.200652	-0.0958926	0.0383459	0.188909	0.322774	0.435119	0.542625	0.62917	0.686445	0.698812	0.645704	0.531571	0.357293	
0.1406	0.0432925	-0.0600831	-0.160458	-0.253527	-0.316075	-0.319495	-0.268457	-0.176192	-0.0436271	0.106371	0.249696	0.37736	0.501655	0.612138	0.688689	0.716865	0.686752	0.588945	0.428189	
0.21235	0.116003	-0.00120874	-0.125308	-0.246581	-0.337498	-0.367147	-0.33476	-0.246462	-0.114075	0.0311034	0.171098	0.299262	0.429393	0.557191	0.654272	0.707202	0.705077	0.626295	0.481337	
0.274068	0.177826	0.0515248	-0.0917513	-0.232469	-0.341863	-0.387786	-0.365017	-0.286593	-0.166414	-0.0361694	0.0934631	0.222807	0.360346	0.495335	0.603395	0.671796	0.684285	0.622112	0.497269	
0.310927	0.226899	0.102441	-0.0476931	-0.192296	-0.309676	-0.371539	-0.366164	-0.300295	-0.202097	-0.0931687	0.027532	0.160778	0.299936	0.436633	0.554476	0.623934	0.63283	0.576282	0.467588	
