0	0	0	0	0	0	0	0	0	0	0	0	0	0	0	0	0	0	0	0	
0	0.0241452	0.0126455	-0.0219972	-0.0206237	-0.00344519	0.00872919	0.0068889	-0.013781	-0.0234318	-0.0183768	0.00471001	0.00764596	-0.00427115	-0.0344485	-0.0812278	-0.112957	-0.120252	-0.10406	-0.0755388	
0	0.0126455	0.0119619	-0.021828	-0.0214668	0.00305092	0.00465719	-0.00653235	-0.0366963	-0.0522411	-0.0261018	0.00911405	0.0175272	-0.0040248	-0.0642128	-0.151311	-0.213413	-0.230059	-0.209249	-0.143582	
0	-0.0219972	-0.021828	-0.0058099	0.00690187	0.00345305	-0.00947516	-0.0243758	-0.0489397	-0.0617706	-0.0346968	-0.00183598	0.00460929	-0.0290369	-0.111622	-0.218093	-0.297248	-0.320119	-0.28675	-0.18412	
0	-0.0206237	-0.0214668	0.00690187	-0.0023344	-0.0274052	-0.0243692	-0.0312828	-0.0374045	-0.038196	-0.0329157	-0.0261629	-0.0391835	-0.0892515	-0.185311	-0.288095	-0.370264	-0.390459	-0.333947	-0.196292	
0	-0.00344519	0.00305092	0.00345305	-0.0274052	-0.042591	-0.0395075	-0.0452539	-0.0314195	-0.0196306	-0.035615	-0.0616959	-0.0907512	-0.15897	-0.252126	-0.341058	-0.417099	-0.42972	-0.351704	-0.185111	
0	0.00872919	0.00465719	-0.00947516	-0.0243692	-0.0395075	-0.0629708	-0.0596653	-0.0274583	-0.0213775	-0.0592486	-0.104194	-0.155099	-0.236879	-0.308829	-0.380426	-0.435386	-0.430571	-0.330734	-0.145992	
0	0.0068889	-0.00653235	-0.0243758	-0.0312828	-0.0452539	-0.0596653	-0.0404152	-0.0246292	-0.0482554	-0.10118	-0.170324	-0.252414	-0.322317	-0.365911	-0.40728	-0.420852	-0.383815	-0.263658	-0.0644387	
0	-0.013781	-0.0366963	-0.0489397	-0.0374045	-0.0314195	-0.0274583	-0.0246292	-0.053223	-0.0952984	-0.159357	-0.257052	-0.347293	-0.391103	-0.410597	-0.410019	-0.372876	-0.30149	-0.162146	0.043856	
0	-0.0234318	-0.0522411	-0.0617706	-0.038196	-0.0196306	-0.0213775	-0.0482554	-0.0952984	-0.145934	-0.225276	-0.33016	-0.409298	-0.435869	-0.43588	-0.389106	-0.306728	-0.199853	-0.0459109	0.160851	
0	-0.0183768	-0.0261018	-0.0346968	-0.0329157	-0.035615	-0.0592486	-0.10118	-0.159357	-0.225276	-0.301999	-0.38409	-0.436408	-0.44726	-0.415047	-0.322564	-0.200552	-0.0624396	0.0962645	0.303815	
0	0.00471001	0.00911405	-0.00183598	-0.0261629	-0.0616959	-0.104194	-0.170324	-0.257052	-0.33016	-0.38409	-0.423948	-0.444794	-0.424925	-0.345196	-0.211079	-0.052926	0.106184	0.273804	0.474049	
0	0.00764596	0.0175272	0.00460929	-0.0391835	-0.0907512	-0.155099	-0.252414	-0.347293	-0.409298	-0.436408	-0.444794	-0.432806	-0.371198	-0.251918	-0.0841358	0.0971293	0.281304	0.460513	0.646887	
0	-0.00427115	-0.0040248	-0.0290369	-0.0892515	-0.15897	-0.236879	-0.322317	-0.391103	-0.435869	-0.44726	-0.424925	-0.371198	-0.277975	-0.130378	0.0508339	0.249573	0.456267	0.636126	0.796243	
0	-0.0344485	-0.0642128	-0.111622	-0.185311	-0.252126	-0.308829	-0.365911	-0.410597	-0.43588	-0.415047	-0.345196	-0.251918	-0.130378	0.0283608	0.212279	0.423255	0.630908	0.791031	0.91402	
0	-0.0812278	-0.151311	-0.218093	-0.288095	-0.341058	-0.380426	-0.40728	-0.410019	-0.389106	-0.322564	-0.211079	-0.0841358	0.0508339	0.212279	0.3998	0.606271	0.793792	0.924074	1.00979	
0	-0.112957	-0.213413	-0.297248	-0.370264	-0.417099	-0.435386	-0.420852	-0.372876	-0.306728	-0.200552	-0.052926	0.0971293	0.249573	0.423255	0.606271	0.791117	0.946339	1.04495	1.0941	
0	-0.120252	-0.230059	-0.320119	-0.390459	-0.42972	-0.430571	-0.383815	-0.30149	-0.199853	-0.0624396	0.106184	0.281304	0.456267	0.630908	0.793792	0.946339	1.0682	1.13929	1.15963	
0	-0.10406	-0.209249	-0.28675	-0.333947	-0.351704	-0.330734	-0.263658	-0.162146	-0.0459109	0.0962645	0.273804	0.460513	0.636126	0.791031	0.924074	1.04495	1.13929	1.1919	1.18013	
0	-0.0755388	-0.143582	-0.18412	-0.196292	-0.185111	-0.145992	-0.0644387	0.043856	0.160851	0.303815	0.474049	0.646887	0.796243	0.91402	1.00979	1.0941	1.15963	1.18013	1.12976	
0	-0.0096467	-0.0283788	-0.0236367	0.0057651	0.0433783	0.102171	0.194364	0.305745	0.427442	0.560905	0.704096	0.839443	0.947222	1.02027	1.07288	1.11738	1.13729	1.11462	1.02267	
0	0.0571242	0.105746	0.166264	0.239554	0.312254	0.392468	0.49898	0.6196	0.733485	0.837581	0.93553	1.02719	1.09158	1.12142	1.13375	1.12519	1.09271	1.0237	0.89679	
0	0.120274	0.226025	0.341335	0.467239	0.583322	0.700065	0.825808	0.938839	1.0312	1.10322	1.16305	1.21416	1.23967	1.22792	1.18501	1.11885	1.03171	0.923488	0.77815	
0	0.172008	0.331427	0.497785	0.671039	0.826592	0.964032	1.09343	1.20395	1.28768	1.33884	1.36635	1.3869	1.37504	1.31274	1.21975	1.10084	0.974661	0.848756	0.705997	
0	0.22062	0.425026	0.628437	0.828394	0.99979	1.14775	1.28009	1.38305	1.45539	1.49279	1.50557	1.50058	1.45381	1.35675	1.22469	1.07722	0.938314	0.817286	0.690976	
0	0.249984	0.481275	0.703074	0.914324	1.09119	1.23601	1.36099	1.45939	1.52987	1.55864	1.54657	1.51372	1.44036	1.31707	1.17385	1.02707	0.903624	0.808617	0.716004	
0	0.24878	0.477459	0.696463	0.904846	1.0798	1.22618	1.34991	1.44076	1.4963	1.5007	1.46603	1.41189	1.32333	1.20237	1.07212	0.95081	0.859877	0.802435	0.743716	
0	0.218728	0.424166	0.622755	0.815094	0.978502	1.11192	1.22117	1.29504	1.33251	1.32116	1.26972	1.20862	1.12877	1.02774	0.9298	0.844996	0.793927	0.772448	0.747667	
0	0.182018	0.348121	0.51029	0.669036	0.800306	0.904011	0.981281	1.02604	1.04224	1.01557	0.964195	0.918319	0.866346	0.804363	0.749304	0.709009	0.696318	0.710287	0.71383	
0	0.1362	0.260045	0.376072	0.484748	0.564923	0.618329	0.653855	0.666027	0.6608	0.631407	0.593021	0.573584	0.558143	0.539163	0.527391	0.524687	0.547591	0.589523	0.616624	
0	0.0822889	0.147132	0.204693	0.256777	0.283709	0.29024	0.28439	0.26989	0.257414	0.233396	0.211281	0.217619	0.234727	0.246758	0.265639	0.293328	0.339587	0.403451	0.449759	
0	0.0104295	0.00839601	0.00269678	-0.00309492	-0.0259226	-0.0563185	-0.0812223	-0.103997	-0.118379	-0.13393	-0.137144	-0.109186	-0.072883	-0.0383666	-0.00137244	0.039384	0.0994426	0.17324	0.226644	
0	-0.0627752	-0.136057	-0.203419	-0.257979	-0.315487	-0.369255	-0.409062	-0.433199	-0.436673	-0.43702	-0.42848	-0.38915	-0.340325	-0.302101	-0.259907	-0.21297	-0.150545	-0.0737713	-0.0164568	
0	-0.120011	-0.246757	-0.359917	-0.45195	-0.538547	-0.607507	-0.649564	-0.673976	-0.679531	-0.680003	-0.66408	-0.61986	-0.571782	-0.529289	-0.488311	-0.443611	-0.382175	-0.308195	-0.256721	
0	-0.146873	-0.299662	-0.435365	-0.544737	-0.644793	-0.728856	-0.78447	-0.81627	-0.82614	-0.830193	-0.824557	-0.789541	-0.748916	-0.720896	-0.687586	-0.649072	-0.593744	-0.525564	-0.477978	
0	-0.141885	-0.291692	-0.424689	-0.535582	-0.641248	-0.728531	-0.789762	-0.835557	-0.865692	-0.890625	-0.898279	-0.880671	-0.859246	-0.84409	-0.827566	-0.800958	-0.757174	-0.699943	-0.665842	
0	-0.11565	-0.24225	-0.355728	-0.450034	-0.546633	-0.636806	-0.703137	-0.755994	-0.79956	-0.840333	-0.870686	-0.874459	-0.876024	-0.886722	-0.888691	-0.880092	-0.850955	-0.810065	-0.789662	
0	-0.0828649	-0.177614	-0.261361	-0.334209	-0.414454	-0.490634	-0.552639	-0.609649	-0.663881	-0.717762	-0.758255	-0.780148	-0.800777	-0.830172	-0.853109	-0.85999	-0.849486	-0.825957	-0.825722	
0	-0.0499902	-0.11513	-0.172171	-0.219896	-0.280634	-0.343803	-0.391379	-0.439779	-0.494427	-0.549321	-0.594568	-0.62434	-0.658327	-0.700393	-0.735983	-0.755612	-0.756256	-0.750457	-0.765673	
0	-0.0284925	-0.0687738	-0.100818	-0.128556	-0.169286	-0.214929	-0.250563	-0.286066	-0.331874	-0.380703	-0.41916	-0.448636	-0.484934	-0.53211	-0.570744	-0.592998	-0.600997	-0.60354	-0.631621	
0	-0.0116058	-0.0352834	-0.0525726	-0.0668556	-0.0923291	-0.120734	-0.139223	-0.164172	-0.202714	-0.237874	-0.263046	-0.286774	-0.318572	-0.359505	-0.397112	-0.41446	-0.421063	-0.430897	-0.462705	
0	-0.00471532	-0.0166178	-0.0215767	-0.0269582	-0.0420432	-0.0608783	-0.0687566	-0.0773426	-0.104623	-0.131664	-0.144055	-0.158505	-0.186383	-0.218305	-0.24375	-0.252827	-0.25262	-0.260698	-0.294689	
0	-0.000716986	-0.00503795	-0.00482601	-0.00720929	-0.0126201	-0.0202818	-0.0234287	-0.0291348	-0.047992	-0.0586765	-0.059112	-0.0673295	-0.0857274	-0.110075	-0.127891	-0.125156	-0.119967	-0.12871	-0.157453	
0	-0.000624984	0.00145112	0.0063575	0.00222852	-0.000916061	-0.00022929	0.00417888	0.00564017	-0.0109635	-0.0189323	-0.00819569	-0.0126158	-0.0287719	-0.038246	-0.0450005	-0.0330938	-0.0198851	-0.0285772	-0.0563517	
0	-0.000221465	0.00454137	0.0102481	0.00790739	0.00967051	0.0112957	0.0123984	0.0157901	0.00992579	0.0116036	0.0235878	0.0233415	0.008762	0.00234694	0.00566926	0.0232718	0.038854	0.02966	0.00741669	
0	-0.00355342	0.00698855	0.0144864	0.00623558	0.0106283	0.0227468	0.023711	0.0223957	0.0160847	0.022854	0.0396379	0.0368298	0.0282347	0.0308446	0.0406949	0.0629321	0.0778163	0.0642615	0.0442337	
0	-0.000441544	0.00963257	0.0144821	0.00786496	0.0115026	0.0226967	0.0251887	0.0255047	0.0266076	0.0348985	0.0478951	0.045343	0.0338601	0.0433398	0.0600855	0.0827672	0.096054	0.0805018	0.0646294	
0	-0.00403322	0.00829804	0.0144283	0.00971776	0.016909	0.0273259	0.0236905	0.0221024	0.0289905	0.0427571	0.0507213	0.0480921	0.0429221	0.0528538	0.07736	0.0953888	0.102972	0.0847475	0.0742983	
0	0.00273347	0.0109239	0.0110434	0.00807092	0.0152807	0.0303349	0.0290273	0.0215661	0.0321758	0.0482206	0.050584	0.0449644	0.0476695	0.0616592	0.0877901	0.10527	0.102716	0.0859827	0.0825421	
0	0.00133599	0.00947559	0.0103347	0.0139879	0.0189239	0.023848	0.0269642	0.0262982	0.0374416	0.052254	0.0493367	0.0431466	0.0513072	0.070392	0.0964648	0.107898	0.10066	0.0849795	0.0934792	
