0	0	0	0	0	0	0	0	0	0	0	0	0	0	0	0	0	0	0	
-0.000141153	-0.00186829	-0.00301756	-0.00218487	-0.0034986	-0.0084707	-0.0128368	-0.0172493	-0.0260805	-0.033694	-0.040343	-0.0431884	-0.0421387	-0.0295251	-0.0122815	0.0148042	0.0434813	0.0660431	0.0783571	
-0.000307154	0.00101559	-0.00133975	-0.00555237	-0.00928208	-0.01534	-0.0221204	-0.0350857	-0.050641	-0.0644437	-0.0780756	-0.0873232	-0.0824299	-0.0569179	-0.022816	0.0293775	0.0866589	0.132699	0.156586	
-8.15565e-05	-0.00341539	-0.00825813	-0.0073805	-0.01159	-0.0239938	-0.0367903	-0.0521385	-0.0772734	-0.0996847	-0.118752	-0.129024	-0.124246	-0.0889419	-0.0362372	0.0423411	0.127409	0.194493	0.233316	
-0.00162274	-0.00185325	-0.00409823	-0.00935854	-0.0181917	-0.0312675	-0.0463763	-0.0698587	-0.0995887	-0.12833	-0.156346	-0.172009	-0.162638	-0.115808	-0.0475737	0.054901	0.166048	0.257012	0.308856	
-0.00035101	-0.00219814	-0.0103557	-0.0134649	-0.0217321	-0.0373053	-0.0579028	-0.0866475	-0.125571	-0.162189	-0.192843	-0.211516	-0.201557	-0.148474	-0.0601673	0.0647428	0.201627	0.313051	0.381763	
-0.00305124	-0.0063785	-0.00927768	-0.013553	-0.0267558	-0.0462742	-0.0714118	-0.104869	-0.145982	-0.190433	-0.231232	-0.252702	-0.23842	-0.177205	-0.0738587	0.0721136	0.232514	0.366248	0.451315	
-0.00221026	-0.00297631	-0.00926426	-0.018618	-0.0320117	-0.0505984	-0.0787866	-0.119534	-0.169128	-0.220522	-0.26345	-0.287696	-0.273586	-0.207103	-0.0864142	0.0788393	0.260208	0.415959	0.517068	
-0.00427885	-0.00780565	-0.0133944	-0.0210876	-0.0355676	-0.0590465	-0.0938736	-0.137836	-0.190012	-0.248663	-0.298752	-0.32579	-0.309316	-0.237597	-0.101867	0.0795267	0.281279	0.457734	0.575994	
-0.00445899	-0.00740771	-0.0106674	-0.0230293	-0.0399662	-0.0649419	-0.101688	-0.151577	-0.208522	-0.274172	-0.3293	-0.357891	-0.340579	-0.263875	-0.116192	0.0802286	0.299904	0.49722	0.631169	
-0.00614393	-0.00712657	-0.0126846	-0.0292953	-0.0440632	-0.0716483	-0.112867	-0.165609	-0.230025	-0.301181	-0.358557	-0.388178	-0.374081	-0.292283	-0.133329	0.077095	0.310758	0.528832	0.675834	
-0.00572662	-0.0106881	-0.016585	-0.0295	-0.0469314	-0.0787909	-0.12415	-0.181535	-0.247475	-0.321906	-0.386695	-0.420662	-0.40339	-0.316232	-0.1502	0.0689669	0.318938	0.553437	0.715883	
-0.00695166	-0.00782254	-0.0137176	-0.0330437	-0.0513509	-0.0852835	-0.130932	-0.190908	-0.264217	-0.346284	-0.411246	-0.444165	-0.429214	-0.340747	-0.168073	0.0618066	0.323301	0.572565	0.747786	
-0.0072905	-0.011773	-0.0201359	-0.0357533	-0.0555068	-0.0922695	-0.141863	-0.206273	-0.284064	-0.364111	-0.434201	-0.472196	-0.458155	-0.362789	-0.187532	0.0491441	0.319704	0.58195	0.770023	
-0.0053406	-0.00906395	-0.0215199	-0.0357097	-0.0601335	-0.0969743	-0.149041	-0.216913	-0.296475	-0.382628	-0.456274	-0.495906	-0.476282	-0.383744	-0.205449	0.0350347	0.317625	0.585127	0.789471	
-0.0084892	-0.0142283	-0.0218466	-0.0363979	-0.0645021	-0.104289	-0.156997	-0.228047	-0.311817	-0.400542	-0.474153	-0.514921	-0.498254	-0.405018	-0.224522	0.0217281	0.306823	0.580564	0.798304	
-0.00590541	-0.0117759	-0.0258297	-0.0416519	-0.0717681	-0.107922	-0.164871	-0.240092	-0.326478	-0.414306	-0.49317	-0.536751	-0.517037	-0.422467	-0.243148	0.00386851	0.292489	0.570045	0.801476	
-0.00832831	-0.0175478	-0.0260295	-0.0407309	-0.0730557	-0.112154	-0.173783	-0.250269	-0.336452	-0.428882	-0.509837	-0.551142	-0.531317	-0.440354	-0.261521	-0.0108285	0.275432	0.556223	0.797158	
-0.0099185	-0.0174983	-0.0269867	-0.0465414	-0.0794808	-0.120637	-0.181922	-0.258693	-0.34865	-0.44414	-0.523971	-0.566343	-0.548257	-0.457633	-0.277548	-0.0298816	0.252732	0.535476	0.784846	
-0.012969	-0.0219072	-0.0296238	-0.0546346	-0.0848998	-0.125768	-0.189659	-0.271456	-0.363576	-0.456986	-0.539741	-0.581989	-0.564576	-0.471912	-0.296629	-0.0499081	0.226694	0.513742	0.763241	
-0.0163106	-0.025325	-0.0370096	-0.0587086	-0.0860191	-0.13462	-0.202808	-0.281167	-0.373865	-0.471208	-0.554133	-0.594213	-0.578409	-0.48811	-0.313563	-0.0707371	0.200382	0.48593	0.73487	
-0.025325	-0.0330773	-0.0447183	-0.067384	-0.101922	-0.152556	-0.21394	-0.295894	-0.392418	-0.490464	-0.570234	-0.615625	-0.597346	-0.506996	-0.332678	-0.100503	0.169279	0.450158	0.697692	
-0.0370096	-0.0447183	-0.0638229	-0.0835653	-0.11872	-0.16457	-0.231077	-0.317113	-0.416281	-0.511817	-0.593328	-0.636021	-0.617932	-0.529415	-0.359988	-0.131801	0.136348	0.406478	0.652504	
-0.0587086	-0.067384	-0.0835653	-0.102838	-0.139594	-0.191328	-0.2612	-0.347541	-0.442534	-0.537806	-0.621932	-0.666275	-0.648778	-0.557222	-0.392229	-0.167595	0.0917316	0.354824	0.596878	
-0.0860191	-0.101922	-0.11872	-0.139594	-0.182477	-0.233323	-0.299021	-0.384126	-0.485009	-0.583738	-0.667742	-0.707925	-0.688933	-0.598798	-0.441029	-0.218036	0.0347372	0.289716	0.526378	
-0.13462	-0.152556	-0.16457	-0.191328	-0.233323	-0.27863	-0.351254	-0.443899	-0.542482	-0.638183	-0.721012	-0.762321	-0.743564	-0.657185	-0.499462	-0.277905	-0.0343228	0.210223	0.443923	
-0.202808	-0.21394	-0.231077	-0.2612	-0.299021	-0.351254	-0.429075	-0.515617	-0.612584	-0.712346	-0.794931	-0.836944	-0.818416	-0.731916	-0.572782	-0.358394	-0.125165	0.114195	0.344678	
-0.281167	-0.295894	-0.317113	-0.347541	-0.384126	-0.443899	-0.515617	-0.602222	-0.702233	-0.804719	-0.886698	-0.927914	-0.906319	-0.821085	-0.666668	-0.458259	-0.229548	0.00670027	0.224737	
-0.373865	-0.392418	-0.416281	-0.442534	-0.485009	-0.542482	-0.612584	-0.702233	-0.809148	-0.907386	-0.986143	-1.02543	-1.01032	-0.927067	-0.771683	-0.566198	-0.343525	-0.116463	0.0909787	
-0.471208	-0.490464	-0.511817	-0.537806	-0.583738	-0.638183	-0.712346	-0.804719	-0.907386	-1.00017	-1.08418	-1.12902	-1.11351	-1.02403	-0.873069	-0.676802	-0.458792	-0.238265	-0.0409068	
-0.554133	-0.570234	-0.593328	-0.621932	-0.667742	-0.721012	-0.794931	-0.886698	-0.986143	-1.08418	-1.17106	-1.21419	-1.19306	-1.10958	-0.967506	-0.773566	-0.55538	-0.347422	-0.161154	
-0.594213	-0.615625	-0.636021	-0.666275	-0.707925	-0.762321	-0.836944	-0.927914	-1.02543	-1.12902	-1.21419	-1.25347	-1.23711	-1.1622	-1.02109	-0.824309	-0.617408	-0.422317	-0.242794	
-0.578409	-0.597346	-0.617932	-0.648778	-0.688933	-0.743564	-0.818416	-0.906319	-1.01032	-1.11351	-1.19306	-1.23711	-1.22994	-1.15464	-1.01124	-0.823649	-0.629491	-0.438703	-0.26349	
-0.48811	-0.506996	-0.529415	-0.557222	-0.598798	-0.657185	-0.731916	-0.821085	-0.927067	-1.02403	-1.10958	-1.1622	-1.15464	-1.07764	-0.943787	-0.765274	-0.574728	-0.386291	-0.223925	
-0.313563	-0.332678	-0.359988	-0.392229	-0.441029	-0.499462	-0.572782	-0.666668	-0.771683	-0.873069	-0.967506	-1.02109	-1.01124	-0.943787	-0.815895	-0.641093	-0.452677	-0.272194	-0.12051	
-0.0707371	-0.100503	-0.131801	-0.167595	-0.218036	-0.277905	-0.358394	-0.458259	-0.566198	-0.676802	-0.773566	-0.824309	-0.823649	-0.765274	-0.641093	-0.469577	-0.285573	-0.110256	0.0329854	
0.200382	0.169279	0.136348	0.0917316	0.0347372	-0.0343228	-0.125165	-0.229548	-0.343525	-0.458792	-0.55538	-0.617408	-0.629491	-0.574728	-0.452677	-0.285573	-0.104519	0.0643399	0.20286	
0.48593	0.450158	0.406478	0.354824	0.289716	0.210223	0.114195	0.00670027	-0.116463	-0.238265	-0.347422	-0.422317	-0.438703	-0.386291	-0.272194	-0.110256	0.0643399	0.229217	0.372741	
0.73487	0.697692	0.652504	0.596878	0.526378	0.443923	0.344678	0.224737	0.0909787	-0.0409068	-0.161154	-0.242794	-0.26349	-0.223925	-0.12051	0.0329854	0.20286	0.372741	0.518376	
0.918931	0.888179	0.847126	0.796872	0.727729	0.643153	0.535081	0.407449	0.268548	0.129287	0.0015014	-0.0869186	-0.123822	-0.101595	-0.00777712	0.139769	0.309892	0.478497	0.614402	
1.02542	1.00967	0.984156	0.939509	0.874098	0.791525	0.685513	0.559806	0.421868	0.277213	0.140904	0.036352	-0.0171239	-0.00394099	0.0834431	0.22303	0.384328	0.542611	0.671616	
1.04137	1.04446	1.03123	1.0026	0.954675	0.887437	0.793781	0.678444	0.540747	0.391152	0.248125	0.136807	0.0773834	0.0814027	0.154851	0.278622	0.428182	0.579129	0.712967	
0.946224	0.968323	0.981224	0.977962	0.953155	0.906067	0.830699	0.725519	0.597322	0.457718	0.321087	0.20925	0.143277	0.134929	0.193612	0.305651	0.447236	0.598026	0.728277	
0.763658	0.807165	0.839911	0.857982	0.856278	0.832787	0.779577	0.699	0.594869	0.472626	0.346578	0.240056	0.172753	0.156989	0.209889	0.315696	0.454144	0.597938	0.717197	
0.523034	0.575229	0.622803	0.659349	0.679056	0.680538	0.6561	0.603735	0.526483	0.427761	0.321005	0.227173	0.166415	0.156473	0.211887	0.315919	0.448313	0.584711	0.69712	
0.262473	0.319201	0.373911	0.419931	0.457273	0.479944	0.479771	0.454923	0.405513	0.331033	0.248271	0.176706	0.135326	0.138329	0.20098	0.306317	0.4397	0.576371	0.690538	
0.0300902	0.0833253	0.137058	0.189563	0.235431	0.270062	0.285563	0.278941	0.249977	0.201755	0.147204	0.100845	0.079848	0.101152	0.177878	0.294018	0.43783	0.584944	0.707892	
-0.146522	-0.0986668	-0.0466157	0.000820907	0.0458964	0.0806211	0.10142	0.104795	0.0929726	0.0627323	0.0282071	0.00299973	0.00383649	0.0446143	0.138514	0.272983	0.438164	0.60681	0.744589	
-0.258339	-0.218411	-0.178702	-0.139323	-0.101996	-0.0713933	-0.0523229	-0.0461115	-0.053852	-0.0745893	-0.0966599	-0.109307	-0.0971337	-0.0413498	0.0726608	0.231621	0.424733	0.61787	0.777881	
-0.323551	-0.299038	-0.269923	-0.242694	-0.213565	-0.191681	-0.176735	-0.173687	-0.181458	-0.204584	-0.228793	-0.241541	-0.223665	-0.155499	-0.0262084	0.151981	0.366072	0.583752	0.771432	
