0	0.116629	0.241389	0.363859	0.458279	0.504858	0.491375	0.419372	0.298974	0.15657	0.00870321	-0.13742	-0.290337	-0.432329	-0.535649	-0.572327	-0.539733	-0.442584	-0.292801	-0.1265	
0	0.117658	0.243387	0.371409	0.475028	0.536825	0.537333	0.474518	0.353931	0.198942	0.0350619	-0.128143	-0.289194	-0.436966	-0.54522	-0.590046	-0.571268	-0.481333	-0.333952	-0.161166	
0	0.134366	0.271984	0.40884	0.522108	0.596658	0.605069	0.544719	0.415068	0.246887	0.0636076	-0.11496	-0.284	-0.433573	-0.539551	-0.588622	-0.57529	-0.494554	-0.350689	-0.173802	
0	0.160212	0.316731	0.463343	0.586655	0.667272	0.679962	0.612605	0.475087	0.294067	0.0985489	-0.0925214	-0.266631	-0.413679	-0.514642	-0.560157	-0.546531	-0.472367	-0.333361	-0.15482	
0	0.191384	0.370678	0.533201	0.663453	0.749054	0.757043	0.682378	0.535609	0.347421	0.144237	-0.0568429	-0.233235	-0.378453	-0.469876	-0.505449	-0.481828	-0.405518	-0.269738	-0.0852812	
0	0.219443	0.425082	0.603965	0.745027	0.828619	0.833188	0.750417	0.600704	0.409883	0.203226	-0.00341851	-0.182319	-0.324163	-0.405017	-0.425375	-0.384497	-0.300921	-0.16544	0.0210524	
0	0.236794	0.462955	0.658421	0.807496	0.887814	0.888682	0.803832	0.655976	0.46768	0.260588	0.0543145	-0.125421	-0.259071	-0.328352	-0.328404	-0.268902	-0.174811	-0.0405863	0.138414	
0	0.237283	0.470069	0.676679	0.825993	0.902917	0.899073	0.817916	0.674429	0.491088	0.289208	0.0896014	-0.0801828	-0.19784	-0.246415	-0.22184	-0.14147	-0.0339506	0.0992638	0.261403	
0	0.221941	0.448034	0.654151	0.799313	0.87174	0.865948	0.791487	0.652817	0.478255	0.286387	0.10442	-0.0446278	-0.136424	-0.158115	-0.110589	-0.0137645	0.104765	0.232274	0.372337	
0	0.196081	0.402966	0.59508	0.731932	0.798572	0.795089	0.72537	0.594949	0.432563	0.261813	0.109361	-0.00673678	-0.0645418	-0.0587936	0.0035012	0.107054	0.224522	0.341702	0.449333	
0	0.16425	0.338471	0.502928	0.621178	0.680607	0.675955	0.608357	0.487823	0.344933	0.210377	0.099451	0.0306508	0.011574	0.044121	0.114406	0.212839	0.322269	0.418437	0.492125	
0	0.128699	0.259689	0.380678	0.469169	0.513484	0.50097	0.431337	0.322401	0.211015	0.12409	0.0683262	0.053098	0.0751333	0.130602	0.200403	0.287519	0.37522	0.445365	0.478411	
0	0.0908104	0.172606	0.235993	0.285183	0.300215	0.273644	0.194634	0.103098	0.0301678	0.00069095	0.00594255	0.0460074	0.109238	0.18248	0.25111	0.320152	0.380351	0.415656	0.408529	
0	0.0496545	0.0761894	0.0769932	0.073482	0.0506588	-0.00241954	-0.0890856	-0.163392	-0.189176	-0.16116	-0.0907222	0.0026542	0.108706	0.199875	0.26949	0.319213	0.346791	0.341115	0.296099	
0	0.00501523	-0.0254541	-0.0828495	-0.146318	-0.210666	-0.297696	-0.388987	-0.444745	-0.425522	-0.341657	-0.213008	-0.0650143	0.0811089	0.194747	0.265857	0.295619	0.287502	0.239801	0.159595	
0	-0.046274	-0.1291	-0.240153	-0.35688	-0.46833	-0.585637	-0.682753	-0.718589	-0.662877	-0.529896	-0.348499	-0.146157	0.0429744	0.184442	0.260464	0.273758	0.234369	0.152189	0.0449214	
0	-0.101589	-0.229711	-0.383347	-0.541254	-0.696997	-0.838057	-0.941136	-0.959348	-0.87807	-0.705479	-0.476446	-0.222638	0.0129628	0.184434	0.270672	0.274844	0.216131	0.114977	-0.00940366	
0	-0.15452	-0.318316	-0.500181	-0.685266	-0.874447	-1.03406	-1.13932	-1.14816	-1.04769	-0.848743	-0.576635	-0.278699	0.0021148	0.204471	0.307042	0.314311	0.255394	0.149657	0.0218967	
0	-0.195113	-0.38489	-0.578215	-0.780607	-0.987099	-1.16103	-1.26561	-1.27021	-1.15949	-0.942467	-0.640533	-0.306756	0.0104021	0.244981	0.371925	0.399369	0.357204	0.263653	0.137011	
0	-0.216919	-0.421125	-0.616745	-0.827907	-1.04007	-1.22178	-1.32526	-1.32654	-1.21414	-0.985043	-0.671171	-0.310423	0.0310224	0.300451	0.461661	0.522333	0.511407	0.435587	0.31623	
0	-0.217097	-0.421793	-0.619886	-0.830865	-1.04445	-1.22551	-1.32841	-1.32985	-1.21834	-0.993479	-0.676666	-0.309199	0.052706	0.352886	0.555495	0.658204	0.680763	0.629167	0.522939	
0	-0.197239	-0.392943	-0.593728	-0.802455	-1.01324	-1.18959	-1.29354	-1.29901	-1.19568	-0.98576	-0.678418	-0.315031	0.060403	0.387607	0.631818	0.777232	0.834218	0.812219	0.728928	
0	-0.164084	-0.344155	-0.545572	-0.75046	-0.954739	-1.12422	-1.23235	-1.24631	-1.16021	-0.970683	-0.683067	-0.328811	0.0489858	0.394222	0.669074	0.849994	0.940379	0.95184	0.900463	
0	-0.125669	-0.287851	-0.479133	-0.681235	-0.870588	-1.03833	-1.1506	-1.1814	-1.1184	-0.952215	-0.690098	-0.349873	0.0164899	0.364557	0.654147	0.860878	0.983676	1.0327	1.01691	
0	-0.0957451	-0.237321	-0.414429	-0.606368	-0.783576	-0.950597	-1.06973	-1.12254	-1.08171	-0.942477	-0.703439	-0.387335	-0.0433713	0.291154	0.580751	0.805572	0.959269	1.04494	1.06757	
0	-0.078938	-0.198498	-0.357418	-0.530978	-0.702832	-0.866313	-0.996232	-1.0664	-1.04931	-0.937048	-0.724462	-0.443979	-0.131632	0.17611	0.458119	0.695177	0.876245	0.99905	1.05751	
0	-0.0721303	-0.17131	-0.304825	-0.458785	-0.624335	-0.78288	-0.916222	-0.99531	-1.00185	-0.916578	-0.743526	-0.505684	-0.238598	0.0374568	0.303227	0.543872	0.744394	0.897685	0.989089	
0	-0.0724276	-0.155003	-0.263013	-0.399195	-0.556239	-0.704755	-0.828148	-0.907749	-0.933324	-0.882341	-0.757115	-0.57133	-0.353828	-0.112437	0.131938	0.368112	0.57753	0.752601	0.874694	
0	-0.0775753	-0.152952	-0.241653	-0.367626	-0.511053	-0.644376	-0.744982	-0.818356	-0.859619	-0.847112	-0.774648	-0.642581	-0.472609	-0.264277	-0.0396597	0.188251	0.401541	0.589669	0.739366	
0	-0.0821745	-0.153075	-0.23337	-0.345468	-0.471975	-0.577149	-0.65082	-0.712697	-0.767508	-0.796247	-0.77676	-0.702742	-0.579846	-0.408608	-0.205833	0.0106233	0.218703	0.411275	0.580049	
0	-0.0852366	-0.157508	-0.234647	-0.332343	-0.43315	-0.505834	-0.552546	-0.602737	-0.666705	-0.730297	-0.758768	-0.741	-0.663723	-0.531896	-0.350625	-0.149426	0.0458991	0.231904	0.410994	
0	-0.0892674	-0.168555	-0.244984	-0.327956	-0.397323	-0.440741	-0.465819	-0.506703	-0.573796	-0.658602	-0.727609	-0.756779	-0.725137	-0.629292	-0.473188	-0.291998	-0.115514	0.0554229	0.243295	
0	-0.0936164	-0.177586	-0.255309	-0.316923	-0.360112	-0.375884	-0.391648	-0.422994	-0.489239	-0.582927	-0.68089	-0.749725	-0.758313	-0.699243	-0.575228	-0.421825	-0.268972	-0.10918	0.087985	
0	-0.0951377	-0.181781	-0.255187	-0.299277	-0.318595	-0.318579	-0.32776	-0.354249	-0.413608	-0.507323	-0.620731	-0.716327	-0.758902	-0.73625	-0.653815	-0.535885	-0.404474	-0.247764	-0.0404145	
0	-0.0913201	-0.175669	-0.241037	-0.273011	-0.275892	-0.268582	-0.272885	-0.296191	-0.347278	-0.434369	-0.550703	-0.659901	-0.730873	-0.746995	-0.713652	-0.63573	-0.520659	-0.360964	-0.148768	
0	-0.0828193	-0.16091	-0.219593	-0.246006	-0.24361	-0.233568	-0.235798	-0.254742	-0.298289	-0.373087	-0.479984	-0.592889	-0.684162	-0.740449	-0.752593	-0.712833	-0.609277	-0.447778	-0.240969	
0	-0.0676913	-0.134656	-0.186661	-0.212231	-0.210488	-0.203361	-0.203641	-0.22151	-0.255872	-0.318405	-0.410232	-0.522789	-0.631443	-0.720061	-0.769068	-0.756585	-0.664787	-0.507513	-0.312621	
0	-0.0500222	-0.104399	-0.149885	-0.176106	-0.178454	-0.176677	-0.178577	-0.193352	-0.218605	-0.265836	-0.345306	-0.456093	-0.577881	-0.687132	-0.758565	-0.767435	-0.692418	-0.552646	-0.37606	
0	-0.0347017	-0.0776485	-0.1162	-0.141839	-0.148712	-0.154381	-0.160601	-0.171565	-0.185735	-0.219531	-0.290069	-0.400962	-0.526544	-0.643314	-0.723566	-0.748977	-0.696604	-0.582575	-0.429754	
0	-0.0236263	-0.0544714	-0.0856956	-0.105063	-0.116632	-0.128581	-0.141579	-0.150097	-0.155493	-0.182059	-0.248923	-0.358761	-0.480769	-0.591473	-0.67327	-0.706168	-0.675219	-0.585067	-0.457661	
0	-0.0188347	-0.0417138	-0.0634886	-0.0767249	-0.0890711	-0.105429	-0.123099	-0.129592	-0.133088	-0.154714	-0.221132	-0.321961	-0.435467	-0.534623	-0.613078	-0.649857	-0.632408	-0.567679	-0.468409	
0	-0.0174865	-0.0339429	-0.0450811	-0.0519855	-0.061271	-0.0778219	-0.0947456	-0.103534	-0.1107	-0.135312	-0.196425	-0.286049	-0.387044	-0.477209	-0.549614	-0.582661	-0.573964	-0.528765	-0.462136	
0	-0.018725	-0.029149	-0.0331402	-0.0328476	-0.0400472	-0.0503769	-0.064343	-0.0761951	-0.0937485	-0.124151	-0.1776	-0.252025	-0.341332	-0.422907	-0.485464	-0.508272	-0.502096	-0.472896	-0.433632	
0	-0.0209299	-0.0293079	-0.0273247	-0.0249884	-0.0281716	-0.0328842	-0.0400404	-0.0542277	-0.0825684	-0.117883	-0.163756	-0.220731	-0.297903	-0.369316	-0.416888	-0.429366	-0.422068	-0.407942	-0.387598	
0	-0.0209322	-0.0270472	-0.0201646	-0.0160609	-0.0156936	-0.0159538	-0.0154403	-0.0296033	-0.0625995	-0.105208	-0.14424	-0.190726	-0.252054	-0.313108	-0.345812	-0.349917	-0.345981	-0.339298	-0.334631	
0	-0.0199192	-0.0232974	-0.0150281	-0.00784658	-0.00783704	-0.00490727	-0.000607761	-0.00894634	-0.0414147	-0.0867299	-0.124731	-0.161551	-0.206433	-0.252766	-0.273252	-0.274709	-0.271641	-0.272304	-0.273393	
0	-0.0178755	-0.0211085	-0.012315	-0.00586051	-0.00599373	-0.00515454	0.00139975	-0.000592433	-0.0259035	-0.0687962	-0.105275	-0.132862	-0.159471	-0.18918	-0.199996	-0.201012	-0.197679	-0.201551	-0.205768	
0	-0.0132291	-0.0156036	-0.00758105	-0.00228111	-0.00243787	-0.00364897	0.00279023	0.0048874	-0.0103872	-0.0458986	-0.0755669	-0.0963491	-0.107684	-0.125064	-0.131007	-0.132195	-0.131404	-0.133565	-0.14153	
0	-0.00690519	-0.00718412	-0.00296041	0.00144772	0.000367219	4.10701e-05	0.00304428	0.0064211	-0.00131823	-0.0207309	-0.039267	-0.0495469	-0.0541114	-0.0612398	-0.0643209	-0.0663068	-0.0645145	-0.0679527	-0.0708407	
0	0	0	0	0	0	0	0	0	0	0	0	0	0	0	0	0	0	0	0	
