-0.950038	-0.932596	-0.90151	-0.864102	-0.826111	-0.788318	-0.757829	-0.732601	-0.715214	-0.705739	-0.703889	-0.710898	-0.72469	-0.74768	-0.775889	-0.810916	-0.848641	-0.886173	-0.92105	
-0.911817	-0.940125	-0.949507	-0.944294	-0.931866	-0.914568	-0.896545	-0.881084	-0.869507	-0.862492	-0.862101	-0.866081	-0.876552	-0.890393	-0.907321	-0.925107	-0.939682	-0.948631	-0.946886	
-0.772356	-0.838861	-0.885969	-0.916179	-0.933348	-0.942344	-0.944597	-0.944099	-0.942469	-0.940937	-0.940833	-0.941392	-0.943277	-0.943899	-0.943206	-0.937332	-0.924121	-0.900307	-0.860327	
-0.54406	-0.643928	-0.722343	-0.782721	-0.826985	-0.859029	-0.881193	-0.895632	-0.904355	-0.908733	-0.909125	-0.906317	-0.899154	-0.88721	-0.868598	-0.84096	-0.802207	-0.748682	-0.677294	
-0.231589	-0.355493	-0.459621	-0.545311	-0.613918	-0.667084	-0.707238	-0.735859	-0.754533	-0.764456	-0.76601	-0.759652	-0.744561	-0.720308	-0.684995	-0.637278	-0.575016	-0.496052	-0.399326	
0.121786	-0.00721597	-0.121575	-0.220236	-0.303309	-0.370934	-0.423988	-0.463372	-0.489877	-0.504163	-0.506644	-0.497286	-0.475903	-0.441852	-0.394331	-0.332571	-0.255609	-0.163094	-0.0550528	
0.474791	0.352128	0.240278	0.140995	0.0551803	-0.0166915	-0.0744074	-0.11812	-0.148006	-0.164237	-0.16699	-0.156197	-0.131852	-0.0936717	-0.0415588	0.0246733	0.104958	0.198879	0.305808	
0.809253	0.70144	0.599822	0.507074	0.425133	0.355218	0.298164	0.254439	0.224286	0.207829	0.205107	0.216124	0.24085	0.2792	0.330963	0.395793	0.473008	0.561578	0.659925	
1.08359	1.00436	0.92517	0.849443	0.780013	0.719052	0.668165	0.628503	0.600828	0.585608	0.583086	0.593285	0.616057	0.651012	0.697525	0.754615	0.820874	0.894385	0.972576	
1.25597	1.21187	1.16361	1.11422	1.06645	1.02272	0.985009	0.954887	0.933497	0.921602	0.919609	0.927582	0.945254	0.972003	1.00685	1.04839	1.09481	1.14388	1.19295	
1.32686	1.31388	1.29458	1.27143	1.24672	1.22252	1.20063	1.18253	1.16937	1.16195	1.16069	1.16568	1.17662	1.19286	1.2134	1.23688	1.26163	1.28567	1.3068	
1.30655	1.32214	1.3288	1.32893	1.3247	1.31802	1.3105	1.3035	1.29803	1.29483	1.29428	1.29645	1.30108	1.30758	1.31503	1.32224	1.32767	1.32953	1.32577	
1.18531	1.22979	1.2629	1.28661	1.30288	1.31349	1.32001	1.32373	1.32567	1.32651	1.32664	1.32612	1.32469	1.32179	1.31653	1.30774	1.29395	1.27346	1.24436	
0.965907	1.0324	1.08779	1.13281	1.16849	1.19601	1.21654	1.23112	1.24059	1.24557	1.24639	1.24311	1.2355	1.22307	1.20504	1.18046	1.14819	1.10706	1.05593	
0.694021	0.766323	0.830805	0.886774	0.934026	0.972703	1.00315	1.0258	1.04108	1.0493	1.05066	1.04521	1.0328	1.01315	0.98588	0.950549	0.906761	0.854277	0.793145	
0.436661	0.498423	0.556491	0.609418	0.656136	0.695921	0.728328	0.753117	0.770184	0.779496	0.78105	0.774845	0.760883	0.739178	0.709799	0.672925	0.628908	0.578352	0.522182	
0.240884	0.284055	0.326489	0.366762	0.40362	0.436014	0.463113	0.484291	0.499104	0.507268	0.508633	0.503178	0.490997	0.47232	0.447522	0.417154	0.381963	0.342911	0.301173	
0.11714	0.142534	0.168484	0.193994	0.218078	0.239824	0.25843	0.273234	0.283727	0.289558	0.290535	0.286628	0.277964	0.264828	0.247668	0.227085	0.203827	0.178769	0.152871	
0.0505649	0.0633987	0.0769799	0.0907563	0.104128	0.116493	0.127285	0.136008	0.142263	0.145763	0.146352	0.144	0.138816	0.131035	0.121013	0.109209	0.0961664	0.0824768	0.0687464	
0.0195143	0.0251771	0.0313644	0.0378229	0.0442516	0.050326	0.0557237	0.0601492	0.0633554	0.0651618	0.0654657	0.0642499	0.0615835	0.057617	0.0525729	0.0467297	0.0404021	0.0339168	0.0275873	
0.00677923	0.00898874	0.0114756	0.0141411	0.0168568	0.0194745	0.0218393	0.0238036	0.0252404	0.0260547	0.0261919	0.0256428	0.0244442	0.0226759	0.0204533	0.0179175	0.0152221	0.0125196	0.00994772	
0.0021333	0.00290356	0.00379494	0.00477438	0.0057942	0.00679568	0.00771448	0.00848704	0.00905718	0.00938209	0.00943691	0.00921741	0.00874045	0.00804214	0.00717401	0.00619746	0.00517733	0.0041753	0.00324401	
0.000611546	0.00085352	0.001141	0.00146438	0.00180808	0.00215158	0.00247134	0.00274331	0.00294571	0.00306165	0.00308124	0.00300278	0.002833	0.00258623	0.00228259	0.00194556	0.00159922	0.00126556	0.000962309	
0.000160516	0.00022951	0.000313554	0.000410229	0.000515008	0.000621492	0.000721998	0.00080842	0.00087325	0.000910573	0.000916886	0.00089159	0.000837071	0.00075837	0.000662476	0.000557383	0.000451059	0.000350503	0.000261033	
3.87526e-05	5.67173e-05	7.91313e-05	0.000105471	0.000134558	0.000164596	0.000193326	0.000218289	0.000237159	0.000248075	0.000249923	0.000242514	0.000226607	0.000203794	0.000176258	0.000146445	0.000116731	8.91221e-05	6.50523e-05	
8.64088e-06	1.29352e-05	1.84179e-05	2.49948e-05	3.23898e-05	4.01453e-05	4.76583e-05	5.42526e-05	5.9274e-05	6.2192e-05	6.26867e-05	6.07032e-05	5.64604e-05	5.04142e-05	4.31816e-05	3.54426e-05	2.78395e-05	2.08943e-05	1.49571e-05	
1.78605e-06	2.73283e-06	3.96876e-06	5.48109e-06	7.21146e-06	9.05345e-06	1.086e-05	1.24613e-05	1.36893e-05	1.4406e-05	1.45277e-05	1.40398e-05	1.29999e-05	1.1527e-05	9.78046e-06	7.93275e-06	6.14263e-06	4.53414e-06	3.18491e-06	
3.43365e-07	5.36671e-07	7.94497e-07	1.11611e-06	1.49038e-06	1.8946e-06	2.29584e-06	2.65485e-06	2.9321e-06	3.09463e-06	3.12226e-06	3.01148e-06	2.77618e-06	2.4449e-06	2.0554e-06	1.64786e-06	1.25834e-06	9.13895e-07	6.3023e-07	
6.15834e-08	9.82654e-08	1.48222e-07	2.11717e-07	2.86831e-07	3.69109e-07	4.51743e-07	5.26367e-07	5.84386e-07	6.18542e-07	6.24354e-07	6.01044e-07	5.51699e-07	4.82629e-07	4.02093e-07	3.18729e-07	2.40094e-07	1.71634e-07	1.16253e-07	
1.03328e-08	1.68233e-08	2.5844e-08	3.752e-08	5.1556e-08	6.71442e-08	8.29796e-08	9.74102e-08	1.08704e-07	1.15381e-07	1.16518e-07	1.11956e-07	1.02331e-07	8.89342e-08	7.34402e-08	5.75701e-08	4.27921e-08	3.01202e-08	2.00465e-08	
1.62597e-09	2.69995e-09	4.22241e-09	6.22838e-09	8.67792e-09	1.14353e-08	1.42679e-08	1.68722e-08	1.89237e-08	2.01414e-08	2.03491e-08	1.95161e-08	1.77641e-08	1.53393e-08	1.25572e-08	9.73669e-09	7.14326e-09	4.95224e-09	3.23985e-09	
2.40525e-10	4.07153e-10	6.47967e-10	9.70827e-10	1.37118e-09	1.82783e-09	2.30214e-09	2.74203e-09	3.09077e-09	3.29859e-09	3.33409e-09	3.19174e-09	2.89334e-09	2.48259e-09	2.01498e-09	1.54571e-09	1.11952e-09	7.64673e-10	4.91921e-10	
3.35186e-11	5.78175e-11	9.36037e-11	1.42406e-10	2.0384e-10	2.74828e-10	3.49361e-10	4.19082e-10	4.74703e-10	5.07981e-10	5.13671e-10	4.90853e-10	4.43166e-10	3.77882e-10	3.04128e-10	2.30847e-10	1.65098e-10	1.11132e-10	7.03225e-11	
4.40911e-12	7.74696e-12	1.27544e-11	1.96982e-11	2.85693e-11	3.89515e-11	4.9969e-11	6.03624e-11	6.87056e-11	7.37166e-11	7.45746e-11	7.11348e-11	6.3968e-11	5.42088e-11	4.3267e-11	3.25014e-11	2.29573e-11	1.52327e-11	9.48416e-12	
5.48465e-13	9.8125e-13	1.64238e-12	2.5743e-12	3.7823e-12	5.21393e-12	6.74917e-12	8.20957e-12	9.38908e-12	1.01003e-11	1.02222e-11	9.73347e-12	8.71835e-12	7.3433e-12	5.81312e-12	4.32209e-12	3.01572e-12	1.97291e-12	1.20898e-12	
6.46281e-14	1.17694e-13	2.00211e-13	3.18413e-13	4.73837e-13	6.60327e-13	8.62391e-13	1.0562e-12	1.21367e-12	1.30898e-12	1.32534e-12	1.25978e-12	1.124e-12	9.41025e-13	7.38914e-13	5.43843e-13	3.74908e-13	2.41876e-13	1.45918e-13	
7.22532e-15	1.33892e-14	2.31426e-14	3.73366e-14	5.6265e-14	7.92553e-14	1.04421e-13	1.28756e-13	1.48648e-13	1.60733e-13	1.6281e-13	1.54488e-13	1.37305e-13	1.14269e-13	8.90088e-14	6.48578e-14	4.41809e-14	2.81153e-14	1.6702e-14	
7.6754e-16	1.44689e-15	2.54041e-15	4.15677e-15	6.34238e-15	9.02915e-15	1.2e-14	1.48959e-14	1.72772e-14	1.87293e-14	1.89792e-14	1.79783e-14	1.59175e-14	1.31689e-14	1.01766e-14	7.34227e-15	4.94298e-15	3.10327e-15	1.81574e-15	
7.75814e-17	1.48731e-16	2.65204e-16	4.40026e-16	6.7967e-16	9.77789e-16	1.31073e-15	1.63787e-15	1.90846e-15	2.07409e-15	2.10263e-15	1.98835e-15	1.75376e-15	1.44244e-15	1.10595e-15	7.90144e-16	5.2579e-16	3.25717e-16	1.8775e-16	
7.47125e-18	1.45624e-17	2.63646e-17	4.4349e-17	6.93368e-17	1.00789e-16	1.36264e-16	1.71396e-16	2.00626e-16	2.18582e-16	2.2168e-16	2.09279e-16	1.83893e-16	1.50373e-16	1.14398e-16	8.09429e-17	5.32461e-17	3.25527e-17	1.84893e-17	
6.86345e-19	1.35976e-18	2.49902e-18	4.2611e-18	6.74219e-18	9.90163e-18	1.35001e-17	1.70919e-17	2.00974e-17	2.19506e-17	2.22708e-17	2.09896e-17	1.83747e-17	1.49389e-17	1.12776e-17	7.90317e-18	5.14006e-18	3.10175e-18	1.73628e-18	
6.02153e-20	1.21229e-19	2.26121e-19	3.90758e-19	6.25648e-19	9.28212e-19	1.27618e-18	1.62619e-18	1.92076e-18	2.10304e-18	2.13458e-18	2.00844e-18	1.75171e-18	1.41604e-18	1.06082e-18	7.36369e-19	4.73555e-19	2.82106e-19	1.55664e-19	
5.05083e-21	1.03309e-20	1.95532e-20	3.42398e-20	5.54678e-20	8.31243e-20	1.15237e-19	1.47788e-19	1.75339e-19	1.9245e-19	1.95414e-19	1.83563e-19	1.59509e-19	1.28213e-19	9.53227e-20	6.55468e-20	4.16853e-20	2.45184e-20	1.33384e-20	
4.05469e-22	8.42393e-22	1.61755e-21	2.8698e-21	4.70324e-21	7.11893e-21	9.95063e-21	1.28429e-20	1.53048e-20	1.68393e-20	1.71055e-20	1.60418e-20	1.38887e-20	1.11009e-20	8.1911e-21	5.58e-21	3.50968e-21	2.03846e-21	1.09352e-21	
3.1183e-23	6.57907e-23	1.28143e-22	2.30306e-22	3.81801e-22	5.83644e-22	8.22484e-22	1.06829e-21	1.27869e-21	1.4103e-21	1.43317e-21	1.34185e-21	1.15752e-21	9.20005e-22	6.73786e-22	4.54761e-22	2.82919e-22	1.62285e-22	8.58589e-23	
2.29957e-24	4.92602e-24	9.73054e-24	1.77136e-23	2.97014e-23	4.58505e-23	6.51391e-23	8.51398e-23	1.02356e-22	1.13163e-22	1.15043e-22	1.07537e-22	9.24298e-23	7.30557e-23	5.31072e-23	3.55153e-23	2.18566e-23	1.23832e-23	6.46232e-24	
1.62753e-25	3.53912e-25	7.08889e-25	1.30692e-24	2.21621e-24	3.45463e-24	4.94757e-24	6.50721e-24	7.85713e-24	8.70751e-24	8.85565e-24	8.26456e-24	7.07796e-24	5.56346e-24	4.01452e-24	2.66027e-24	1.61964e-24	9.06477e-25	4.66687e-25	
1.10642e-26	2.44188e-26	4.95886e-26	9.25758e-26	1.58748e-25	2.49855e-25	3.607e-25	4.77359e-25	5.78886e-25	6.43068e-25	6.54265e-25	6.09615e-25	5.20221e-25	4.06662e-25	2.91294e-25	1.91286e-25	1.15224e-25	6.37112e-26	3.23638e-26	
7.20333e-28	1.61306e-27	3.32025e-27	6.27531e-27	1.08797e-26	1.72869e-26	2.51531e-26	3.34924e-26	4.07895e-26	4.54184e-26	4.62271e-26	4.30041e-26	3.65686e-26	2.84313e-26	2.02186e-26	1.31589e-26	7.84365e-27	4.28566e-27	2.14853e-27	
0	0	0	0	0	0	0	0	0	0	0	0	0	0	0	0	0	0	0	
