-0.649237	-0.737717	-0.793738	-0.822086	-0.837341	-0.833087	-0.807668	-0.757867	-0.701163	-0.650855	-0.605609	-0.577085	-0.5468	-0.511316	-0.480403	-0.456058	-0.435706	-0.400467	-0.348038	-0.284058	
-0.663796	-0.703171	-0.710749	-0.689842	-0.653862	-0.612725	-0.562068	-0.496106	-0.440285	-0.389735	-0.345497	-0.330899	-0.329031	-0.328652	-0.333244	-0.348923	-0.355279	-0.340864	-0.309236	-0.253947	
-0.692584	-0.680035	-0.628808	-0.54822	-0.45575	-0.375811	-0.302229	-0.22376	-0.158677	-0.0991122	-0.0539086	-0.0531301	-0.0883442	-0.129789	-0.173984	-0.22085	-0.248266	-0.264428	-0.259794	-0.22887	
-0.718469	-0.645377	-0.531154	-0.392486	-0.25103	-0.1373	-0.0423515	0.0487228	0.125723	0.185832	0.222841	0.20906	0.149342	0.0724795	-0.0107406	-0.0808678	-0.12835	-0.170745	-0.195344	-0.197197	
-0.717671	-0.581966	-0.411561	-0.228092	-0.0552449	0.0909263	0.207462	0.306682	0.383197	0.434782	0.458173	0.430111	0.356912	0.258852	0.156179	0.066709	-0.00632638	-0.0719725	-0.118592	-0.147979	
-0.668871	-0.48399	-0.271365	-0.0570852	0.140355	0.308524	0.433177	0.529074	0.59429	0.630752	0.632488	0.592414	0.514002	0.408328	0.302929	0.208756	0.119599	0.0313508	-0.035535	-0.0871324	
-0.577779	-0.360815	-0.115914	0.12171	0.330537	0.498387	0.620969	0.709661	0.757905	0.768638	0.743392	0.694489	0.619362	0.52204	0.419311	0.323533	0.232938	0.137278	0.0520852	-0.026054	
-0.449491	-0.214386	0.0419319	0.282515	0.489006	0.649675	0.767047	0.839681	0.862591	0.848681	0.810878	0.751687	0.674864	0.5944	0.506189	0.414767	0.321806	0.225014	0.131536	0.0369916	
-0.289869	-0.0647983	0.172013	0.402376	0.602588	0.751074	0.851065	0.906464	0.910221	0.880515	0.835387	0.769333	0.695674	0.628769	0.557561	0.47543	0.389309	0.293739	0.19146	0.0940483	
-0.110821	0.0817721	0.283261	0.486466	0.661103	0.78212	0.860996	0.907954	0.901528	0.855361	0.796068	0.735103	0.681306	0.634482	0.572459	0.497842	0.430322	0.347961	0.252731	0.157342	
0.0817721	0.23355	0.391958	0.543533	0.670862	0.761289	0.818578	0.843288	0.820658	0.766849	0.70464	0.653077	0.617025	0.590525	0.549775	0.496824	0.444598	0.383486	0.314541	0.232524	
0.283261	0.391958	0.49653	0.587531	0.672198	0.732826	0.749291	0.72619	0.685773	0.636089	0.579709	0.53732	0.50744	0.49104	0.484033	0.477379	0.448302	0.399788	0.35469	0.301142	
0.486466	0.543533	0.587531	0.633237	0.680061	0.69446	0.658787	0.597065	0.54312	0.487748	0.431712	0.399552	0.386651	0.383181	0.400004	0.433596	0.439884	0.411138	0.372109	0.340197	
0.661103	0.670862	0.672198	0.680061	0.670881	0.628421	0.562071	0.48314	0.408206	0.342954	0.291999	0.270621	0.274471	0.295505	0.332769	0.375826	0.408872	0.41563	0.389728	0.363777	
0.78212	0.761289	0.732826	0.69446	0.628421	0.549513	0.468674	0.374171	0.287625	0.231694	0.202716	0.188871	0.191067	0.223967	0.275709	0.324463	0.363518	0.392069	0.393769	0.378101	
0.860996	0.818578	0.749291	0.658787	0.562071	0.468674	0.369372	0.267242	0.196216	0.164404	0.153021	0.149542	0.152198	0.172199	0.219317	0.277242	0.317779	0.345665	0.366021	0.379893	
0.907954	0.843288	0.72619	0.597065	0.48314	0.374171	0.267242	0.181861	0.142537	0.127655	0.123518	0.135794	0.150087	0.157325	0.178281	0.223491	0.264386	0.291202	0.317644	0.355682	
0.901528	0.820658	0.685773	0.54312	0.408206	0.287625	0.196216	0.142537	0.124993	0.120535	0.125261	0.143942	0.163858	0.162497	0.154671	0.163329	0.190621	0.230125	0.263364	0.301763	
0.855361	0.766849	0.636089	0.487748	0.342954	0.231694	0.164404	0.127655	0.120535	0.132139	0.149541	0.16987	0.182571	0.172787	0.150227	0.128858	0.130601	0.165172	0.202489	0.231773	
0.796068	0.70464	0.579709	0.431712	0.291999	0.202716	0.153021	0.123518	0.125261	0.149541	0.178441	0.198852	0.204061	0.185829	0.155163	0.120774	0.0973648	0.111244	0.14338	0.163522	
0.735103	0.653077	0.53732	0.399552	0.270621	0.188871	0.149542	0.135794	0.143942	0.16987	0.198852	0.217704	0.219874	0.196119	0.156065	0.107948	0.0765123	0.0827398	0.103694	0.115662	
0.681306	0.617025	0.50744	0.386651	0.274471	0.191067	0.152198	0.150087	0.163858	0.182571	0.204061	0.219874	0.221534	0.198272	0.150951	0.0988768	0.0752614	0.0790506	0.0865374	0.0945341	
0.634482	0.590525	0.49104	0.383181	0.295505	0.223967	0.172199	0.157325	0.162497	0.172787	0.185829	0.196119	0.198272	0.179017	0.146364	0.119777	0.108016	0.0967961	0.0903923	0.101816	
0.572459	0.549775	0.484033	0.400004	0.332769	0.275709	0.219317	0.178281	0.154671	0.150227	0.155163	0.156065	0.150951	0.146364	0.146089	0.148763	0.144882	0.124648	0.112308	0.114492	
0.497842	0.496824	0.477379	0.433596	0.375826	0.324463	0.277242	0.223491	0.163329	0.128858	0.120774	0.107948	0.0988768	0.119777	0.148763	0.161426	0.162779	0.156441	0.146192	0.126151	
0.430322	0.444598	0.448302	0.439884	0.408872	0.363518	0.317779	0.264386	0.190621	0.130601	0.0973648	0.0765123	0.0752614	0.108016	0.144882	0.162779	0.177239	0.179801	0.161903	0.136597	
0.347961	0.383486	0.399788	0.411138	0.41563	0.392069	0.345665	0.291202	0.230125	0.165172	0.111244	0.0827398	0.0790506	0.0967961	0.124648	0.156441	0.179801	0.177031	0.16251	0.159377	
0.252731	0.314541	0.35469	0.372109	0.389728	0.393769	0.366021	0.317644	0.263364	0.202489	0.14338	0.103694	0.0865374	0.0903923	0.112308	0.146192	0.161903	0.16251	0.177426	0.202313	
0.157342	0.232524	0.301142	0.340197	0.363777	0.378101	0.379893	0.355682	0.301763	0.231773	0.163522	0.115662	0.0945341	0.101816	0.114492	0.126151	0.136597	0.159377	0.202313	0.240279	
0.0545512	0.141075	0.231021	0.308289	0.356966	0.381285	0.395758	0.390344	0.343362	0.263502	0.185048	0.131597	0.110755	0.114936	0.116857	0.116981	0.134112	0.169122	0.216888	0.267798	
-0.0604176	0.0458388	0.160069	0.26725	0.345662	0.389767	0.40943	0.404359	0.365781	0.296557	0.224466	0.166881	0.136082	0.125671	0.127121	0.136096	0.156524	0.192166	0.238788	0.304731	
-0.17941	-0.0476196	0.100493	0.226826	0.314107	0.371126	0.405071	0.402136	0.372989	0.320933	0.26108	0.206812	0.168767	0.148996	0.151199	0.166847	0.188101	0.234806	0.296262	0.367786	
-0.273889	-0.133485	0.0306531	0.172567	0.269295	0.336022	0.377021	0.384944	0.374154	0.341208	0.290603	0.248334	0.215	0.186223	0.18057	0.200656	0.232717	0.286792	0.357854	0.431475	
-0.343808	-0.210251	-0.0504291	0.0980949	0.210335	0.293264	0.339927	0.360232	0.37015	0.363736	0.332161	0.301421	0.270878	0.230459	0.21947	0.241391	0.278808	0.333788	0.406129	0.484467	
-0.401948	-0.279288	-0.132316	0.0125742	0.132065	0.227722	0.289113	0.327853	0.361431	0.384344	0.384582	0.367565	0.336841	0.292419	0.276012	0.292515	0.329027	0.385062	0.456603	0.532902	
-0.44216	-0.347257	-0.220012	-0.0786364	0.0482951	0.145093	0.216255	0.278316	0.34198	0.39705	0.431851	0.43452	0.407816	0.370027	0.346343	0.35852	0.402456	0.456956	0.514621	0.568327	
-0.46813	-0.40283	-0.30134	-0.173626	-0.0421328	0.0599808	0.143009	0.225779	0.308278	0.392793	0.459026	0.484153	0.470536	0.452128	0.441626	0.450608	0.491145	0.533363	0.568758	0.596344	
-0.48371	-0.446149	-0.37457	-0.266307	-0.137409	-0.0228443	0.0805704	0.184702	0.277412	0.373376	0.458516	0.508212	0.528269	0.546047	0.557819	0.561659	0.582698	0.600417	0.603588	0.600499	
-0.486265	-0.48103	-0.436527	-0.345243	-0.225127	-0.102537	0.0161384	0.137394	0.247502	0.350001	0.447959	0.520979	0.581795	0.638176	0.667299	0.675093	0.673891	0.661541	0.625245	0.574028	
-0.471508	-0.492572	-0.475151	-0.409632	-0.30802	-0.188719	-0.0628167	0.0683067	0.203565	0.33296	0.452626	0.549887	0.632822	0.708392	0.754603	0.772407	0.755871	0.710349	0.636941	0.539837	
-0.434344	-0.475632	-0.486343	-0.455194	-0.383015	-0.280442	-0.151276	-0.00706592	0.15634	0.316746	0.457995	0.581138	0.681325	0.764739	0.817569	0.836423	0.811676	0.741329	0.636364	0.503196	
-0.379955	-0.435329	-0.476177	-0.486853	-0.446015	-0.352039	-0.218873	-0.0610106	0.116511	0.289373	0.443157	0.586515	0.71327	0.806903	0.862168	0.872445	0.826528	0.734489	0.609645	0.461546	
-0.321672	-0.391405	-0.457935	-0.499303	-0.482471	-0.393822	-0.258804	-0.0966123	0.0764292	0.248552	0.410679	0.570689	0.719341	0.823386	0.88237	0.879085	0.81115	0.698605	0.559258	0.407524	
-0.276542	-0.354644	-0.42939	-0.478431	-0.47804	-0.410282	-0.287989	-0.134386	0.0339186	0.205295	0.378273	0.549523	0.70236	0.806499	0.857369	0.844839	0.773204	0.655551	0.50511	0.342155	
-0.235977	-0.308609	-0.382293	-0.435832	-0.445391	-0.396473	-0.29577	-0.158316	0.00107793	0.172544	0.352404	0.521602	0.661354	0.748636	0.78351	0.764925	0.693526	0.581482	0.438265	0.283903	
-0.177574	-0.245296	-0.31611	-0.374402	-0.396025	-0.362855	-0.277657	-0.156626	-0.0213583	0.1341	0.301868	0.460974	0.585635	0.658771	0.6791	0.646958	0.577037	0.48056	0.365483	0.238494	
-0.120012	-0.174244	-0.239716	-0.296097	-0.324595	-0.305631	-0.235563	-0.138992	-0.0316084	0.090432	0.230089	0.367801	0.473433	0.536765	0.543396	0.505544	0.442822	0.367875	0.288742	0.194641	
-0.0801115	-0.11307	-0.161643	-0.205169	-0.227123	-0.216567	-0.169664	-0.104502	-0.0269235	0.0619035	0.164793	0.264458	0.33601	0.37664	0.374243	0.344638	0.297801	0.245184	0.196523	0.136826	
-0.0418592	-0.061346	-0.0809434	-0.101447	-0.114738	-0.113589	-0.0915327	-0.0562815	-0.0166165	0.0352408	0.0906117	0.143653	0.177741	0.194362	0.191219	0.17223	0.150222	0.125439	0.100664	0.0664503	
0	0	0	0	0	0	0	0	0	0	0	0	0	0	0	0	0	0	0	0	
