0	0	0	0	0	0	0	0	0	0	0	0	0	0	0	0	0	0	0	0	
-0.147545	-0.129761	-0.109705	-0.0869543	-0.0569314	-0.0220208	0.0155991	0.0527326	0.0891545	0.120459	0.139341	0.144971	0.136302	0.118927	0.0994373	0.0806855	0.0622018	0.0447653	0.0288128	0.0168265	
-0.287733	-0.256329	-0.221079	-0.173725	-0.112987	-0.0420679	0.0329529	0.106852	0.174429	0.234636	0.272507	0.283789	0.269907	0.240182	0.203062	0.163355	0.124836	0.0880209	0.053933	0.0285783	
-0.414003	-0.377365	-0.324576	-0.255416	-0.162376	-0.0563443	0.0529622	0.155392	0.252281	0.335541	0.387912	0.408114	0.392494	0.353799	0.306251	0.254922	0.198128	0.140375	0.0871842	0.0506291	
-0.513023	-0.473504	-0.412432	-0.320768	-0.200514	-0.0645723	0.0714493	0.197477	0.309314	0.408464	0.474086	0.500343	0.488094	0.451267	0.401554	0.34302	0.280772	0.215808	0.153749	0.109556	
-0.567136	-0.534921	-0.469436	-0.371079	-0.236694	-0.0855082	0.065544	0.201611	0.328135	0.439658	0.514836	0.551778	0.545685	0.513983	0.473894	0.429677	0.376411	0.317715	0.259188	0.217362	
-0.555788	-0.539488	-0.491264	-0.403875	-0.276955	-0.127241	0.0250966	0.168143	0.301974	0.426338	0.517487	0.566732	0.573504	0.556706	0.533169	0.505506	0.476136	0.438756	0.394887	0.358892	
-0.47863	-0.493532	-0.477814	-0.422593	-0.321077	-0.188585	-0.0418532	0.102136	0.247987	0.388725	0.497913	0.567091	0.591504	0.593438	0.592921	0.593395	0.586067	0.567456	0.536701	0.506896	
-0.364989	-0.420437	-0.44769	-0.43307	-0.363994	-0.250822	-0.114417	0.0306177	0.185346	0.341882	0.473297	0.565358	0.614012	0.639599	0.661759	0.680813	0.694457	0.689674	0.665411	0.636809	
-0.251951	-0.351263	-0.424953	-0.449421	-0.410326	-0.317634	-0.189167	-0.044208	0.11741	0.286709	0.437453	0.551798	0.622922	0.671011	0.713333	0.749951	0.771414	0.771943	0.75303	0.728763	
-0.169646	-0.310031	-0.419507	-0.476768	-0.464062	-0.388059	-0.27226	-0.133265	0.0306369	0.2093	0.376254	0.51032	0.600937	0.662849	0.713969	0.75586	0.785707	0.793388	0.781749	0.767685	
-0.126373	-0.292949	-0.431584	-0.513465	-0.521891	-0.464787	-0.361386	-0.227512	-0.065507	0.114974	0.290565	0.432469	0.529647	0.596729	0.651462	0.696724	0.728881	0.744345	0.748519	0.751748	
-0.141488	-0.322497	-0.472113	-0.565261	-0.585901	-0.538235	-0.444087	-0.317782	-0.161703	0.0145473	0.184865	0.322205	0.414644	0.475391	0.524898	0.572852	0.616175	0.647668	0.669209	0.689774	
-0.216989	-0.401233	-0.554516	-0.648629	-0.6669	-0.615522	-0.517911	-0.388834	-0.239105	-0.080262	0.0693408	0.181904	0.25355	0.299997	0.345193	0.396523	0.449633	0.497211	0.540525	0.582057	
-0.348386	-0.535261	-0.685989	-0.769648	-0.772475	-0.705268	-0.595432	-0.462391	-0.323785	-0.186032	-0.0667877	0.0154918	0.0604076	0.0860037	0.115814	0.16511	0.224985	0.28789	0.352996	0.416478	
-0.509325	-0.696829	-0.841213	-0.911642	-0.89775	-0.812805	-0.692205	-0.556559	-0.427277	-0.311204	-0.218129	-0.164222	-0.142654	-0.138881	-0.125981	-0.0903225	-0.0365976	0.0305387	0.108106	0.190874	
-0.691143	-0.873051	-1.00755	-1.0631	-1.03151	-0.93722	-0.813314	-0.678546	-0.559682	-0.456017	-0.37806	-0.336278	-0.3276	-0.337812	-0.343603	-0.323266	-0.284334	-0.227313	-0.148954	-0.0626775	
-0.878887	-1.05339	-1.17514	-1.21579	-1.17498	-1.07386	-0.946597	-0.81082	-0.690848	-0.587904	-0.511677	-0.473716	-0.466569	-0.482838	-0.498811	-0.494853	-0.47364	-0.430978	-0.370558	-0.300193	
-1.04675	-1.21553	-1.33118	-1.36704	-1.31716	-1.20872	-1.0712	-0.918947	-0.784453	-0.669553	-0.588453	-0.545982	-0.537921	-0.556326	-0.580637	-0.5882	-0.585975	-0.57034	-0.533934	-0.488516	
-1.16401	-1.33754	-1.45632	-1.49029	-1.4343	-1.31279	-1.1535	-0.977833	-0.819058	-0.685576	-0.591132	-0.541516	-0.528638	-0.547991	-0.581926	-0.610882	-0.63494	-0.64194	-0.633013	-0.617865	
-1.21801	-1.39928	-1.52367	-1.5586	-1.49454	-1.35721	-1.17643	-0.974913	-0.790589	-0.63533	-0.528331	-0.470243	-0.454033	-0.476914	-0.523117	-0.569822	-0.616139	-0.653282	-0.674737	-0.689219	
-1.20859	-1.40082	-1.52831	-1.55914	-1.48234	-1.32949	-1.13039	-0.912409	-0.711182	-0.54562	-0.431565	-0.369781	-0.353394	-0.377921	-0.429489	-0.491616	-0.558367	-0.616206	-0.6638	-0.713935	
-1.13617	-1.33435	-1.46078	-1.48413	-1.3999	-1.23893	-1.03055	-0.80506	-0.596216	-0.426761	-0.315537	-0.262545	-0.253553	-0.281386	-0.33633	-0.403	-0.477633	-0.554782	-0.63488	-0.722036	
-0.996909	-1.20056	-1.32561	-1.34827	-1.26215	-1.0979	-0.889254	-0.665447	-0.459641	-0.302084	-0.207328	-0.168762	-0.16993	-0.201898	-0.256641	-0.331685	-0.422791	-0.524619	-0.630631	-0.745626	
-0.80888	-1.01389	-1.13916	-1.16202	-1.07947	-0.923126	-0.722768	-0.512734	-0.322909	-0.18368	-0.105219	-0.0840569	-0.100399	-0.14172	-0.21004	-0.304278	-0.418311	-0.542821	-0.673358	-0.810915	
-0.596905	-0.800557	-0.9248	-0.949471	-0.874884	-0.726787	-0.543904	-0.354628	-0.185506	-0.0676902	-0.0101123	-0.0107977	-0.047694	-0.112735	-0.204666	-0.326992	-0.46812	-0.620839	-0.772577	-0.922502	
-0.401804	-0.597971	-0.714908	-0.736149	-0.665341	-0.531078	-0.368257	-0.200843	-0.0530717	0.0462421	0.0840395	0.0587542	-0.0126451	-0.111634	-0.237427	-0.389371	-0.558889	-0.732391	-0.89849	-1.06236	
-0.253707	-0.432264	-0.534857	-0.549138	-0.482693	-0.359808	-0.212865	-0.0598807	0.0744845	0.156144	0.171367	0.109547	-0.0006365	-0.136842	-0.292148	-0.468954	-0.659065	-0.853259	-1.03881	-1.21209	
-0.158485	-0.316804	-0.40566	-0.41147	-0.345681	-0.224991	-0.0829252	0.0650868	0.185061	0.24909	0.233614	0.138815	-0.00558685	-0.172233	-0.352868	-0.547787	-0.75975	-0.974173	-1.16804	-1.34022	
-0.114494	-0.256221	-0.333123	-0.334214	-0.261341	-0.137227	0.00645277	0.150833	0.260167	0.304562	0.269734	0.152466	-0.0167899	-0.20683	-0.406899	-0.619546	-0.847767	-1.06954	-1.2644	-1.42843	
-0.124096	-0.253576	-0.324419	-0.315043	-0.233311	-0.103061	0.0416516	0.180338	0.276457	0.314689	0.272904	0.147381	-0.0299106	-0.234023	-0.450618	-0.672439	-0.905439	-1.12905	-1.31651	-1.46221	
-0.199999	-0.320322	-0.377745	-0.355543	-0.261512	-0.128664	0.00997008	0.139633	0.231901	0.270903	0.233071	0.115484	-0.0616855	-0.270935	-0.487812	-0.705082	-0.932918	-1.14399	-1.31269	-1.43705	
-0.33518	-0.443207	-0.484255	-0.448327	-0.345422	-0.214623	-0.0770778	0.0520363	0.147987	0.195152	0.168428	0.0576438	-0.113188	-0.314892	-0.522873	-0.724259	-0.926772	-1.11081	-1.25722	-1.35874	
-0.521096	-0.608972	-0.633931	-0.58826	-0.482049	-0.348751	-0.205136	-0.0676053	0.0411708	0.100575	0.0846385	-0.0134946	-0.170502	-0.361915	-0.552284	-0.727551	-0.896762	-1.04696	-1.15826	-1.22839	
-0.751092	-0.81676	-0.823238	-0.76761	-0.654315	-0.510801	-0.35603	-0.208847	-0.0893044	-0.0182356	-0.0191209	-0.0971283	-0.237204	-0.409058	-0.578061	-0.7264	-0.857019	-0.9631	-1.03694	-1.07656	
-1.01122	-1.0534	-1.0396	-0.968167	-0.836527	-0.678176	-0.512012	-0.358542	-0.231316	-0.155409	-0.14286	-0.20706	-0.327396	-0.475791	-0.616406	-0.732227	-0.822434	-0.891507	-0.930914	-0.935815	
-1.26031	-1.28669	-1.25459	-1.15807	-1.00964	-0.83285	-0.657036	-0.498522	-0.371852	-0.293534	-0.279523	-0.333944	-0.437021	-0.562084	-0.677675	-0.76538	-0.819124	-0.847676	-0.846428	-0.819671	
-1.47137	-1.48376	-1.42823	-1.31555	-1.15469	-0.970298	-0.794007	-0.636231	-0.510212	-0.437034	-0.420626	-0.464647	-0.55527	-0.662373	-0.758055	-0.819819	-0.838727	-0.824287	-0.783998	-0.727743	
-1.6173	-1.61261	-1.54086	-1.41576	-1.25274	-1.07249	-0.905109	-0.758078	-0.649304	-0.584183	-0.566023	-0.604164	-0.679854	-0.768113	-0.84401	-0.880099	-0.8638	-0.812444	-0.738861	-0.660674	
-1.68437	-1.6674	-1.5837	-1.45278	-1.29334	-1.12385	-0.975582	-0.852011	-0.764346	-0.712531	-0.70475	-0.741139	-0.806354	-0.873565	-0.917542	-0.913955	-0.867391	-0.788778	-0.691248	-0.593657	
-1.6674	-1.64447	-1.55593	-1.42575	-1.2725	-1.11965	-0.993911	-0.891605	-0.826136	-0.794504	-0.801285	-0.842986	-0.896329	-0.934011	-0.941382	-0.905883	-0.834311	-0.728757	-0.606191	-0.484976	
-1.5837	-1.55593	-1.46729	-1.34215	-1.19805	-1.06828	-0.960922	-0.878665	-0.833574	-0.820395	-0.84006	-0.879933	-0.911649	-0.921713	-0.899887	-0.836399	-0.742852	-0.614964	-0.464485	-0.31803	
-1.45278	-1.42575	-1.34215	-1.22057	-1.08716	-0.967877	-0.872182	-0.809375	-0.784996	-0.786259	-0.806959	-0.828823	-0.832365	-0.815055	-0.766415	-0.683141	-0.574143	-0.428637	-0.263015	-0.102465	
-1.29334	-1.2725	-1.19805	-1.08716	-0.956001	-0.841012	-0.75553	-0.706616	-0.687799	-0.683966	-0.685809	-0.682329	-0.661901	-0.620028	-0.544228	-0.436903	-0.312822	-0.168244	-0.00992704	0.147616	
-1.12385	-1.11965	-1.06828	-0.967877	-0.841012	-0.729151	-0.646711	-0.596274	-0.563287	-0.534214	-0.50625	-0.476373	-0.425875	-0.349499	-0.241042	-0.118812	0.00612609	0.13616	0.276936	0.419285	
-0.975582	-0.993911	-0.960922	-0.872182	-0.75553	-0.646711	-0.56515	-0.501063	-0.438135	-0.372339	-0.309145	-0.238258	-0.147911	-0.0355226	0.0921478	0.219909	0.339276	0.448709	0.564121	0.681645	
-0.852011	-0.891605	-0.878665	-0.809375	-0.706616	-0.596274	-0.501063	-0.405853	-0.308906	-0.209998	-0.105473	0.00799508	0.133466	0.271534	0.410692	0.536462	0.642995	0.729297	0.81105	0.88864	
-0.764346	-0.826136	-0.833574	-0.784996	-0.687799	-0.563287	-0.438135	-0.308906	-0.182773	-0.0441424	0.103245	0.2531	0.399888	0.547339	0.682063	0.799539	0.892343	0.950655	0.993618	1.02488	
-0.712531	-0.794504	-0.820395	-0.786259	-0.683966	-0.534214	-0.372339	-0.209998	-0.0441424	0.137388	0.32173	0.491247	0.640739	0.778176	0.897283	0.999425	1.06591	1.09725	1.1033	1.09242	
-0.70475	-0.801285	-0.84006	-0.806959	-0.685809	-0.50625	-0.309145	-0.105473	0.103245	0.32173	0.526877	0.699158	0.838703	0.952571	1.04694	1.12304	1.16416	1.16953	1.14086	1.09076	
