0	0	0	0	0	0	0	0	0	0	0	0	0	0	0	0	0	0	0	
-0.0120751	0.00122009	0.00679943	0.00267338	-0.00632278	-0.0178588	-0.0171489	0.000301335	0.0135353	0.0124182	-0.00809027	-0.0290167	-0.0629805	-0.0829352	-0.0869704	-0.0633784	-0.0294857	0.0086278	0.0608201	
-0.0240545	-0.00217453	0.00369719	-0.00158746	-0.0215965	-0.0393261	-0.0379783	-0.00653711	0.0183024	0.0115017	-0.0228767	-0.0707974	-0.128567	-0.172904	-0.172947	-0.131537	-0.0624915	0.0154981	0.115133	
-0.0241733	-0.0031334	0.00399863	-0.00312759	-0.0301749	-0.0480692	-0.0454707	-0.00472013	0.0236941	0.0110829	-0.0363924	-0.108566	-0.186123	-0.247603	-0.242517	-0.183841	-0.0820978	0.0358383	0.181018	
-0.0186639	-0.00645852	0.000803944	-0.0121418	-0.0363458	-0.0541659	-0.0450584	-0.00640845	0.0189618	-0.00035851	-0.0607706	-0.150415	-0.24494	-0.310246	-0.302635	-0.223302	-0.0950777	0.0661388	0.251332	
-0.0185107	-0.0172458	-0.0148195	-0.0301746	-0.0455333	-0.0592128	-0.0426403	-0.0165772	3.22516e-05	-0.0277712	-0.0986229	-0.200288	-0.303558	-0.363534	-0.351645	-0.253344	-0.101095	0.102035	0.321355	
-0.0138285	-0.0238381	-0.0297251	-0.0394554	-0.0490305	-0.0485464	-0.0368104	-0.0251549	-0.0280946	-0.0621526	-0.142493	-0.24903	-0.348917	-0.398671	-0.374638	-0.264184	-0.0819941	0.152883	0.407031	
-0.0119183	-0.0342404	-0.0428921	-0.0475661	-0.0454562	-0.0346489	-0.0319539	-0.0418656	-0.0650587	-0.107643	-0.192414	-0.295545	-0.381757	-0.414283	-0.377327	-0.252624	-0.0453952	0.218288	0.496546	
-0.0256835	-0.0516585	-0.0608312	-0.0585314	-0.0411904	-0.0296378	-0.0372856	-0.0743334	-0.113688	-0.167656	-0.249988	-0.340194	-0.405136	-0.41509	-0.3654	-0.223996	0.00262184	0.288479	0.580187	
-0.0371544	-0.0589471	-0.0697346	-0.0568109	-0.0348747	-0.0278463	-0.055598	-0.114101	-0.171254	-0.234102	-0.306563	-0.375834	-0.409597	-0.398702	-0.327271	-0.172529	0.0742865	0.37127	0.669084	
-0.0452185	-0.0621518	-0.0663642	-0.0486501	-0.0283823	-0.0357115	-0.0832533	-0.157569	-0.230636	-0.296703	-0.352512	-0.390856	-0.393099	-0.35674	-0.264278	-0.0922642	0.163635	0.464475	0.757341	
-0.0605401	-0.0648935	-0.0646913	-0.0453119	-0.038537	-0.0636124	-0.126972	-0.210831	-0.295177	-0.356464	-0.388171	-0.390456	-0.36185	-0.298747	-0.182833	0.00181828	0.260369	0.550214	0.835141	
-0.0627287	-0.0586075	-0.0576182	-0.0488592	-0.0648821	-0.109317	-0.182245	-0.272672	-0.358774	-0.40873	-0.407162	-0.375843	-0.313458	-0.223855	-0.0814205	0.111525	0.363704	0.638185	0.908665	
-0.0565741	-0.0487929	-0.0510143	-0.0645322	-0.10452	-0.163842	-0.240878	-0.330529	-0.409632	-0.436243	-0.402435	-0.336001	-0.244075	-0.122853	0.0393045	0.236399	0.470955	0.725282	0.977619	
-0.051338	-0.0426734	-0.0574397	-0.0969952	-0.157045	-0.22333	-0.299263	-0.379114	-0.439064	-0.435478	-0.371305	-0.272557	-0.150556	-7.85675e-05	0.175907	0.366683	0.577659	0.807065	1.03595	
-0.0513753	-0.0517059	-0.0878246	-0.152456	-0.224258	-0.291925	-0.360363	-0.420883	-0.449604	-0.416105	-0.323393	-0.195852	-0.0426788	0.130616	0.311824	0.488183	0.67284	0.875422	1.07767	
-0.0596903	-0.0797607	-0.139219	-0.220055	-0.294271	-0.357908	-0.411475	-0.439897	-0.433831	-0.370823	-0.25468	-0.0972745	0.0819545	0.269974	0.445162	0.602512	0.759492	0.932946	1.1027	
-0.0775149	-0.122939	-0.198651	-0.283364	-0.35338	-0.408561	-0.434645	-0.425979	-0.384102	-0.297047	-0.157439	0.0270141	0.224591	0.41582	0.576666	0.713559	0.842435	0.983621	1.11421	
-0.124945	-0.189401	-0.265964	-0.343731	-0.405603	-0.438433	-0.429066	-0.380076	-0.307829	-0.197855	-0.0348291	0.168875	0.374271	0.55455	0.698025	0.810628	0.910498	1.01133	1.09683	
-0.20084	-0.268759	-0.334774	-0.403849	-0.444867	-0.446402	-0.395656	-0.313372	-0.213851	-0.0802121	0.100993	0.31507	0.51154	0.676925	0.796953	0.887794	0.951022	1.00802	1.04452	
-0.277452	-0.338115	-0.396449	-0.446591	-0.459579	-0.421395	-0.33792	-0.227878	-0.102537	0.0520099	0.244476	0.451609	0.633651	0.776486	0.878393	0.939862	0.966927	0.974645	0.968839	
-0.338115	-0.391025	-0.429264	-0.450839	-0.422502	-0.351538	-0.240403	-0.106279	0.0443071	0.213406	0.401555	0.592227	0.75118	0.874904	0.950806	0.981937	0.962572	0.925246	0.881213	
-0.396449	-0.429264	-0.438218	-0.415735	-0.352632	-0.253243	-0.119872	0.0396687	0.209063	0.37943	0.550687	0.716579	0.853489	0.952526	1.00032	0.989336	0.926469	0.845421	0.777065	
-0.446591	-0.450839	-0.415735	-0.356366	-0.26336	-0.142303	0.0157867	0.194426	0.370707	0.526917	0.67378	0.813471	0.926318	0.99708	1.00645	0.95331	0.847078	0.737876	0.656079	
-0.459579	-0.422502	-0.352632	-0.26336	-0.149675	-0.00512207	0.170601	0.356688	0.521473	0.655498	0.77469	0.88945	0.974041	1.00916	0.977377	0.882708	0.748186	0.622803	0.545276	
-0.421395	-0.351538	-0.253243	-0.142303	-0.00512207	0.156887	0.339784	0.514186	0.65854	0.765447	0.859853	0.944858	0.995271	0.988305	0.915414	0.7903	0.639168	0.515696	0.449862	
-0.33792	-0.240403	-0.119872	0.0157867	0.170601	0.339784	0.510379	0.663618	0.781429	0.864504	0.92951	0.980105	0.987938	0.938826	0.83283	0.689522	0.538854	0.425517	0.379886	
-0.227878	-0.106279	0.0396687	0.194426	0.356688	0.514186	0.663618	0.789978	0.884779	0.939809	0.971239	0.978381	0.942956	0.857646	0.731134	0.585538	0.444865	0.350837	0.323771	
-0.102537	0.0443071	0.209063	0.370707	0.521473	0.65854	0.781429	0.884779	0.9525	0.975224	0.963991	0.926708	0.853322	0.744794	0.613512	0.476719	0.355319	0.280344	0.272477	
0.0520099	0.213406	0.37943	0.526917	0.655498	0.765447	0.864504	0.939809	0.975224	0.95597	0.900588	0.824728	0.727088	0.612788	0.490337	0.373863	0.274559	0.221853	0.230676	
0.244476	0.401555	0.550687	0.67378	0.77469	0.859853	0.92951	0.971239	0.963991	0.900588	0.806663	0.705812	0.601771	0.495562	0.393614	0.300151	0.224909	0.191125	0.215457	
0.451609	0.592227	0.716579	0.813471	0.88945	0.944858	0.980105	0.978381	0.926708	0.824728	0.705812	0.598315	0.50158	0.415404	0.335998	0.266604	0.210584	0.192509	0.227841	
0.633651	0.75118	0.853489	0.926318	0.974041	0.995271	0.987938	0.942956	0.853322	0.727088	0.601771	0.50158	0.424017	0.359161	0.302411	0.250613	0.208625	0.200569	0.241586	
0.776486	0.874904	0.952526	0.99708	1.00916	0.988305	0.938826	0.857646	0.744794	0.612788	0.495562	0.415404	0.359161	0.317092	0.277465	0.239418	0.207016	0.204943	0.25085	
0.878393	0.950806	1.00032	1.00645	0.977377	0.915414	0.83283	0.731134	0.613512	0.490337	0.393614	0.335998	0.302411	0.277465	0.250806	0.221522	0.193917	0.197376	0.244571	
0.939862	0.981937	0.989336	0.95331	0.882708	0.7903	0.689522	0.585538	0.476719	0.373863	0.300151	0.266604	0.250613	0.239418	0.221522	0.197169	0.175074	0.181395	0.233716	
0.966927	0.962572	0.926469	0.847078	0.748186	0.639168	0.538854	0.444865	0.355319	0.274559	0.224909	0.210584	0.208625	0.207016	0.193917	0.175074	0.155555	0.169564	0.226153	
0.974645	0.925246	0.845421	0.737876	0.622803	0.515696	0.425517	0.350837	0.280344	0.221853	0.191125	0.192509	0.200569	0.204943	0.197376	0.181395	0.169564	0.190387	0.256685	
0.968839	0.881213	0.777065	0.656079	0.545276	0.449862	0.379886	0.323771	0.272477	0.230676	0.215457	0.227841	0.241586	0.25085	0.244571	0.233716	0.226153	0.256685	0.330926	
0.946114	0.841404	0.73072	0.61645	0.520357	0.446566	0.396101	0.358867	0.320824	0.292763	0.288277	0.307638	0.324962	0.334702	0.330274	0.320415	0.318441	0.356111	0.436534	
0.906143	0.803944	0.703407	0.60736	0.53345	0.481793	0.450496	0.42677	0.399254	0.380412	0.384043	0.40765	0.42529	0.43464	0.428888	0.419776	0.421699	0.464614	0.550872	
0.857884	0.771706	0.69274	0.618618	0.568832	0.536696	0.520664	0.506588	0.485576	0.47395	0.483314	0.509063	0.525432	0.532613	0.524333	0.515487	0.519333	0.568463	0.655724	
0.796064	0.735503	0.679013	0.630375	0.599741	0.586179	0.580026	0.573175	0.556309	0.550387	0.564813	0.590253	0.605122	0.607345	0.597488	0.585583	0.593743	0.64443	0.733889	
0.703075	0.670457	0.638497	0.611008	0.600558	0.599564	0.603334	0.599955	0.587417	0.586772	0.604814	0.629909	0.640101	0.638541	0.623117	0.610351	0.618549	0.67179	0.758064	
0.562244	0.551802	0.539901	0.531621	0.535057	0.546697	0.555259	0.556038	0.546571	0.551373	0.573209	0.595176	0.602184	0.593443	0.575242	0.559021	0.570167	0.624033	0.707319	
0.378371	0.387538	0.387328	0.394568	0.408159	0.42742	0.439857	0.441583	0.436202	0.44587	0.470563	0.489461	0.492011	0.477973	0.457084	0.440108	0.456162	0.511375	0.593379	
0.166829	0.183278	0.193363	0.208556	0.230205	0.253261	0.266892	0.269279	0.267107	0.282437	0.308172	0.324124	0.32147	0.304153	0.280859	0.267503	0.288869	0.349309	0.42987	
-0.0535475	-0.0320362	-0.0196283	0.00348583	0.0270544	0.0522642	0.0644832	0.0660439	0.0685128	0.0872089	0.115072	0.125043	0.120645	0.0984701	0.0784815	0.0687053	0.100956	0.166222	0.247377	
-0.280712	-0.25747	-0.242844	-0.215455	-0.189771	-0.165259	-0.15492	-0.153108	-0.147004	-0.122739	-0.097523	-0.0900779	-0.100281	-0.121893	-0.140986	-0.141829	-0.0999079	-0.0291899	0.0526278	
-0.493396	-0.475793	-0.459067	-0.43227	-0.405953	-0.386011	-0.377227	-0.377061	-0.364691	-0.338779	-0.314708	-0.312997	-0.325368	-0.346677	-0.360896	-0.349893	-0.2973	-0.218161	-0.136954	
