0	0	0	0	0	0	0	0	0	0	0	0	0	0	0	0	0	0	0	0	
-0.110687	-0.0767389	-0.0456899	-0.0146859	0.0111983	0.0301575	0.0421215	0.049868	0.0489654	0.0384733	0.0196326	-0.00377113	-0.0281719	-0.0489174	-0.0656525	-0.0743839	-0.0706853	-0.0626565	-0.0550458	-0.0441652	
-0.218942	-0.155553	-0.0962159	-0.0371665	0.0130091	0.0523353	0.0802343	0.0965093	0.0946241	0.0784429	0.0464126	0.00239441	-0.0455029	-0.0834346	-0.114209	-0.129281	-0.122576	-0.104607	-0.0898158	-0.0669411	
-0.314229	-0.228421	-0.146935	-0.0621899	0.0121831	0.0708445	0.112452	0.142938	0.150116	0.130953	0.0874747	0.0291132	-0.0329564	-0.0855915	-0.127603	-0.147619	-0.133588	-0.107034	-0.0826116	-0.0498559	
-0.381174	-0.284166	-0.187887	-0.0848705	0.00911516	0.0877356	0.150583	0.196232	0.211129	0.199037	0.157175	0.0925412	0.0188651	-0.0391868	-0.0849862	-0.102894	-0.0818876	-0.0425208	-0.00847036	0.0354596	
-0.404838	-0.30356	-0.20061	-0.0855807	0.0235836	0.119136	0.19706	0.261298	0.294977	0.292819	0.254383	0.190292	0.11925	0.0608879	0.0173297	0.00527363	0.0401767	0.0935531	0.140477	0.19448	
-0.374351	-0.281768	-0.181413	-0.0628717	0.055672	0.161776	0.256149	0.335564	0.381735	0.393385	0.367111	0.311837	0.244517	0.19451	0.161706	0.164963	0.217364	0.289749	0.354736	0.421077	
-0.301438	-0.216837	-0.123099	-0.00938877	0.107189	0.21848	0.319087	0.407219	0.465735	0.487792	0.469858	0.420741	0.364505	0.325467	0.30784	0.330274	0.405286	0.503311	0.590868	0.675061	
-0.186142	-0.120068	-0.0408061	0.0624856	0.175301	0.280899	0.379971	0.46766	0.52709	0.550216	0.534594	0.490504	0.438798	0.407829	0.405659	0.45005	0.55152	0.676699	0.795534	0.902286	
-0.0619558	-0.00732872	0.060711	0.149277	0.245934	0.34178	0.432282	0.509451	0.559549	0.574771	0.551811	0.49955	0.444596	0.415441	0.423539	0.486404	0.609801	0.765913	0.917686	1.05399	
0.0716135	0.108745	0.159675	0.231748	0.316665	0.398448	0.473285	0.533168	0.567468	0.563116	0.520637	0.451675	0.383144	0.341976	0.349334	0.421436	0.562282	0.742643	0.928106	1.09584	
0.182767	0.206227	0.24581	0.301925	0.368807	0.434841	0.494461	0.535575	0.547485	0.520284	0.453199	0.359236	0.265414	0.203699	0.200647	0.271954	0.418726	0.616812	0.831488	1.03006	
0.27569	0.286656	0.31137	0.350409	0.40117	0.453866	0.497589	0.51833	0.510267	0.457274	0.362992	0.239696	0.118046	0.0269999	0.0025944	0.0626444	0.204856	0.411309	0.645508	0.870852	
0.345795	0.344502	0.357563	0.381651	0.417899	0.45532	0.482098	0.486298	0.456829	0.381417	0.260147	0.110695	-0.041719	-0.164161	-0.212779	-0.1717	-0.0404868	0.163237	0.409565	0.65515	
0.390539	0.386921	0.396221	0.409886	0.429817	0.454081	0.468771	0.455212	0.407498	0.309274	0.16549	-0.0104228	-0.190498	-0.342249	-0.418544	-0.398295	-0.285661	-0.089154	0.158942	0.417084	
0.412761	0.414072	0.421526	0.430795	0.446398	0.464311	0.465428	0.439923	0.374402	0.257719	0.0907037	-0.10642	-0.311257	-0.49105	-0.592193	-0.594846	-0.498433	-0.314742	-0.0700175	0.196041	
0.392517	0.402689	0.425579	0.444317	0.460104	0.474829	0.474844	0.441723	0.364819	0.232476	0.0484403	-0.169445	-0.397088	-0.599129	-0.723668	-0.745725	-0.666202	-0.493383	-0.253479	0.0175301	
0.334487	0.362945	0.397454	0.426821	0.454094	0.479703	0.484813	0.455047	0.374116	0.232897	0.0353163	-0.196628	-0.441516	-0.664348	-0.810887	-0.851932	-0.785085	-0.622884	-0.38771	-0.111931	
0.255923	0.289378	0.338881	0.387321	0.429137	0.466138	0.483581	0.463096	0.386923	0.248393	0.0476583	-0.194865	-0.453525	-0.691199	-0.855739	-0.914557	-0.861406	-0.70863	-0.478284	-0.196796	
0.179419	0.219863	0.279822	0.337132	0.391174	0.439399	0.473542	0.469111	0.406854	0.275117	0.077529	-0.163157	-0.424852	-0.671299	-0.852894	-0.928391	-0.888651	-0.749726	-0.527255	-0.248814	
0.128284	0.168642	0.229188	0.295851	0.358965	0.418888	0.464717	0.472516	0.423532	0.308448	0.126693	-0.107258	-0.364178	-0.610587	-0.797565	-0.885424	-0.860987	-0.737442	-0.530231	-0.262207	
0.0964707	0.131992	0.196829	0.268591	0.338333	0.400655	0.45607	0.477482	0.445901	0.346952	0.179064	-0.037234	-0.277953	-0.51167	-0.697088	-0.789361	-0.77502	-0.667931	-0.478966	-0.234165	
0.071638	0.107158	0.170631	0.243347	0.316803	0.386879	0.450898	0.479588	0.461049	0.377114	0.23166	0.0340125	-0.185652	-0.403071	-0.574076	-0.661738	-0.653148	-0.558819	-0.389275	-0.172649	
0.0607861	0.0905808	0.147993	0.22342	0.300472	0.373996	0.440816	0.478988	0.472265	0.405495	0.275933	0.0976325	-0.102953	-0.299731	-0.455597	-0.536413	-0.532328	-0.448626	-0.296771	-0.110074	
0.0606789	0.0865203	0.142832	0.213687	0.289919	0.36652	0.437246	0.480768	0.486978	0.432943	0.319199	0.157877	-0.0238079	-0.207567	-0.352874	-0.432111	-0.437173	-0.367956	-0.237391	-0.0789626	
0.0758466	0.106899	0.158028	0.226298	0.303202	0.382498	0.454445	0.504241	0.516163	0.473146	0.375272	0.229591	0.0556425	-0.123221	-0.266181	-0.353977	-0.380793	-0.337937	-0.233835	-0.105964	
0.0902147	0.128354	0.184042	0.25625	0.336772	0.422673	0.49553	0.548281	0.567508	0.536587	0.445563	0.305701	0.136674	-0.0423524	-0.194884	-0.304004	-0.362028	-0.352827	-0.283908	-0.185214	
0.0926652	0.143822	0.211413	0.290211	0.382594	0.478449	0.562174	0.625239	0.649174	0.61896	0.53124	0.395952	0.219532	0.0242413	-0.149292	-0.285075	-0.379774	-0.41191	-0.38066	-0.308219	
0.0898675	0.15182	0.228585	0.318951	0.427029	0.541258	0.642151	0.715569	0.746344	0.722819	0.634668	0.485951	0.289931	0.0711765	-0.131403	-0.30459	-0.43751	-0.509137	-0.509782	-0.45803	
0.092072	0.159265	0.244574	0.344647	0.465937	0.596524	0.71703	0.807534	0.849296	0.82817	0.731021	0.569255	0.350002	0.0988308	-0.146182	-0.356345	-0.524262	-0.629348	-0.657997	-0.618203	
0.107041	0.17817	0.272146	0.379366	0.509565	0.649409	0.785722	0.886051	0.934494	0.911027	0.809001	0.629591	0.384787	0.0990827	-0.181088	-0.425864	-0.624168	-0.758999	-0.809354	-0.778326	
0.139224	0.219068	0.321926	0.436165	0.56726	0.710659	0.851854	0.95046	0.991445	0.958626	0.841146	0.640961	0.375403	0.0686315	-0.237254	-0.506348	-0.723668	-0.878714	-0.946425	-0.92851	
0.184285	0.27186	0.386132	0.512657	0.64742	0.789159	0.920531	1.0047	1.03004	0.972874	0.829298	0.607897	0.328925	0.009384	-0.307796	-0.581778	-0.804913	-0.970137	-1.05446	-1.05311	
0.237762	0.337193	0.466609	0.604171	0.736158	0.869812	0.986631	1.05357	1.04852	0.95808	0.786368	0.54231	0.248471	-0.075903	-0.386496	-0.654321	-0.873068	-1.03666	-1.12787	-1.14023	
0.296752	0.401951	0.538821	0.679373	0.809794	0.933527	1.02849	1.06737	1.03286	0.915364	0.71589	0.452559	0.152197	-0.166822	-0.4677	-0.725237	-0.930115	-1.0817	-1.16666	-1.18535	
0.357466	0.467895	0.606246	0.745042	0.867041	0.96814	1.0309	1.04385	0.984053	0.842457	0.624846	0.35586	0.0540717	-0.259257	-0.548842	-0.792257	-0.986213	-1.12125	-1.1918	-1.20048	
0.438637	0.544817	0.672696	0.796871	0.899925	0.97049	1.00483	0.991347	0.908153	0.75126	0.529097	0.260261	-0.0372327	-0.339816	-0.616026	-0.850536	-1.03407	-1.15102	-1.20226	-1.19512	
0.530486	0.625126	0.732328	0.828729	0.906459	0.94964	0.955773	0.915481	0.818234	0.661151	0.442898	0.181641	-0.106011	-0.396769	-0.660382	-0.8809	-1.04745	-1.1475	-1.1822	-1.16166	
0.622657	0.701065	0.776153	0.839893	0.889658	0.898425	0.87948	0.823286	0.728929	0.577271	0.370568	0.122684	-0.151507	-0.427169	-0.673591	-0.871261	-1.01751	-1.10063	-1.12167	-1.09508	
0.700582	0.759478	0.800763	0.832222	0.84072	0.825917	0.79329	0.729687	0.63404	0.491031	0.3026	0.0703879	-0.182728	-0.438841	-0.660382	-0.831222	-0.951195	-1.0159	-1.03082	-1.00311	
0.759478	0.790611	0.802121	0.8005	0.783613	0.761109	0.718149	0.648451	0.55421	0.4244	0.248138	0.0355416	-0.193872	-0.424263	-0.616755	-0.757275	-0.850329	-0.90824	-0.924222	-0.904434	
0.800763	0.802121	0.789467	0.762073	0.73119	0.703961	0.661893	0.600601	0.515178	0.392635	0.226252	0.0318774	-0.174621	-0.375801	-0.53935	-0.654444	-0.732076	-0.786421	-0.807413	-0.802336	
0.832222	0.8005	0.762073	0.713277	0.674454	0.647944	0.62251	0.57882	0.505092	0.393312	0.245117	0.0752001	-0.105686	-0.28231	-0.429728	-0.532171	-0.599171	-0.648983	-0.676088	-0.6893	
0.84072	0.783613	0.73119	0.674454	0.629971	0.6082	0.593441	0.563052	0.507546	0.422182	0.306742	0.165413	0.0073935	-0.154426	-0.294434	-0.394882	-0.464505	-0.512297	-0.54522	-0.56873	
0.825917	0.761109	0.703961	0.647944	0.6082	0.584884	0.573938	0.563215	0.533788	0.478186	0.39198	0.281255	0.147377	0.00170689	-0.13707	-0.250508	-0.331439	-0.381378	-0.421049	-0.455863	
0.79329	0.718149	0.661893	0.62251	0.593441	0.573938	0.580531	0.589254	0.583514	0.552286	0.496521	0.410352	0.296232	0.158931	0.0183321	-0.103284	-0.191956	-0.251034	-0.308109	-0.357223	
0.729687	0.648451	0.600601	0.57882	0.563052	0.563215	0.589254	0.622813	0.649373	0.649815	0.61426	0.539118	0.43082	0.294469	0.159291	0.0367259	-0.0568524	-0.133966	-0.203231	-0.26075	
0.63404	0.55421	0.515178	0.505092	0.507546	0.533788	0.583514	0.649373	0.712728	0.74218	0.719769	0.648862	0.537598	0.403238	0.266673	0.139855	0.0364439	-0.0483379	-0.114621	-0.168513	
0.491031	0.4244	0.392635	0.393312	0.422182	0.478186	0.552286	0.649815	0.74218	0.792908	0.780895	0.717967	0.610403	0.473447	0.324606	0.188758	0.079725	-0.00413306	-0.0606108	-0.0948759	
0.3026	0.248138	0.226252	0.245117	0.306742	0.39198	0.496521	0.61426	0.719769	0.780895	0.784995	0.733038	0.625209	0.481397	0.324494	0.185081	0.0699953	-0.0103793	-0.0515446	-0.0590888	
