0.00636416	0.00224391	0.000732419	0.000222169	6.28482e-05	1.66326e-05	4.12981e-06	9.64568e-07	2.12424e-07	4.42069e-08	8.71088e-09	1.62826e-09	2.89212e-10	4.88913e-11	7.87789e-12	1.21158e-12	1.7808e-13	2.50452e-14	3.37351e-15	4.29504e-16	0	
0.00396034	0.00134703	0.000424891	0.000124749	3.42061e-05	8.78607e-06	2.11983e-06	4.81628e-07	1.03281e-07	2.09478e-08	4.0263e-09	7.34684e-10	1.27479e-10	2.10664e-11	3.32029e-12	4.99778e-13	7.19347e-14	9.91216e-15	1.30877e-15	1.63497e-16	0	
0.00235826	0.00077325	0.000235552	6.68993e-05	1.77708e-05	4.42789e-06	1.0376e-06	2.29219e-07	4.78423e-08	9.45342e-09	1.7717e-09	3.15475e-10	5.34571e-11	8.6329e-12	1.33052e-12	1.95958e-13	2.76126e-14	3.72692e-15	4.82258e-16	5.90998e-17	0	
0.0013407	0.000423573	0.000124557	3.42056e-05	8.79892e-06	2.12598e-06	4.83697e-07	1.03864e-07	2.10935e-08	4.05941e-09	7.41626e-10	1.28835e-10	2.13144e-11	3.36304e-12	5.06742e-13	7.30102e-14	1.00701e-14	1.33111e-15	1.68775e-16	2.02863e-17	0	
0.000726163	0.000220993	6.27156e-05	1.66492e-05	4.14643e-06	9.71295e-07	2.14515e-07	4.47652e-08	8.84444e-09	1.65749e-09	2.95138e-10	5.0013e-11	8.07731e-12	1.24502e-12	1.83387e-13	2.58449e-14	3.48886e-15	4.51607e-16	5.61019e-17	6.61322e-18	0	
0.000374011	0.000109633	3.00234e-05	7.70429e-06	1.85751e-06	4.21818e-07	9.04263e-08	1.83375e-08	3.52444e-09	6.4315e-10	1.11613e-10	1.84486e-11	2.90849e-12	4.37934e-13	6.30555e-14	8.69198e-15	1.14834e-15	1.45556e-16	1.77156e-17	2.04792e-18	0	
0.000182882	5.16401e-05	1.36481e-05	3.3856e-06	7.90281e-07	1.73989e-07	3.62058e-08	7.13524e-09	1.33413e-09	2.37072e-10	4.00986e-11	6.46516e-12	9.94996e-13	1.46355e-13	2.05994e-14	2.77749e-15	3.59137e-16	4.45771e-17	5.31567e-18	6.02612e-19	0	
8.47831e-05	2.30679e-05	5.88529e-06	1.41163e-06	3.19084e-07	6.81192e-08	1.37622e-08	2.63614e-09	4.79579e-10	8.29958e-11	1.36837e-11	2.15231e-12	3.23391e-13	4.64729e-14	6.3947e-15	8.43448e-16	1.06747e-16	1.29758e-17	1.51611e-18	1.6856e-19	0	
3.72254e-05	9.76363e-06	2.40557e-06	5.58105e-07	1.22201e-07	2.53041e-08	4.96461e-09	9.24532e-10	1.63686e-10	2.75937e-11	4.43544e-12	6.80719e-13	9.98716e-14	1.40239e-14	1.88679e-15	2.43479e-16	3.01651e-17	3.59136e-18	4.11204e-19	4.48401e-20	0	
1.54678e-05	3.91311e-06	9.31531e-07	2.09142e-07	4.4377e-08	8.91638e-09	1.69945e-09	3.07779e-10	5.30459e-11	8.7131e-12	1.3658e-12	2.04573e-13	2.93135e-14	4.02287e-15	5.29309e-16	6.68378e-17	8.10746e-18	9.45554e-19	1.06108e-19	1.135e-20	0	
6.07949e-06	1.48449e-06	3.41653e-07	7.42695e-08	1.52792e-08	2.98019e-09	5.52039e-10	9.72656e-11	1.63248e-11	2.61354e-12	3.99635e-13	5.8435e-14	8.17997e-15	1.0974e-15	1.4124e-16	1.74557e-17	2.07352e-18	2.3694e-19	2.60642e-20	2.73524e-21	0	
2.25974e-06	5.32982e-07	1.18673e-07	2.49935e-08	4.98809e-09	9.44954e-10	1.70194e-10	2.91863e-11	4.77215e-12	7.44931e-13	1.11152e-13	1.58713e-14	2.17109e-15	2.84812e-16	3.58655e-17	4.33944e-18	5.04903e-19	5.65407e-20	6.09815e-21	6.27957e-22	0	
7.94343e-07	1.81118e-07	3.90434e-08	7.97194e-09	1.54437e-09	2.84317e-10	4.98155e-11	8.31852e-12	1.32561e-12	2.01842e-13	2.93993e-14	4.10081e-15	5.48355e-16	7.03623e-17	8.6718e-18	1.02744e-18	1.17123e-19	1.28565e-20	1.35983e-21	1.3743e-22	0	
2.64124e-07	5.82683e-08	1.21704e-08	2.41082e-09	4.53637e-10	8.12058e-11	1.38488e-11	2.25296e-12	3.50071e-13	5.2015e-14	7.39862e-15	1.00851e-15	1.3187e-16	1.65562e-17	1.99762e-18	2.3183e-19	2.58993e-20	2.7874e-21	2.89197e-22	2.8691e-23	0	
8.31051e-08	1.77543e-08	3.59587e-09	6.91547e-10	1.26476e-10	2.20282e-11	3.65852e-12	5.80139e-13	8.79373e-14	1.27559e-14	1.77259e-15	2.36211e-16	3.02132e-17	3.71272e-18	4.38694e-19	4.98838e-20	5.46295e-21	5.76619e-22	5.86977e-23	5.71774e-24	0	
2.4757e-08	5.12635e-09	1.00759e-09	1.88269e-10	3.34889e-11	5.6784e-12	9.18969e-13	1.42115e-13	2.10247e-14	2.97873e-15	4.04562e-16	5.27239e-17	6.59922e-18	7.93998e-19	9.19066e-20	1.02428e-20	1.09992e-21	1.13891e-22	1.13781e-23	1.08849e-24	0	
6.98714e-09	1.40354e-09	2.67934e-10	4.86759e-11	8.42675e-12	1.39191e-12	2.19625e-13	3.31405e-14	4.78751e-15	6.62786e-16	8.80175e-17	1.12226e-17	1.37509e-18	1.62047e-19	1.8381e-20	2.00839e-21	2.1154e-22	2.14935e-23	2.10791e-24	1.98088e-25	0	
1.86962e-09	3.64645e-10	6.76613e-11	1.19601e-11	2.01648e-12	3.24665e-13	4.99743e-14	7.36197e-15	1.03901e-15	1.40618e-16	1.82668e-17	2.27964e-18	2.73536e-19	3.15835e-20	3.51183e-21	3.76318e-22	3.88893e-23	3.8784e-24	3.73488e-25	3.44855e-26	0	
4.74689e-10	8.99673e-11	1.62389e-11	2.7949e-12	4.59224e-13	7.21141e-14	1.08347e-14	1.55905e-15	2.15064e-16	2.84673e-17	3.61892e-18	4.42213e-19	5.19824e-20	5.88286e-21	6.41433e-22	6.74298e-23	6.8389e-24	6.69635e-25	6.33367e-26	5.74746e-27	0	
1.14456e-10	2.10974e-11	3.70709e-12	6.21668e-13	9.96077e-14	1.52651e-14	2.23987e-15	3.14979e-16	4.24896e-17	5.50314e-18	6.84912e-19	8.19801e-20	9.44429e-21	1.04795e-21	1.12082e-22	1.15625e-23	1.15126e-24	1.10707e-25	1.02873e-26	9.17665e-28	0	
2.6232e-11	4.7063e-12	8.05618e-13	1.31724e-13	2.05942e-14	3.08188e-15	4.41872e-16	6.07563e-17	8.01841e-18	1.01662e-18	1.23923e-19	1.4535e-20	1.64161e-21	1.78662e-22	1.87499e-23	1.89873e-24	1.85651e-25	1.75377e-26	1.60147e-27	1.40466e-28	0	
5.7198e-12	9.9958e-13	1.66809e-13	2.66101e-14	4.06197e-15	5.93901e-16	8.32492e-17	1.11976e-17	1.44649e-18	1.79602e-19	2.14514e-20	2.46645e-21	2.73198e-22	2.91726e-23	3.00508e-24	2.98812e-25	2.86993e-26	2.66401e-27	2.39122e-28	2.06272e-29	0	
1.18765e-12	2.02317e-13	3.29366e-14	5.12944e-15	7.64934e-16	1.09331e-16	1.49905e-17	1.9734e-18	2.49629e-19	3.0367e-20	3.55519e-21	4.00863e-22	4.35617e-23	4.56544e-24	4.61755e-25	4.50986e-26	4.25597e-27	3.88301e-28	3.42689e-29	2.90799e-30	0	
2.35049e-13	3.90579e-14	6.20704e-15	9.44281e-16	1.37645e-16	1.92421e-17	2.58194e-18	3.32812e-19	4.12436e-20	4.91756e-21	5.64541e-22	6.24456e-23	6.65982e-24	6.8527e-25	6.80727e-26	6.53222e-27	6.05868e-28	5.43464e-29	4.7169e-30	3.93841e-31	0	
4.438e-14	7.19841e-15	1.1174e-15	1.66151e-16	2.36867e-17	3.24031e-18	4.25703e-19	5.37537e-20	6.52867e-21	7.63266e-22	8.59546e-23	9.33042e-24	9.7692e-25	9.87227e-26	9.63477e-27	9.08634e-28	8.28527e-29	7.30858e-30	6.23996e-31	5.12762e-32	0	
8.0015e-15	1.26764e-15	1.92319e-16	2.79663e-17	3.90125e-18	5.22502e-19	6.72407e-20	8.32089e-21	9.90881e-22	1.13631e-22	1.25572e-23	1.33814e-24	1.37593e-25	1.36599e-26	1.31012e-27	1.21462e-28	1.08911e-29	9.45024e-31	7.93888e-32	6.42184e-33	0	
1.3788e-15	2.13483e-16	3.1673e-17	4.50662e-18	6.15465e-19	8.07408e-20	1.01825e-20	1.2354e-21	1.44299e-22	1.62377e-23	1.76148e-24	1.84333e-25	1.86198e-26	1.81655e-27	1.71268e-28	1.56136e-29	1.37709e-30	1.17566e-31	9.72004e-33	7.74156e-34	0	
2.27277e-16	3.44117e-17	4.99538e-18	6.95823e-19	9.30769e-20	1.19655e-20	1.47942e-21	1.76049e-22	2.01772e-23	2.22875e-24	2.37421e-25	2.44064e-26	2.42259e-27	2.32328e-28	2.15384e-29	1.93132e-30	1.67591e-31	1.40807e-32	1.14599e-33	8.98861e-35	0	
3.58681e-17	5.31359e-18	7.55109e-19	1.0302e-19	1.35037e-20	1.70188e-21	2.06379e-22	2.40971e-23	2.71092e-24	2.94041e-25	3.07688e-26	3.10807e-27	3.03251e-28	2.85953e-29	2.60739e-30	2.30022e-31	1.96431e-32	1.62458e-33	1.30185e-34	1.00581e-35	0	
5.42407e-18	7.8661e-19	1.09485e-19	1.46368e-20	1.88086e-21	2.32488e-22	2.7662e-23	3.17029e-24	3.50212e-25	3.73127e-26	3.83656e-27	3.8093e-28	3.65441e-29	3.38921e-30	3.04035e-31	2.63948e-32	2.21872e-33	1.80671e-34	1.42584e-35	1.08531e-36	0	
7.8661e-19	1.11729e-19	1.52383e-20	1.99711e-21	2.51694e-22	3.05251e-23	3.5649e-24	4.01175e-25	4.35303e-26	4.55712e-27	4.60565e-28	4.49619e-29	4.24225e-30	3.87063e-31	3.41688e-32	2.91985e-33	2.41652e-34	1.93788e-35	1.50647e-36	1.12995e-37	0	
1.09485e-19	1.52383e-20	2.03743e-21	2.61881e-22	3.23824e-23	3.85475e-24	4.42031e-25	4.88604e-26	5.20933e-27	5.3603e-28	5.32638e-29	5.11397e-30	4.74685e-31	4.26192e-32	3.70323e-33	3.11566e-34	2.53935e-35	2.00587e-36	1.5363e-37	1.13572e-38	0	
1.46368e-20	1.99711e-21	2.61881e-22	3.30262e-23	4.00835e-24	4.68504e-25	5.27696e-26	5.73127e-27	6.00589e-28	6.07605e-29	5.93787e-30	5.60849e-31	5.12273e-32	4.52713e-33	3.87284e-34	3.20874e-35	2.57599e-36	2.00474e-37	1.51307e-38	1.10263e-39	0	
1.88086e-21	2.51694e-22	3.23824e-23	4.00835e-24	4.77674e-25	5.48394e-26	6.06907e-27	6.47869e-28	6.67493e-29	6.64128e-30	6.38477e-31	5.93422e-32	5.33501e-33	4.64176e-34	3.91038e-35	3.19121e-36	2.52402e-37	1.93565e-38	1.43992e-39	1.03459e-40	0	
2.32488e-22	3.05251e-23	3.85475e-24	4.68504e-25	5.48394e-26	6.18602e-27	6.7288e-28	7.06208e-29	7.15567e-30	7.00384e-31	6.62566e-32	6.06121e-33	5.36478e-34	4.59647e-35	3.81406e-36	3.06653e-37	2.39001e-38	1.80651e-39	1.32479e-40	9.38654e-42	0	
2.7662e-23	3.5649e-24	4.42031e-25	5.27696e-26	6.06907e-27	6.7288e-28	7.19603e-29	7.42754e-30	7.40358e-31	7.13057e-32	6.63935e-33	5.97962e-34	5.21181e-35	4.39828e-36	3.59555e-37	2.84863e-38	2.18822e-39	1.6305e-40	1.17895e-41	8.23877e-43	0	
3.17029e-24	4.01175e-25	4.88604e-26	5.73127e-27	6.47869e-28	7.06208e-29	7.42754e-30	7.54181e-31	7.39719e-32	7.01224e-33	6.42797e-34	5.70087e-35	4.89413e-36	4.06899e-37	3.27776e-38	2.55945e-39	1.93814e-40	1.42391e-41	1.01533e-42	6.99923e-44	0	
3.50212e-25	4.35303e-26	5.20933e-27	6.00589e-28	6.67493e-29	7.15567e-30	7.40358e-31	7.39719e-32	7.14111e-33	6.66453e-34	6.01595e-35	5.25521e-36	4.44465e-37	3.64129e-38	2.89096e-39	2.22532e-40	1.66149e-41	1.20375e-42	8.46615e-44	5.75805e-45	0	
3.73127e-26	4.55712e-27	5.3603e-28	6.07605e-29	6.64128e-30	7.00384e-31	7.13057e-32	7.01224e-33	6.66453e-34	6.12478e-35	5.44556e-36	4.68641e-37	3.90565e-38	3.15358e-39	2.46814e-40	1.8732e-41	1.37921e-42	9.8558e-44	6.83809e-45	4.58922e-46	0	
3.83656e-27	4.60565e-28	5.32638e-29	5.93787e-30	6.38477e-31	6.62566e-32	6.63935e-33	6.42797e-34	6.01595e-35	5.44556e-36	4.76987e-37	4.0449e-38	3.32241e-39	2.6445e-40	2.04066e-41	1.5273e-42	1.10915e-43	7.81884e-45	5.35241e-46	3.54514e-47	0	
3.8093e-28	4.49619e-29	5.11397e-30	5.60849e-31	5.93422e-32	6.06121e-33	5.97962e-34	5.70087e-35	5.25521e-36	4.68641e-37	4.0449e-38	3.38067e-39	2.73732e-40	2.1482e-41	1.63471e-42	1.20674e-43	8.64504e-45	6.01288e-46	4.06183e-47	2.65552e-48	0	
3.65441e-29	4.24225e-30	4.74685e-31	5.12273e-32	5.33501e-33	5.36478e-34	5.21181e-35	4.89413e-36	4.44465e-37	3.90565e-38	3.32241e-39	2.73732e-40	2.18528e-41	1.6912e-42	1.26934e-43	9.24355e-45	6.53364e-46	4.48437e-47	2.98978e-48	1.92962e-49	0	
3.38921e-30	3.87063e-31	4.26192e-32	4.52713e-33	4.64176e-34	4.59647e-35	4.39828e-36	4.06899e-37	3.64129e-38	3.15358e-39	2.6445e-40	2.1482e-41	1.6912e-42	1.29092e-43	9.55809e-45	6.86739e-46	4.79003e-47	3.24474e-48	2.1354e-49	1.36075e-50	0	
3.04035e-31	3.41688e-32	3.70323e-33	3.87284e-34	3.91038e-35	3.81406e-36	3.59555e-37	3.27776e-38	2.89096e-39	2.46814e-40	2.04066e-41	1.63471e-42	1.26934e-43	9.55809e-45	6.98237e-46	4.95054e-47	3.40796e-48	2.27875e-49	1.48054e-50	9.31629e-52	0	
2.63948e-32	2.91985e-33	3.11566e-34	3.20874e-35	3.19121e-36	3.06653e-37	2.84863e-38	2.55945e-39	2.22532e-40	1.8732e-41	1.5273e-42	1.20674e-43	9.24355e-45	6.86739e-46	4.95054e-47	3.46416e-48	2.35397e-49	1.55391e-50	9.96854e-52	6.19491e-53	0	
2.21872e-33	2.41652e-34	2.53935e-35	2.57599e-36	2.52402e-37	2.39001e-38	2.18822e-39	1.93814e-40	1.66149e-41	1.37921e-42	1.10915e-43	8.64504e-45	6.53364e-46	4.79003e-47	3.40796e-48	2.35397e-49	1.57916e-50	1.02928e-51	6.52048e-53	4.00238e-54	0	
1.80671e-34	1.93788e-35	2.00587e-36	2.00474e-37	1.93565e-38	1.80651e-39	1.6305e-40	1.42391e-41	1.20375e-42	9.8558e-44	7.81884e-45	6.01288e-46	4.48437e-47	3.24474e-48	2.27875e-49	1.55391e-50	1.02928e-51	6.62494e-53	4.14502e-54	2.51335e-55	0	
1.42584e-35	1.50647e-36	1.5363e-37	1.51307e-38	1.43992e-39	1.32479e-40	1.17895e-41	1.01533e-42	8.46615e-44	6.83809e-45	5.35241e-46	4.06183e-47	2.98978e-48	2.1354e-49	1.48054e-50	9.96854e-52	6.52048e-53	4.14502e-54	2.56167e-55	1.53459e-56	0	
1.08531e-36	1.12995e-37	1.13572e-38	1.10263e-39	1.03459e-40	9.38654e-42	8.23877e-43	6.99923e-44	5.75805e-45	4.58922e-46	3.54514e-47	2.65552e-48	1.92962e-49	1.36075e-50	9.31629e-52	6.19491e-53	4.00238e-54	2.51335e-55	1.53459e-56	9.08412e-58	0	
0	0	0	0	0	0	0	0	0	0	0	0	0	0	0	0	0	0	0	0	0	
