-0.652814	-0.824454	-0.984575	-1.11353	-1.2034	-1.25457	-1.27661	-1.27622	-1.22672	-1.14432	-1.04709	-0.936402	-0.835044	-0.74595	-0.655944	-0.557575	-0.473718	-0.408914	-0.35007	-0.29381	
-0.629246	-0.791089	-0.9241	-1.0218	-1.08685	-1.11678	-1.12796	-1.12432	-1.07979	-1.01209	-0.93348	-0.838908	-0.745546	-0.674338	-0.603905	-0.520511	-0.451632	-0.389407	-0.334888	-0.281602	
-0.629402	-0.766207	-0.864105	-0.925121	-0.954258	-0.945429	-0.922065	-0.89869	-0.859358	-0.806881	-0.746606	-0.667208	-0.585863	-0.530371	-0.484044	-0.44196	-0.407201	-0.360228	-0.311127	-0.258798	
-0.648628	-0.754408	-0.814244	-0.829932	-0.803336	-0.745611	-0.68063	-0.631202	-0.585765	-0.539145	-0.49091	-0.42979	-0.372947	-0.34032	-0.328621	-0.331632	-0.336672	-0.320128	-0.286371	-0.239682	
-0.681684	-0.752209	-0.764662	-0.716695	-0.629235	-0.527533	-0.425302	-0.345214	-0.282019	-0.234736	-0.193648	-0.155883	-0.130724	-0.130942	-0.161656	-0.207144	-0.243022	-0.253734	-0.251874	-0.229812	
-0.715596	-0.736835	-0.693077	-0.58718	-0.448875	-0.301138	-0.162576	-0.0548083	0.023346	0.0760303	0.112652	0.123642	0.11232	0.0753235	0.0107524	-0.069476	-0.138301	-0.177808	-0.203557	-0.211685	
-0.718342	-0.686579	-0.595005	-0.443734	-0.26	-0.0715965	0.0900918	0.214685	0.305983	0.364287	0.386668	0.373381	0.331822	0.260363	0.172451	0.0743722	-0.0178076	-0.0902632	-0.145375	-0.180108	
-0.678023	-0.596588	-0.458811	-0.272073	-0.0604073	0.147193	0.320968	0.454478	0.553047	0.60422	0.60205	0.567647	0.506307	0.414711	0.309635	0.205326	0.103754	0.010987	-0.0679506	-0.134858	
-0.589166	-0.459218	-0.28486	-0.0827154	0.132705	0.346376	0.526747	0.656041	0.744404	0.780657	0.76138	0.705691	0.627019	0.526256	0.422553	0.321308	0.211933	0.111945	0.0180537	-0.0746825	
-0.458595	-0.292129	-0.102331	0.0999248	0.310549	0.519849	0.690879	0.805801	0.877462	0.901296	0.872473	0.799671	0.702343	0.595322	0.502167	0.410907	0.306216	0.201039	0.0959883	-0.0104585	
-0.292129	-0.114596	0.0664461	0.259714	0.456735	0.642373	0.791481	0.896127	0.952712	0.962787	0.927511	0.845821	0.741306	0.636163	0.547439	0.464691	0.37845	0.27983	0.167047	0.0520014	
-0.102331	0.0664461	0.226345	0.389178	0.547042	0.69443	0.824966	0.921462	0.958336	0.952769	0.913868	0.835299	0.738803	0.650212	0.567313	0.484761	0.416882	0.341911	0.242757	0.128805	
0.0999248	0.259714	0.389178	0.496899	0.598572	0.702977	0.804088	0.876922	0.893394	0.871716	0.830587	0.763822	0.68786	0.620304	0.548037	0.478	0.427679	0.380608	0.316429	0.223133	
0.310549	0.456735	0.547042	0.598572	0.650235	0.707002	0.753537	0.781928	0.774513	0.740354	0.695392	0.644386	0.592983	0.540027	0.488044	0.448125	0.424172	0.40048	0.366321	0.307253	
0.519849	0.642373	0.69443	0.702977	0.707002	0.708049	0.69271	0.665015	0.624324	0.575232	0.52952	0.496869	0.469482	0.441655	0.420579	0.413728	0.415771	0.410015	0.396897	0.363227	
0.690879	0.791481	0.824966	0.804088	0.753537	0.69271	0.62525	0.555559	0.479264	0.410296	0.364725	0.347941	0.35024	0.358293	0.365102	0.374595	0.392876	0.410475	0.415833	0.394718	
0.805801	0.896127	0.921462	0.876922	0.781928	0.665015	0.555559	0.45516	0.352002	0.272303	0.233414	0.228379	0.248605	0.288798	0.317222	0.333689	0.363631	0.396711	0.417089	0.412297	
0.877462	0.952712	0.958336	0.893394	0.774513	0.624324	0.479264	0.352002	0.238765	0.16923	0.152485	0.155732	0.178086	0.232134	0.2791	0.308983	0.338291	0.363954	0.386628	0.404608	
0.901296	0.962787	0.952769	0.871716	0.740354	0.575232	0.410296	0.272303	0.16923	0.114133	0.102489	0.11553	0.144714	0.193689	0.243066	0.278544	0.298891	0.310919	0.335507	0.375826	
0.872473	0.927511	0.913868	0.830587	0.695392	0.52952	0.364725	0.233414	0.152485	0.102489	0.0804186	0.0998555	0.139913	0.178451	0.210888	0.237927	0.244967	0.246099	0.272609	0.321751	
0.799671	0.845821	0.835299	0.763822	0.644386	0.496869	0.347941	0.228379	0.155732	0.11553	0.0998555	0.114341	0.144888	0.172992	0.196711	0.211286	0.201808	0.188077	0.200956	0.244467	
0.702343	0.741306	0.738803	0.68786	0.592983	0.469482	0.35024	0.248605	0.178086	0.144714	0.139913	0.144888	0.154597	0.17536	0.192085	0.190109	0.16934	0.146822	0.142105	0.167614	
0.595322	0.636163	0.650212	0.620304	0.540027	0.441655	0.358293	0.288798	0.232134	0.193689	0.178451	0.172992	0.17536	0.181703	0.176149	0.15488	0.129741	0.118356	0.114214	0.120057	
0.502167	0.547439	0.567313	0.548037	0.488044	0.420579	0.365102	0.317222	0.2791	0.243066	0.210888	0.196711	0.192085	0.176149	0.154968	0.132308	0.112628	0.110178	0.110552	0.108138	
0.410907	0.464691	0.484761	0.478	0.448125	0.413728	0.374595	0.333689	0.308983	0.278544	0.237927	0.211286	0.190109	0.15488	0.132308	0.126947	0.12137	0.120716	0.121751	0.120161	
0.306216	0.37845	0.416882	0.427679	0.424172	0.415771	0.392876	0.363631	0.338291	0.298891	0.244967	0.201808	0.16934	0.129741	0.112628	0.12137	0.13249	0.141964	0.148819	0.149327	
0.201039	0.27983	0.341911	0.380608	0.40048	0.410015	0.410475	0.396711	0.363954	0.310919	0.246099	0.188077	0.146822	0.118356	0.110178	0.120716	0.141964	0.164308	0.173556	0.166055	
0.0959883	0.167047	0.242757	0.316429	0.366321	0.396897	0.415833	0.417089	0.386628	0.335507	0.272609	0.200956	0.142105	0.114214	0.110552	0.121751	0.148819	0.173556	0.178454	0.167322	
-0.0104585	0.0520014	0.128805	0.223133	0.307253	0.363227	0.394718	0.412297	0.404608	0.375826	0.321751	0.244467	0.167614	0.120057	0.108138	0.120161	0.149327	0.166055	0.167322	0.171119	
-0.115968	-0.0594463	0.0176506	0.114288	0.215352	0.299349	0.355387	0.391854	0.411836	0.408266	0.368108	0.29374	0.208228	0.143587	0.117959	0.119505	0.134066	0.146228	0.161818	0.189951	
-0.209229	-0.168545	-0.0914069	0.00828949	0.12183	0.229945	0.31385	0.371601	0.409341	0.420535	0.393075	0.328826	0.249487	0.183735	0.142038	0.124141	0.11956	0.130162	0.160669	0.204655	
-0.297753	-0.280337	-0.208273	-0.0920763	0.0484753	0.17361	0.272248	0.348431	0.399846	0.420058	0.402328	0.356394	0.294339	0.234848	0.177948	0.141878	0.128354	0.131565	0.157254	0.204315	
-0.386344	-0.376432	-0.309422	-0.184066	-0.0246835	0.118567	0.227701	0.312227	0.368587	0.398235	0.400948	0.377654	0.334257	0.286902	0.232579	0.187286	0.164969	0.156882	0.17681	0.227142	
-0.456186	-0.451312	-0.385599	-0.260888	-0.103037	0.0463129	0.166895	0.257454	0.314741	0.352789	0.38273	0.383932	0.365446	0.340155	0.297721	0.249775	0.221022	0.216136	0.233449	0.277191	
-0.49161	-0.498387	-0.441028	-0.325886	-0.179426	-0.036998	0.0908609	0.188156	0.252103	0.297715	0.34495	0.374417	0.388002	0.388239	0.358634	0.315439	0.289235	0.292493	0.309172	0.34488	
-0.491585	-0.509138	-0.475315	-0.390172	-0.263769	-0.12271	0.0115921	0.113832	0.18699	0.244696	0.303305	0.361763	0.406186	0.42767	0.416691	0.386225	0.361918	0.360995	0.383591	0.424898	
-0.474101	-0.503769	-0.490274	-0.439004	-0.347563	-0.216451	-0.0818702	0.028932	0.11741	0.195685	0.270933	0.352326	0.424423	0.458611	0.467339	0.455178	0.437372	0.443858	0.471174	0.507267	
-0.440521	-0.482819	-0.490253	-0.46817	-0.413649	-0.31054	-0.192426	-0.0795065	0.0332652	0.142129	0.242647	0.344733	0.4331	0.474836	0.503152	0.524635	0.532744	0.551967	0.576006	0.593903	
-0.391642	-0.441858	-0.475651	-0.485613	-0.462972	-0.390374	-0.291421	-0.184826	-0.056395	0.0766475	0.202493	0.325464	0.424424	0.486595	0.540462	0.597323	0.634401	0.65778	0.678302	0.677622	
-0.343339	-0.393822	-0.445109	-0.485613	-0.492224	-0.447993	-0.363146	-0.25885	-0.136831	-0.00145824	0.136176	0.278334	0.402606	0.503011	0.59233	0.667418	0.721242	0.749854	0.763166	0.744906	
-0.296168	-0.349285	-0.410117	-0.466474	-0.490892	-0.476545	-0.416435	-0.320664	-0.210634	-0.0786913	0.066713	0.223407	0.372942	0.509943	0.632732	0.72697	0.798447	0.828906	0.821741	0.782203	
-0.252019	-0.304655	-0.365108	-0.425446	-0.470902	-0.491398	-0.466866	-0.389983	-0.282036	-0.142415	0.0231397	0.186243	0.343656	0.503361	0.647204	0.765904	0.854095	0.888844	0.86419	0.792783	
-0.204893	-0.246473	-0.304804	-0.371745	-0.442135	-0.49731	-0.503939	-0.442746	-0.333745	-0.186504	-0.00837302	0.158168	0.319372	0.488785	0.642387	0.772231	0.867288	0.906763	0.874349	0.784822	
-0.147776	-0.181653	-0.242594	-0.320071	-0.402478	-0.476012	-0.498258	-0.453131	-0.352681	-0.215524	-0.050891	0.11705	0.287195	0.466444	0.623065	0.749391	0.835775	0.865479	0.831026	0.746371	
-0.100452	-0.131693	-0.189189	-0.26997	-0.357466	-0.430028	-0.458141	-0.431354	-0.350427	-0.235912	-0.0945496	0.0667451	0.246638	0.435485	0.594755	0.711178	0.772107	0.782627	0.746834	0.666539	
-0.073318	-0.102073	-0.149748	-0.215074	-0.293711	-0.36026	-0.397432	-0.384826	-0.322275	-0.227774	-0.111929	0.0327322	0.206702	0.380956	0.533039	0.637507	0.680705	0.673556	0.626268	0.549526	
-0.0583578	-0.079064	-0.110243	-0.157124	-0.218068	-0.277171	-0.316375	-0.316424	-0.266869	-0.18834	-0.100108	0.0188762	0.162811	0.303634	0.431457	0.518385	0.551195	0.533738	0.483499	0.415965	
-0.0398426	-0.0498961	-0.0658311	-0.100883	-0.148371	-0.192594	-0.223133	-0.22837	-0.194752	-0.138339	-0.0780391	0.00667004	0.111147	0.212625	0.306265	0.367378	0.385976	0.36981	0.333932	0.28386	
-0.0143943	-0.0204784	-0.0300761	-0.0470669	-0.0735782	-0.0971833	-0.116995	-0.118015	-0.103081	-0.0763079	-0.0475057	-0.00411008	0.054762	0.10634	0.156699	0.188492	0.19909	0.191862	0.171424	0.147645	
0	0	0	0	0	0	0	0	0	0	0	0	0	0	0	0	0	0	0	0	
