0.677436	0.633661	0.531907	0.388344	0.22354	0.0644601	-0.0727895	-0.174439	-0.238372	-0.281569	-0.301008	-0.294331	-0.252857	-0.178306	-0.0982159	-0.0354507	0.0121358	0.0425597	0.0692946	
0.697353	0.682672	0.607477	0.483763	0.328706	0.169075	0.0229417	-0.0916901	-0.172598	-0.232966	-0.273177	-0.291113	-0.267489	-0.201963	-0.117267	-0.0346388	0.0327197	0.0814814	0.127267	
0.720389	0.732881	0.687834	0.585901	0.446525	0.289862	0.13755	0.0118749	-0.0818997	-0.156034	-0.211348	-0.248305	-0.245145	-0.19566	-0.113842	-0.0245598	0.05604	0.126933	0.195752	
0.750386	0.789841	0.770702	0.693193	0.56872	0.416832	0.261639	0.1273	0.0231125	-0.0576072	-0.122701	-0.175008	-0.191755	-0.162262	-0.0921129	-0.000933152	0.0956336	0.187635	0.278145	
0.779012	0.840542	0.851417	0.800227	0.699048	0.560227	0.406502	0.264279	0.149847	0.0562172	-0.0206725	-0.0859636	-0.119899	-0.105447	-0.0421005	0.0541064	0.162335	0.269034	0.373479	
0.805174	0.89002	0.929238	0.911103	0.838505	0.718681	0.571579	0.42585	0.297358	0.192426	0.105739	0.0294052	-0.0162649	-0.0144601	0.037638	0.131781	0.247845	0.369639	0.491439	
0.828813	0.929732	0.995328	1.0057	0.962634	0.866721	0.734299	0.590818	0.459517	0.348393	0.253811	0.169449	0.111363	0.0945338	0.131858	0.221423	0.342323	0.478571	0.614516	
0.846548	0.957781	1.04098	1.07776	1.06589	0.998896	0.889032	0.759603	0.628659	0.513652	0.412815	0.32146	0.252801	0.22525	0.251345	0.331944	0.449169	0.589968	0.72967	
0.842351	0.959145	1.05874	1.12092	1.13859	1.10303	1.02002	0.904874	0.780323	0.666284	0.563502	0.471506	0.402525	0.368336	0.383861	0.451444	0.556996	0.685895	0.814977	
0.801114	0.921653	1.03169	1.1112	1.15477	1.14756	1.09196	1.00122	0.891535	0.786226	0.68858	0.601942	0.532554	0.495344	0.502046	0.555116	0.638091	0.745553	0.854451	
0.69886	0.817246	0.932581	1.02929	1.09534	1.11852	1.09709	1.03432	0.945893	0.856018	0.767821	0.687209	0.62286	0.5846	0.584322	0.620558	0.681146	0.75814	0.831933	
0.531248	0.645718	0.765514	0.873633	0.961733	1.01524	1.02761	0.999302	0.941089	0.872608	0.798487	0.729569	0.669713	0.631194	0.625281	0.647275	0.678561	0.712924	0.738986	
0.307268	0.412783	0.528515	0.644915	0.748549	0.828021	0.876484	0.886833	0.864541	0.827632	0.778741	0.72713	0.675469	0.636044	0.618238	0.614103	0.609363	0.599985	0.578454	
0.0347969	0.130101	0.242307	0.359482	0.470777	0.569715	0.646781	0.693273	0.714701	0.718732	0.705717	0.680398	0.640869	0.595531	0.55798	0.522999	0.481445	0.423447	0.352379	
-0.255986	-0.171017	-0.0671085	0.0495386	0.167277	0.281401	0.384491	0.467561	0.528979	0.57335	0.597438	0.60179	0.575786	0.529193	0.47309	0.405719	0.320165	0.214933	0.097508	
-0.521347	-0.454005	-0.358573	-0.243817	-0.122925	0.00459551	0.130453	0.2423	0.341531	0.423563	0.485168	0.516824	0.505881	0.454288	0.375677	0.272694	0.153317	0.0102272	-0.1453	
-0.714232	-0.66614	-0.587311	-0.485096	-0.369095	-0.237682	-0.0989647	0.039707	0.172772	0.290985	0.386605	0.444849	0.444059	0.384469	0.279477	0.143551	-0.010907	-0.185061	-0.362824	
-0.81635	-0.791521	-0.731841	-0.644614	-0.540723	-0.415944	-0.274275	-0.124231	0.0299833	0.174392	0.300427	0.382652	0.393829	0.327464	0.195319	0.0202289	-0.168812	-0.363122	-0.550632	
-0.812728	-0.810651	-0.769004	-0.700107	-0.610357	-0.49574	-0.360776	-0.209113	-0.0472124	0.107713	0.246088	0.336797	0.352253	0.278657	0.126417	-0.0721562	-0.280685	-0.491169	-0.686439	
-0.707932	-0.728692	-0.708214	-0.655107	-0.576819	-0.472557	-0.346004	-0.200584	-0.0478631	0.0973719	0.224727	0.307373	0.31649	0.237786	0.0766828	-0.131803	-0.35503	-0.572486	-0.770857	
-0.524389	-0.562369	-0.554521	-0.516093	-0.451214	-0.363057	-0.253569	-0.126973	0.00645152	0.130504	0.238288	0.300929	0.297251	0.209224	0.0389892	-0.178846	-0.407159	-0.625878	-0.825012	
-0.28912	-0.332906	-0.334568	-0.305588	-0.250609	-0.175909	-0.0846129	0.0216075	0.126621	0.220324	0.291867	0.32337	0.29915	0.200306	0.0263863	-0.189431	-0.420625	-0.642585	-0.840511	
-0.0342417	-0.0799094	-0.0814151	-0.0501696	0.007425	0.0784784	0.159097	0.242471	0.313545	0.363622	0.387203	0.3772	0.325578	0.218662	0.0523576	-0.152605	-0.377441	-0.59269	-0.791251	
0.206174	0.167471	0.17391	0.213931	0.279897	0.352609	0.425214	0.487883	0.524005	0.53029	0.503895	0.448647	0.371401	0.260278	0.107806	-0.0766273	-0.283083	-0.491653	-0.692464	
0.405457	0.379732	0.394519	0.446514	0.519946	0.595043	0.659445	0.701044	0.705715	0.674341	0.605085	0.518322	0.423613	0.312557	0.177883	0.0145956	-0.176633	-0.372741	-0.56105	
0.554494	0.538337	0.562404	0.622277	0.702597	0.778202	0.835239	0.858542	0.838794	0.776509	0.678438	0.567855	0.459812	0.353584	0.238261	0.0979705	-0.0643451	-0.229657	-0.391881	
0.640123	0.63508	0.665352	0.73397	0.818549	0.89564	0.945736	0.952143	0.908816	0.821903	0.69879	0.570421	0.458231	0.362459	0.273349	0.169134	0.0492424	-0.0786225	-0.20424	
0.669701	0.678049	0.716957	0.791042	0.875643	0.948901	0.985327	0.97015	0.90607	0.796961	0.659689	0.527497	0.417785	0.337923	0.279476	0.213017	0.137673	0.0576069	-0.020726	
0.671685	0.692224	0.736872	0.807322	0.884484	0.94338	0.961325	0.927028	0.845874	0.726	0.589236	0.459317	0.355622	0.291962	0.255765	0.2251	0.199623	0.174341	0.147481	
0.667065	0.69766	0.741619	0.803919	0.863955	0.905147	0.903822	0.852118	0.761344	0.641326	0.510628	0.389464	0.295694	0.241845	0.224221	0.228171	0.248886	0.273581	0.301347	
0.661857	0.695615	0.735698	0.78063	0.822014	0.842327	0.820883	0.756271	0.661135	0.542575	0.424288	0.31607	0.231578	0.190567	0.192276	0.22837	0.289285	0.360263	0.43261	
0.669882	0.699418	0.723879	0.742378	0.755014	0.745039	0.702718	0.629102	0.531001	0.424142	0.32239	0.227584	0.156399	0.129836	0.148402	0.218007	0.316845	0.425393	0.525851	
0.707721	0.727119	0.727029	0.709178	0.677878	0.630338	0.561696	0.475147	0.38006	0.287631	0.203965	0.129072	0.0774394	0.0639894	0.103309	0.199808	0.325693	0.457523	0.578756	
0.771377	0.777519	0.750064	0.689539	0.613622	0.52322	0.422905	0.321562	0.224036	0.13954	0.0734094	0.0207102	-0.00918319	-0.00123103	0.0593972	0.174459	0.315008	0.459721	0.589784	
0.851432	0.842523	0.781335	0.680339	0.556502	0.42335	0.296759	0.182931	0.0817571	0.00683967	-0.0505014	-0.0891093	-0.101414	-0.0766825	-0.000360513	0.128726	0.278731	0.428189	0.556535	
0.918774	0.894323	0.804498	0.666547	0.499532	0.333534	0.186689	0.0625911	-0.0350777	-0.106003	-0.158463	-0.187141	-0.187492	-0.156509	-0.0722425	0.0539878	0.203429	0.350384	0.480606	
0.953999	0.919765	0.812248	0.647157	0.454137	0.264143	0.0997313	-0.0303813	-0.128974	-0.199959	-0.245398	-0.262965	-0.253259	-0.213653	-0.132339	-0.0212688	0.113123	0.250026	0.375167	
0.970791	0.925504	0.800769	0.618507	0.405421	0.201155	0.0296555	-0.101056	-0.197348	-0.263129	-0.302563	-0.309036	-0.28789	-0.23709	-0.161576	-0.0668281	0.0427746	0.15392	0.253778	
0.97917	0.920382	0.784021	0.587846	0.361376	0.149745	-0.0240663	-0.154792	-0.239314	-0.295337	-0.317944	-0.305234	-0.266429	-0.208184	-0.143512	-0.076632	0.000369697	0.0751335	0.147443	
0.972143	0.905421	0.762947	0.559844	0.334331	0.119395	-0.0544225	-0.178888	-0.252675	-0.290962	-0.288876	-0.253364	-0.198314	-0.137016	-0.0892729	-0.0523583	-0.0105097	0.0350794	0.0831099	
0.926409	0.849225	0.701002	0.502989	0.288941	0.0848056	-0.0785734	-0.188984	-0.254482	-0.274456	-0.25656	-0.207949	-0.142698	-0.0787964	-0.0410651	-0.0197309	-0.0058993	0.0182457	0.0412873	
0.848373	0.759911	0.614936	0.428737	0.228981	0.0415654	-0.113109	-0.216342	-0.271698	-0.277859	-0.242349	-0.181498	-0.10433	-0.0407667	-0.00832726	0.00392783	0.00102371	0.00513077	0.0158573	
0.77128	0.677886	0.536521	0.362732	0.175106	-0.00142766	-0.151819	-0.253393	-0.29753	-0.288452	-0.232768	-0.154752	-0.0682122	-0.00577248	0.0272273	0.0320635	0.0191193	0.00423864	0.00462488	
0.698456	0.602754	0.461335	0.301609	0.129283	-0.0367721	-0.17714	-0.274896	-0.312294	-0.289362	-0.222837	-0.131644	-0.0426096	0.0237839	0.0621028	0.0616929	0.0400099	0.0102404	-0.00957934	
0.6149	0.522967	0.395859	0.253437	0.104475	-0.0470657	-0.175564	-0.267577	-0.301539	-0.270287	-0.199781	-0.10773	-0.0237722	0.0394606	0.073877	0.0734371	0.0484326	0.0143124	-0.0153818	
0.506337	0.426949	0.325884	0.208854	0.0883109	-0.0360494	-0.149887	-0.230257	-0.258651	-0.230158	-0.166375	-0.0876129	-0.0219248	0.0271814	0.0556124	0.0591102	0.0375304	0.00798558	-0.0162401	
0.378153	0.317215	0.241691	0.159702	0.0702788	-0.01755	-0.108212	-0.171992	-0.193988	-0.176651	-0.127579	-0.0693032	-0.0269537	0.00721954	0.0298533	0.0297895	0.0119365	-0.0121747	-0.0254648	
0.252898	0.212067	0.161969	0.111398	0.0557417	-0.00338623	-0.0619127	-0.106247	-0.121926	-0.109729	-0.073861	-0.0412195	-0.0140705	0.00368761	0.0103516	0.00863348	-0.00517909	-0.0265803	-0.0266205	
0.130181	0.108459	0.0836521	0.0570068	0.0329509	-0.000741438	-0.0255598	-0.0471835	-0.0552853	-0.045278	-0.0252891	-0.0163208	-0.000558392	0.00325474	-0.00178833	0.00228149	-0.00487801	-0.0204892	-0.0145278	
0	0	0	0	0	0	0	0	0	0	0	0	0	0	0	0	0	0	0	
