0	0	0	0	0	0	0	0	0	0	0	0	0	0	0	0	0	0	0	0	
-0.030871	-0.0644092	-0.103561	-0.142266	-0.178274	-0.208652	-0.228088	-0.233586	-0.230904	-0.215092	-0.191466	-0.164373	-0.135046	-0.101401	-0.0626345	-0.0188174	0.0236003	0.0623821	0.0956793	0.121958	
-0.0751339	-0.138842	-0.208015	-0.277746	-0.339788	-0.390905	-0.422722	-0.432859	-0.424792	-0.396413	-0.353451	-0.302723	-0.246804	-0.186341	-0.116005	-0.0351429	0.0433076	0.113826	0.172097	0.21606	
-0.136783	-0.217098	-0.305521	-0.389428	-0.465528	-0.529812	-0.570087	-0.579278	-0.571819	-0.533247	-0.475557	-0.409025	-0.3367	-0.253409	-0.157409	-0.050141	0.0501115	0.137111	0.208165	0.262754	
-0.20572	-0.28883	-0.375797	-0.462456	-0.541246	-0.61076	-0.656857	-0.675044	-0.669304	-0.631041	-0.567588	-0.489693	-0.402356	-0.307834	-0.198807	-0.0765741	0.0343306	0.12596	0.195103	0.244975	
-0.28063	-0.344053	-0.416281	-0.490104	-0.564657	-0.638601	-0.694258	-0.719264	-0.726211	-0.692292	-0.629372	-0.550726	-0.462865	-0.361919	-0.246671	-0.121379	-0.0116189	0.0738975	0.13656	0.183186	
-0.351659	-0.384365	-0.426683	-0.479623	-0.541587	-0.612597	-0.671337	-0.708174	-0.723793	-0.701768	-0.648981	-0.579275	-0.500416	-0.414501	-0.311628	-0.193156	-0.0894164	-0.00838594	0.0498124	0.0950898	
-0.4076	-0.401354	-0.409039	-0.434566	-0.477427	-0.537238	-0.592411	-0.628833	-0.652913	-0.642869	-0.60896	-0.565033	-0.517644	-0.459929	-0.382709	-0.286097	-0.193782	-0.117693	-0.0564907	-0.00166155	
-0.434948	-0.389587	-0.361353	-0.354514	-0.371513	-0.412617	-0.454802	-0.488311	-0.515621	-0.521422	-0.512439	-0.502627	-0.496438	-0.485464	-0.448209	-0.378268	-0.303016	-0.232537	-0.168244	-0.100801	
-0.43422	-0.353409	-0.287409	-0.249405	-0.238842	-0.255754	-0.281826	-0.309575	-0.341326	-0.364033	-0.384386	-0.412224	-0.447954	-0.476627	-0.47669	-0.440719	-0.385533	-0.326374	-0.26489	-0.193369	
-0.426145	-0.308995	-0.208779	-0.135974	-0.096756	-0.0928735	-0.107909	-0.133851	-0.172335	-0.211492	-0.252339	-0.305005	-0.36996	-0.430762	-0.459589	-0.446171	-0.411258	-0.36871	-0.318433	-0.24895	
-0.406727	-0.260393	-0.125401	-0.0249961	0.0355381	0.0563743	0.0504374	0.0227507	-0.0199903	-0.0684778	-0.122046	-0.187505	-0.263715	-0.33555	-0.38018	-0.388219	-0.371041	-0.344177	-0.309307	-0.255234	
-0.37539	-0.196541	-0.031313	0.094954	0.171798	0.201378	0.194431	0.164686	0.120358	0.071193	0.0210362	-0.0406768	-0.117306	-0.194606	-0.24762	-0.266469	-0.261726	-0.251391	-0.234689	-0.199578	
-0.316872	-0.107584	0.0870513	0.232808	0.319001	0.353281	0.34903	0.319118	0.279247	0.235829	0.19166	0.13616	0.0664872	-0.00524754	-0.060193	-0.0865487	-0.0926507	-0.0952084	-0.0990214	-0.0933711	
-0.247844	-0.0088344	0.213573	0.378763	0.474528	0.516427	0.513204	0.48599	0.45028	0.412566	0.375897	0.328056	0.265603	0.200132	0.150532	0.12328	0.114216	0.0994989	0.0741541	0.0471456	
-0.172152	0.0903091	0.332224	0.511488	0.617472	0.666622	0.670601	0.648692	0.618092	0.58354	0.549317	0.506072	0.451929	0.397696	0.353824	0.330715	0.316458	0.290257	0.244664	0.189952	
-0.0914417	0.18133	0.435141	0.624486	0.734632	0.790962	0.798077	0.778708	0.74872	0.717324	0.688209	0.651063	0.606157	0.561147	0.523734	0.494075	0.46985	0.431311	0.37109	0.296012	
-0.0245658	0.25502	0.514758	0.707002	0.820236	0.874269	0.877886	0.855129	0.82503	0.797827	0.776005	0.750408	0.716763	0.678192	0.634227	0.596161	0.556775	0.502083	0.428485	0.343789	
-0.00303113	0.279008	0.542563	0.739342	0.849175	0.898064	0.895267	0.868792	0.836905	0.814265	0.800556	0.780378	0.750625	0.712927	0.667598	0.616085	0.559757	0.494675	0.415811	0.324169	
-0.0569525	0.223553	0.48941	0.6875	0.799276	0.845612	0.840774	0.812192	0.779493	0.758148	0.741576	0.717769	0.684088	0.640642	0.58415	0.526977	0.46786	0.401139	0.322278	0.23228	
-0.17714	0.0968601	0.357361	0.553752	0.665752	0.712689	0.712226	0.689149	0.658752	0.632508	0.604987	0.564147	0.512351	0.455983	0.397665	0.339815	0.278446	0.216113	0.148617	0.0696826	
-0.33623	-0.075631	0.173615	0.367054	0.481667	0.532751	0.538575	0.515904	0.477655	0.439225	0.394033	0.334712	0.270709	0.206817	0.141574	0.0794484	0.0193408	-0.0349946	-0.0884733	-0.146126	
-0.515865	-0.266232	-0.0236329	0.16707	0.285325	0.336568	0.338048	0.304427	0.253151	0.197642	0.135516	0.0652271	-0.00661286	-0.0742451	-0.135901	-0.193019	-0.250074	-0.300128	-0.339835	-0.377589	
-0.6884	-0.449343	-0.215453	-0.0228876	0.0984016	0.145102	0.136722	0.0845159	0.0111096	-0.0661832	-0.141554	-0.219885	-0.291021	-0.351161	-0.401835	-0.450744	-0.501286	-0.540923	-0.567466	-0.585981	
-0.83829	-0.610543	-0.382842	-0.194614	-0.0788788	-0.0415749	-0.0676025	-0.139504	-0.228746	-0.316747	-0.401253	-0.481617	-0.550643	-0.603881	-0.641496	-0.674613	-0.706322	-0.734351	-0.750225	-0.757269	
-0.951017	-0.737361	-0.526288	-0.354912	-0.253732	-0.232776	-0.271375	-0.35398	-0.44657	-0.540219	-0.624955	-0.702653	-0.766297	-0.808459	-0.829535	-0.846057	-0.868259	-0.887736	-0.892221	-0.88053	
-1.04018	-0.84416	-0.657923	-0.509958	-0.430284	-0.420138	-0.468627	-0.553209	-0.64519	-0.733567	-0.80962	-0.876578	-0.92728	-0.954799	-0.962519	-0.971497	-0.981391	-0.991141	-0.985563	-0.961661	
-1.11287	-0.941855	-0.782706	-0.661702	-0.599534	-0.596239	-0.645034	-0.727641	-0.811572	-0.889465	-0.954723	-1.00658	-1.04343	-1.05779	-1.0545	-1.04762	-1.04552	-1.04749	-1.03479	-1.00139	
-1.17024	-1.02452	-0.892703	-0.794078	-0.742431	-0.737268	-0.783585	-0.857745	-0.931501	-1.00076	-1.05256	-1.09383	-1.12307	-1.12806	-1.11092	-1.09104	-1.07361	-1.06342	-1.04695	-1.01797	
-1.19565	-1.07283	-0.961135	-0.876234	-0.83307	-0.826622	-0.866512	-0.93184	-0.999279	-1.05732	-1.10532	-1.14654	-1.17375	-1.172	-1.1474	-1.11157	-1.07877	-1.06332	-1.05272	-1.03441	
-1.16919	-1.06082	-0.959435	-0.888062	-0.850512	-0.841616	-0.875882	-0.934701	-0.996632	-1.05765	-1.11252	-1.15875	-1.18956	-1.18742	-1.15594	-1.11211	-1.07996	-1.07106	-1.07203	-1.06622	
-1.0833	-0.978433	-0.88343	-0.819585	-0.786489	-0.778685	-0.807429	-0.864105	-0.9344	-1.00571	-1.06979	-1.12728	-1.16308	-1.16364	-1.13972	-1.10758	-1.08729	-1.08798	-1.09932	-1.10428	
-0.955569	-0.8446	-0.748827	-0.686403	-0.655905	-0.648886	-0.678803	-0.742752	-0.825024	-0.905439	-0.980077	-1.04408	-1.08832	-1.10702	-1.10435	-1.08905	-1.08398	-1.09747	-1.12133	-1.14063	
-0.806259	-0.684426	-0.578281	-0.511997	-0.479673	-0.478612	-0.512128	-0.585167	-0.67451	-0.762733	-0.843367	-0.918802	-0.981382	-1.02297	-1.04219	-1.04819	-1.062	-1.08743	-1.1245	-1.16033	
-0.64816	-0.507316	-0.391786	-0.316727	-0.283467	-0.287486	-0.324036	-0.395441	-0.483108	-0.572292	-0.659682	-0.752323	-0.836564	-0.905013	-0.946961	-0.972325	-0.99934	-1.04087	-1.09793	-1.15771	
-0.476606	-0.319062	-0.193659	-0.11415	-0.0873996	-0.0962155	-0.125704	-0.184277	-0.258864	-0.34154	-0.437532	-0.544356	-0.648158	-0.735631	-0.796308	-0.841027	-0.889694	-0.951678	-1.02875	-1.10845	
-0.28837	-0.114326	0.0153713	0.0900909	0.112973	0.106866	0.0858843	0.0424536	-0.0168137	-0.0983276	-0.19371	-0.301928	-0.41183	-0.512327	-0.590594	-0.660202	-0.731655	-0.816259	-0.914308	-1.01154	
-0.0775842	0.105096	0.230811	0.304725	0.32795	0.327107	0.313226	0.280453	0.225043	0.15007	0.060787	-0.0429728	-0.153193	-0.256633	-0.34853	-0.438807	-0.531628	-0.640037	-0.75721	-0.871599	
0.154002	0.333616	0.455582	0.529106	0.555497	0.561759	0.547869	0.516508	0.469556	0.403822	0.322364	0.226602	0.117296	0.00823522	-0.096305	-0.199357	-0.308082	-0.432687	-0.566136	-0.691487	
0.376775	0.552965	0.6764	0.746955	0.772317	0.77194	0.748627	0.720158	0.683273	0.630532	0.561758	0.470284	0.3587	0.247143	0.134507	0.0190248	-0.0998499	-0.230313	-0.362071	-0.484973	
0.552965	0.734581	0.863207	0.932064	0.949776	0.934161	0.898992	0.866047	0.832891	0.790386	0.731765	0.647024	0.54093	0.42621	0.301819	0.179589	0.0578192	-0.067301	-0.188585	-0.300848	
0.6764	0.863207	0.997974	1.06089	1.06372	1.03365	0.987887	0.947419	0.911604	0.872912	0.817137	0.732141	0.623055	0.504232	0.379781	0.260344	0.140916	0.0241233	-0.0858736	-0.178559	
0.746955	0.932064	1.06089	1.10848	1.10151	1.06106	1.00781	0.956323	0.913804	0.870187	0.811321	0.720139	0.60798	0.484773	0.361952	0.248124	0.135766	0.0312699	-0.0566523	-0.117265	
0.772317	0.949776	1.06372	1.10151	1.07924	1.02016	0.951064	0.884387	0.829342	0.782425	0.720398	0.623379	0.505073	0.377737	0.25862	0.147203	0.0428258	-0.0387195	-0.0893291	-0.10846	
0.77194	0.934161	1.03365	1.06106	1.02016	0.941714	0.852042	0.760818	0.685184	0.621237	0.546138	0.446304	0.330924	0.205115	0.0850956	-0.0225425	-0.110487	-0.162048	-0.174793	-0.146961	
0.748627	0.898992	0.987887	1.00781	0.951064	0.852042	0.7324	0.611982	0.502714	0.41092	0.323205	0.223367	0.104803	-0.0243521	-0.136311	-0.226049	-0.28252	-0.299286	-0.271245	-0.204303	
0.720158	0.866047	0.947419	0.956323	0.884387	0.760818	0.611982	0.457688	0.312554	0.194072	0.0902182	-0.0205407	-0.151315	-0.277266	-0.375885	-0.433334	-0.447397	-0.424066	-0.359797	-0.257514	
0.683273	0.832891	0.911604	0.913804	0.829342	0.685184	0.502714	0.312554	0.134779	-0.0133233	-0.13948	-0.268566	-0.405286	-0.520871	-0.59558	-0.616684	-0.592723	-0.531705	-0.426509	-0.276077	
0.630532	0.790386	0.872912	0.870187	0.782425	0.621237	0.41092	0.194072	-0.0133233	-0.193012	-0.346639	-0.487583	-0.614593	-0.70684	-0.756892	-0.747444	-0.687126	-0.58465	-0.436363	-0.253485	
0.561758	0.731765	0.817137	0.811321	0.720398	0.546138	0.323205	0.0902182	-0.13948	-0.346639	-0.515991	-0.654688	-0.761075	-0.82881	-0.848599	-0.800404	-0.6982	-0.554857	-0.383224	-0.191602	
