0.209536	0.110995	0.0535692	0.0236794	0.00963386	0.00362375	0.00126537	0.000411699	0.000125227	3.57175e-05	9.57908e-06	2.42164e-06	5.78401e-07	1.30795e-07	2.80564e-08	5.71903e-09	1.10962e-09	2.05232e-10	3.62158e-11	5.96359e-12	0	
0.161574	0.0822526	0.0382305	0.016307	0.00641361	0.00233602	0.000791046	0.00024993	7.3913e-05	2.05198e-05	5.36196e-06	1.32196e-06	3.0819e-07	6.8077e-08	1.42749e-08	2.84633e-09	5.40543e-10	9.7914e-11	1.69315e-11	2.73591e-12	0	
0.120531	0.0589001	0.0263378	0.0108304	0.00411424	0.00144985	0.000475749	0.000145858	4.19103e-05	1.13177e-05	2.87973e-06	6.92001e-07	1.57379e-07	3.39407e-08	6.95363e-09	1.35564e-09	2.51877e-10	4.46647e-11	7.56552e-12	1.19913e-12	0	
0.0867438	0.0406522	0.0174736	0.00692156	0.00253777	0.000864672	0.000274765	8.16943e-05	2.27942e-05	5.98437e-06	1.48196e-06	3.46932e-07	7.69363e-08	1.61926e-08	3.24006e-09	6.17363e-10	1.12184e-10	1.9468e-11	3.22909e-12	5.01869e-13	0	
0.0600616	0.0269741	0.0111375	0.00424726	0.00150216	0.000494599	0.000152126	4.38442e-05	1.18741e-05	3.02952e-06	7.29876e-07	1.664e-07	3.597e-08	7.38577e-09	1.44293e-09	2.68637e-10	4.77292e-11	8.10362e-12	1.31587e-12	2.00492e-13	0	
0.0399029	0.0171646	0.00680486	0.0024972	0.000851629	0.000270874	8.06143e-05	2.25144e-05	5.91657e-06	1.46656e-06	3.43651e-07	7.62799e-08	1.60692e-08	3.21826e-09	6.13754e-10	1.11625e-10	1.93876e-11	3.21992e-12	5.11779e-13	7.64287e-14	0	
0.0253713	0.0104501	0.00397688	0.00140408	0.000461623	0.000141807	4.08276e-05	1.10474e-05	2.81657e-06	6.78168e-07	1.54536e-07	3.33923e-08	6.85434e-09	1.33879e-09	2.49203e-10	4.42704e-11	7.5158e-12	1.2209e-12	1.89922e-13	2.77964e-14	0	
0.0154017	0.006074	0.00221877	0.000753632	0.000238856	7.08635e-05	1.97365e-05	5.17392e-06	1.2797e-06	2.99289e-07	6.63192e-08	1.39495e-08	2.78995e-09	5.31424e-10	9.65458e-11	1.67522e-11	2.77982e-12	4.4166e-13	6.72401e-14	9.64395e-15	0	
0.00890714	0.00336394	0.00117971	0.000385552	0.000117814	3.37603e-05	9.09678e-06	2.31054e-06	5.54451e-07	1.25961e-07	2.71435e-08	5.55791e-09	1.08314e-09	2.01208e-10	3.56783e-11	6.04693e-12	9.80789e-13	1.52414e-13	2.27102e-14	3.19196e-15	0	
0.00489812	0.00177221	0.000596873	0.000187754	5.533e-05	1.5318e-05	3.99406e-06	9.83113e-07	2.28924e-07	5.05275e-08	1.05901e-08	2.11119e-09	4.0095e-10	7.26465e-11	1.25743e-11	2.08186e-12	3.30085e-13	5.01754e-14	7.3177e-15	1.00795e-15	0	
0.00255714	0.000886888	0.000287016	8.69391e-05	2.47188e-05	6.61398e-06	1.66936e-06	3.98321e-07	9.0028e-08	1.93101e-08	3.93728e-09	7.64362e-10	1.41493e-10	2.50091e-11	4.22622e-12	6.83625e-13	1.05972e-13	1.57589e-14	2.24984e-15	3.03728e-16	0	
0.00126579	0.000421148	0.000131049	3.82478e-05	1.04976e-05	2.716e-06	6.63866e-07	1.53613e-07	3.37118e-08	7.0291e-09	1.3947e-09	2.63739e-10	4.75982e-11	8.20911e-12	1.35465e-12	2.14131e-13	3.24584e-14	4.72296e-15	6.60164e-16	8.73585e-17	0	
0.000593537	0.000189612	5.67769e-05	1.59777e-05	4.2359e-06	1.06031e-06	2.51115e-07	5.63746e-08	1.2018e-08	2.43685e-09	4.70687e-10	8.67279e-11	1.52646e-11	2.56953e-12	4.14164e-13	6.39908e-14	9.48727e-15	1.35104e-15	1.84928e-16	2.39908e-17	0	
0.000263476	8.08978e-05	2.33311e-05	6.33566e-06	1.6236e-06	3.93455e-07	9.03378e-08	1.96868e-08	4.07873e-09	8.04615e-10	1.51352e-10	2.71837e-11	4.66761e-12	7.67119e-13	1.20808e-13	1.82496e-14	2.64706e-15	3.69008e-16	4.94727e-17	6.29327e-18	0	
0.000110687	3.26992e-05	9.09166e-06	2.38443e-06	5.911e-07	1.38773e-07	3.09092e-08	6.54233e-09	1.31798e-09	2.53074e-10	4.63804e-11	8.12312e-12	1.36123e-12	2.18499e-13	3.3631e-14	4.96865e-15	7.05274e-16	9.62699e-17	1.26451e-17	1.57758e-18	0	
4.40036e-05	1.25216e-05	3.35974e-06	8.51768e-07	2.04426e-07	4.6529e-08	1.00601e-08	2.06942e-09	4.05595e-10	7.58446e-11	1.35488e-11	2.31496e-12	3.78745e-13	5.93986e-14	8.93866e-15	1.29197e-15	1.7952e-16	2.40009e-17	3.08941e-18	3.78093e-19	0	
1.65569e-05	4.54337e-06	1.17764e-06	2.88869e-07	6.71762e-08	1.48345e-08	3.11563e-09	6.23253e-10	1.18911e-10	2.16659e-11	3.77443e-12	6.29425e-13	1.00583e-13	1.54181e-14	2.26929e-15	3.20995e-16	4.36753e-17	5.72087e-18	7.21851e-19	8.66821e-20	0	
5.89829e-06	1.56261e-06	3.91668e-07	9.30432e-08	2.09828e-08	4.49906e-09	9.18523e-10	1.78796e-10	3.32264e-11	5.90191e-12	1.00319e-12	1.63353e-13	2.55074e-14	3.82319e-15	5.50566e-16	7.62426e-17	1.01614e-17	1.30444e-18	1.61389e-19	1.90205e-20	0	
1.99043e-06	5.09674e-07	1.23662e-07	2.84763e-08	6.23292e-09	1.29863e-09	2.57899e-10	4.88816e-11	8.85308e-12	1.5339e-12	2.54519e-13	4.0487e-14	6.18024e-15	9.06137e-16	1.27722e-16	1.73216e-17	2.26208e-18	2.84683e-19	3.45462e-20	3.99691e-21	0	
6.36674e-07	1.5775e-07	3.70877e-08	8.28612e-09	1.76177e-09	3.56947e-10	6.90034e-11	1.27429e-11	2.2506e-12	3.80565e-13	6.16745e-14	9.58864e-15	1.43148e-15	2.05391e-16	2.83471e-17	3.76634e-18	4.82115e-19	5.95006e-20	7.08404e-21	8.04814e-22	0	
1.93178e-07	4.63644e-08	1.05728e-08	2.29389e-09	4.74148e-10	9.3488e-11	1.76043e-11	3.16955e-12	5.46209e-13	9.01886e-14	1.42824e-14	2.17125e-15	3.17153e-16	4.45498e-17	6.02274e-18	7.84243e-19	9.84326e-20	1.1917e-20	1.39244e-21	1.5538e-22	0	
5.56438e-08	1.29501e-08	2.86704e-09	6.04587e-10	1.21587e-10	2.33471e-11	4.28534e-12	7.52681e-13	1.26635e-13	2.04287e-14	3.16283e-15	4.70376e-16	6.72545e-17	9.25245e-18	1.22572e-18	1.56476e-19	1.92637e-20	2.28857e-21	2.62515e-22	2.87801e-23	0	
1.5229e-08	3.4403e-09	7.40131e-10	1.51823e-10	2.97295e-11	5.56346e-12	9.96024e-13	1.70768e-13	2.80657e-14	4.42571e-15	6.70216e-16	9.75534e-17	1.3659e-17	1.84114e-18	2.39095e-19	2.99352e-20	3.61595e-21	4.21675e-22	4.74983e-23	5.11741e-24	0	
3.9638e-09	8.70001e-10	1.8204e-10	3.63538e-11	6.93659e-12	1.26593e-12	2.212e-13	3.70413e-14	5.95003e-15	9.17633e-16	1.3599e-16	1.93814e-17	2.65855e-18	3.51249e-19	4.4731e-20	5.49447e-21	6.51414e-22	7.459e-23	8.25313e-24	8.74054e-25	0	
9.82062e-10	2.09618e-10	4.26948e-11	8.30708e-12	1.54561e-12	2.75271e-13	4.6973e-14	7.68711e-15	1.20751e-15	1.82221e-16	2.64387e-17	3.69113e-18	4.96228e-19	6.42867e-20	8.03122e-21	9.68174e-22	1.12698e-22	1.26748e-23	1.37798e-24	1.4349e-25	0	
2.31824e-10	4.81621e-11	9.55653e-12	1.81295e-12	3.29146e-13	5.72429e-14	9.54511e-15	1.52739e-15	2.34743e-16	3.46791e-17	4.92848e-18	6.74304e-19	8.88816e-20	1.1295e-20	1.38473e-21	1.63885e-22	1.87357e-23	2.07026e-24	2.21215e-25	2.2655e-26	0	
5.21884e-11	1.05618e-11	2.04321e-12	3.78197e-13	6.70439e-14	1.13928e-14	1.8574e-15	2.90776e-16	4.37457e-17	6.32964e-18	8.81488e-19	1.18239e-19	1.52869e-20	1.90627e-21	2.29424e-22	2.66656e-23	2.99495e-24	3.25239e-25	3.41664e-26	3.44215e-27	0	
1.12148e-11	2.21266e-12	4.17624e-13	7.54747e-14	1.30723e-14	2.17176e-15	3.46375e-16	5.30766e-17	7.82028e-18	1.10874e-18	1.51371e-19	1.99143e-20	2.52633e-21	3.09243e-22	3.65486e-23	4.17316e-24	4.60614e-25	4.91739e-26	5.07994e-27	5.03589e-28	0	
2.30256e-12	4.43215e-13	8.16732e-14	1.44207e-14	2.44179e-15	3.96828e-16	6.19467e-17	9.29596e-18	1.34201e-18	1.86516e-19	2.49737e-20	3.22365e-21	4.01418e-22	4.82507e-23	5.60187e-24	6.28554e-25	6.81991e-26	7.15947e-27	7.27525e-28	7.09833e-29	0	
4.52088e-13	8.49597e-14	1.52953e-14	2.6401e-15	4.37281e-16	6.95539e-17	1.06326e-17	1.56328e-18	2.21225e-19	3.01529e-20	3.96114e-21	5.0187e-22	6.13646e-23	7.24545e-24	8.26594e-25	9.1169e-26	9.72683e-27	1.00438e-27	1.0042e-28	9.64543e-30	0	
8.49597e-14	1.55984e-14	2.74519e-15	4.63495e-16	7.51346e-17	1.17028e-17	1.75274e-18	2.52602e-19	3.50552e-20	4.68768e-21	6.0442e-22	7.51919e-23	9.03073e-24	1.04774e-24	1.17492e-25	1.2742e-26	1.33712e-27	1.35842e-28	1.33666e-29	1.26421e-30	0	
1.52953e-14	2.74519e-15	4.72577e-16	7.80899e-17	1.23957e-17	1.89157e-18	2.77689e-19	3.92452e-20	5.34318e-21	7.01266e-22	8.87795e-23	1.08482e-23	1.2802e-24	1.45991e-25	1.60969e-26	1.71698e-27	1.77266e-28	1.77231e-29	1.71672e-30	1.59913e-31	0	
2.6401e-15	4.63495e-16	7.80899e-17	1.26356e-17	1.96503e-18	2.93916e-19	4.23118e-20	5.86649e-21	7.83898e-22	1.01014e-22	1.25607e-23	1.50806e-24	1.74922e-25	1.96128e-26	2.12688e-27	2.23193e-28	2.26767e-29	2.23179e-30	2.12857e-31	1.95325e-32	0	
4.37281e-16	7.51346e-17	1.23957e-17	1.96503e-18	2.99532e-19	4.39333e-20	6.20464e-21	8.44299e-22	1.10767e-22	1.40193e-23	1.71281e-24	2.0212e-25	2.30503e-26	2.54184e-27	2.71179e-28	2.80043e-29	2.80074e-30	2.71401e-31	2.5493e-32	2.30499e-33	0	
6.95539e-17	1.17028e-17	1.89157e-18	2.93916e-19	4.39333e-20	6.32162e-21	8.76213e-22	1.17062e-22	1.50841e-23	1.87577e-24	2.25245e-25	2.6133e-26	2.93106e-27	3.17975e-28	3.33829e-29	3.3934e-30	3.34148e-31	3.18892e-32	2.95071e-33	2.6293e-34	0	
1.06326e-17	1.75274e-18	2.77689e-19	4.23118e-20	6.20464e-21	8.76213e-22	1.19239e-22	1.56463e-23	1.98087e-24	2.42105e-25	2.85828e-26	3.26139e-27	3.59857e-28	3.84164e-29	3.96992e-30	3.97322e-31	3.85307e-32	3.62223e-33	3.30238e-34	2.90065e-35	0	
1.56328e-18	2.52602e-19	3.92452e-20	5.86649e-21	8.44299e-22	1.17062e-22	1.56463e-23	2.01719e-24	2.51e-25	3.01611e-26	3.50194e-27	3.93092e-28	4.26809e-29	4.48487e-30	4.5631e-31	4.49754e-32	4.29633e-33	3.9795e-34	3.57552e-35	3.09631e-36	0	
2.21225e-19	3.50552e-20	5.34318e-21	7.83898e-22	1.10767e-22	1.50841e-23	1.98087e-24	2.51e-25	3.07062e-26	3.62875e-27	4.14481e-28	4.57824e-29	4.89288e-30	5.062e-31	5.07203e-32	4.92438e-33	4.6348e-34	4.23073e-35	3.74692e-36	3.19964e-37	0	
3.01529e-20	4.68768e-21	7.01266e-22	1.01014e-22	1.40193e-23	1.87577e-24	2.42105e-25	3.01611e-26	3.62875e-27	4.21865e-28	4.74162e-29	5.15521e-30	5.42439e-31	5.52656e-32	5.45465e-33	5.21782e-34	4.8397e-35	4.35457e-36	3.80224e-37	3.20232e-38	0	
3.96114e-21	6.0442e-22	8.87795e-23	1.25607e-23	1.71281e-24	2.25245e-25	2.85828e-26	3.50194e-27	4.14481e-28	4.74162e-29	5.24572e-30	5.61515e-31	5.8185e-32	5.83935e-33	5.6784e-34	5.35298e-35	4.89401e-36	4.34133e-37	3.73796e-38	3.10554e-39	0	
5.0187e-22	7.51919e-23	1.08482e-23	1.50806e-24	2.0212e-25	2.6133e-26	3.26139e-27	3.93092e-28	4.57824e-29	5.15521e-30	5.61515e-31	5.91918e-32	6.04171e-33	5.97395e-34	5.72491e-35	5.31956e-36	4.79483e-37	4.19416e-38	3.56169e-39	2.91951e-40	0	
6.13646e-23	9.03073e-24	1.2802e-24	1.74922e-25	2.30503e-26	2.93106e-27	3.59857e-28	4.26809e-29	4.89288e-30	5.42439e-31	5.8185e-32	6.04171e-33	6.07583e-34	5.92041e-35	5.59236e-36	5.12305e-37	4.55343e-38	3.92832e-39	3.29075e-40	2.66179e-41	0	
7.24545e-24	1.04774e-24	1.45991e-25	1.96128e-26	2.54184e-27	3.17975e-28	3.84164e-29	4.48487e-30	5.062e-31	5.52656e-32	5.83935e-33	5.97395e-34	5.92041e-35	5.68635e-36	5.29545e-37	4.78352e-38	4.19326e-39	3.56858e-40	2.94942e-41	2.35457e-42	0	
8.26594e-25	1.17492e-25	1.60969e-26	2.12688e-27	2.71179e-28	3.33829e-29	3.96992e-30	4.5631e-31	5.07203e-32	5.45465e-33	5.6784e-34	5.72491e-35	5.59236e-36	5.29545e-37	4.86276e-38	4.33233e-39	3.74628e-40	3.14554e-41	2.56545e-42	2.02163e-43	0	
9.1169e-26	1.2742e-26	1.71698e-27	2.23193e-28	2.80043e-29	3.3934e-30	3.97322e-31	4.49754e-32	4.92438e-33	5.21782e-34	5.35298e-35	5.31956e-36	5.12305e-37	4.78352e-38	4.33233e-39	3.80745e-40	3.24835e-41	2.69143e-42	2.16645e-43	1.68546e-44	0	
9.72683e-27	1.33712e-27	1.77266e-28	2.26767e-29	2.80074e-30	3.34148e-31	3.85307e-32	4.29633e-33	4.6348e-34	4.8397e-35	4.89401e-36	4.79483e-37	4.55343e-38	4.19326e-39	3.74628e-40	3.24835e-41	2.73475e-42	2.23632e-43	1.77692e-44	1.36499e-45	0	
1.00438e-27	1.35842e-28	1.77231e-29	2.23179e-30	2.71401e-31	3.18892e-32	3.62223e-33	3.9795e-34	4.23073e-35	4.35457e-36	4.34133e-37	4.19416e-38	3.92832e-39	3.56858e-40	3.14554e-41	2.69143e-42	2.23632e-43	1.80517e-44	1.41607e-45	1.07425e-46	0	
1.0042e-28	1.33666e-29	1.71672e-30	2.12857e-31	2.5493e-32	2.95071e-33	3.30238e-34	3.57552e-35	3.74692e-36	3.80224e-37	3.73796e-38	3.56169e-39	3.29075e-40	2.94942e-41	2.56545e-42	2.16645e-43	1.77692e-44	1.41607e-45	1.09687e-46	8.2185e-48	0	
9.64543e-30	1.26421e-30	1.59913e-31	1.95325e-32	2.30499e-33	2.6293e-34	2.90065e-35	3.09631e-36	3.19964e-37	3.20232e-38	3.10554e-39	2.91951e-40	2.66179e-41	2.35457e-42	2.02163e-43	1.68546e-44	1.36499e-45	1.07425e-46	8.2185e-48	6.08362e-49	0	
0	0	0	0	0	0	0	0	0	0	0	0	0	0	0	0	0	0	0	0	0	
