0	-0.0422552	-0.0824785	-0.125089	-0.166265	-0.206654	-0.246437	-0.286355	-0.321675	-0.357812	-0.391845	-0.421459	-0.451482	-0.475813	-0.497291	-0.513831	-0.524343	-0.535634	-0.543826	-0.548692	
0	-0.0191814	-0.0380949	-0.0585977	-0.0780388	-0.100114	-0.122545	-0.14661	-0.170957	-0.198342	-0.22301	-0.245877	-0.27135	-0.287318	-0.305185	-0.322237	-0.334614	-0.350006	-0.360213	-0.373401	
0	0.0121166	0.0244611	0.0328334	0.0399158	0.0426784	0.0430519	0.0398324	0.0342947	0.0278124	0.0186975	0.00813991	-0.00411549	-0.0177815	-0.0352909	-0.0542175	-0.0703319	-0.0934208	-0.115548	-0.136095	
0	0.0408411	0.0851447	0.121659	0.16088	0.196214	0.22504	0.253649	0.275174	0.288886	0.299634	0.301792	0.296282	0.28773	0.270051	0.24955	0.223165	0.192298	0.166639	0.142955	
0	0.0721759	0.143691	0.212511	0.280219	0.341612	0.398711	0.450853	0.491514	0.527839	0.55382	0.567948	0.574426	0.570519	0.556208	0.535306	0.513516	0.487212	0.463131	0.436034	
0	0.0940038	0.190612	0.279193	0.367247	0.450746	0.523902	0.594127	0.652324	0.700639	0.740086	0.764794	0.783924	0.791088	0.790645	0.788131	0.77578	0.7567	0.732161	0.703775	
0	0.100781	0.201622	0.29784	0.393553	0.482528	0.564658	0.644371	0.710692	0.773862	0.829485	0.875029	0.916754	0.948286	0.970328	0.983975	0.982431	0.973246	0.954215	0.920771	
0	0.0899256	0.177975	0.266788	0.351611	0.436644	0.51838	0.599998	0.677378	0.754775	0.827752	0.892373	0.95632	1.00563	1.04736	1.07902	1.0961	1.10155	1.08953	1.06523	
0	0.0677672	0.137223	0.206755	0.279181	0.353981	0.429019	0.508231	0.585537	0.664085	0.741094	0.813841	0.885978	0.947935	1.0036	1.05247	1.08125	1.10382	1.11164	1.10887	
0	0.0536059	0.104142	0.161145	0.215287	0.273124	0.333531	0.395308	0.458738	0.525943	0.591958	0.658471	0.724511	0.784363	0.843341	0.894702	0.938547	0.981517	1.01243	1.03266	
0	0.0362017	0.0694399	0.10886	0.144359	0.184061	0.226305	0.266867	0.312886	0.358415	0.404762	0.453282	0.503441	0.553074	0.605828	0.659066	0.711535	0.764168	0.810762	0.856826	
0	0.0125881	0.0248718	0.039287	0.0540503	0.0702559	0.0897041	0.108449	0.132013	0.157602	0.183956	0.218786	0.25356	0.293238	0.340422	0.389602	0.442516	0.50393	0.567942	0.634776	
0	-0.0145731	-0.0315587	-0.0424239	-0.0555396	-0.0640208	-0.067817	-0.0715532	-0.0656703	-0.0587327	-0.0450517	-0.0228292	0.000796994	0.0365732	0.0801264	0.127196	0.190466	0.258407	0.331514	0.406055	
0	-0.0414263	-0.081537	-0.120317	-0.154816	-0.187598	-0.211819	-0.234358	-0.246297	-0.251816	-0.24986	-0.234908	-0.213342	-0.178297	-0.133847	-0.0814431	-0.0161089	0.0479706	0.118213	0.191193	
0	-0.0585992	-0.111733	-0.169056	-0.217844	-0.263985	-0.305065	-0.337523	-0.361119	-0.376514	-0.380024	-0.370024	-0.352929	-0.321288	-0.280517	-0.235607	-0.181834	-0.127542	-0.069374	-0.0117873	
0	-0.0583391	-0.114333	-0.171141	-0.222075	-0.271127	-0.314707	-0.350339	-0.379609	-0.401341	-0.410397	-0.414004	-0.409238	-0.3918	-0.373685	-0.348581	-0.313916	-0.283032	-0.247119	-0.21211	
0	-0.0445691	-0.0856975	-0.130108	-0.167924	-0.206938	-0.241945	-0.272751	-0.30422	-0.328473	-0.352552	-0.374574	-0.389615	-0.404116	-0.415103	-0.417962	-0.419193	-0.418409	-0.40994	-0.393521	
0	-0.0206112	-0.038115	-0.060194	-0.0806071	-0.100413	-0.127329	-0.150185	-0.179734	-0.212317	-0.244321	-0.28295	-0.320185	-0.359925	-0.40069	-0.436152	-0.474568	-0.500719	-0.520402	-0.53106	
0	0.00480029	0.0044918	0.0068967	0.00170839	-0.00645732	-0.020336	-0.0386582	-0.0659302	-0.0977285	-0.135378	-0.184179	-0.235009	-0.291813	-0.355582	-0.413532	-0.474681	-0.527891	-0.57569	-0.617017	
0	0.0149092	0.0236777	0.037147	0.039691	0.0401801	0.0349707	0.0191402	-0.004096	-0.0335835	-0.0771876	-0.126437	-0.180187	-0.246765	-0.312699	-0.381933	-0.457369	-0.527425	-0.592928	-0.647448	
0	0.0124473	0.0222374	0.0314603	0.0317412	0.0312655	0.0201859	0.00192553	-0.0206616	-0.055501	-0.0952235	-0.141245	-0.195932	-0.25818	-0.321831	-0.392464	-0.464584	-0.527968	-0.587001	-0.637476	
0	-0.00438395	-0.0112233	-0.0179226	-0.0275669	-0.0417494	-0.0569992	-0.0792316	-0.104701	-0.136766	-0.175155	-0.217891	-0.269438	-0.321459	-0.374354	-0.430466	-0.477422	-0.521903	-0.560696	-0.592463	
0	-0.0306505	-0.060205	-0.0903328	-0.117364	-0.147222	-0.172417	-0.202251	-0.230867	-0.259381	-0.292675	-0.322047	-0.353061	-0.383394	-0.407944	-0.437295	-0.45428	-0.47411	-0.48501	-0.483091	
0	-0.0520302	-0.0966512	-0.150312	-0.193513	-0.238029	-0.279357	-0.314448	-0.343982	-0.369521	-0.386299	-0.397284	-0.404475	-0.405589	-0.402738	-0.397002	-0.384365	-0.368545	-0.348071	-0.319646	
0	-0.0615907	-0.117569	-0.178702	-0.228807	-0.278436	-0.322282	-0.35449	-0.382767	-0.400763	-0.406868	-0.405923	-0.396568	-0.37139	-0.345177	-0.3058	-0.264876	-0.219791	-0.177648	-0.133974	
0	-0.0508957	-0.106079	-0.151008	-0.19938	-0.240048	-0.275761	-0.304648	-0.32723	-0.33831	-0.33879	-0.330261	-0.306809	-0.269813	-0.230681	-0.175181	-0.117963	-0.0597239	0.00483503	0.0680483	
0	-0.0291877	-0.0641443	-0.0872499	-0.118397	-0.139977	-0.158256	-0.174222	-0.180677	-0.180279	-0.173626	-0.158427	-0.130436	-0.100183	-0.0579417	-0.0019471	0.0567693	0.124454	0.205294	0.277761	
0	-0.00533376	-0.00857565	-0.0118717	-0.0126963	-0.00985209	-0.00528831	0.00279226	0.0150868	0.0307348	0.0477829	0.0731396	0.102552	0.13304	0.182113	0.230953	0.286473	0.356809	0.426537	0.49469	
0	0.0215046	0.0471017	0.0681223	0.0942518	0.121031	0.146373	0.177238	0.207869	0.239275	0.2764	0.315	0.355329	0.400922	0.452347	0.497573	0.553759	0.613021	0.664601	0.726723	
0	0.0429919	0.0870456	0.130388	0.177089	0.222927	0.271833	0.322501	0.374862	0.427781	0.485922	0.540113	0.596626	0.655309	0.706367	0.759187	0.813248	0.857345	0.899467	0.94255	
0	0.0585158	0.117403	0.177282	0.241775	0.303455	0.374252	0.442165	0.513575	0.588273	0.658209	0.730131	0.797487	0.861538	0.917023	0.971125	1.01311	1.04358	1.06918	1.08095	
0	0.0764534	0.152671	0.230576	0.308425	0.38745	0.46829	0.547858	0.628313	0.709063	0.783329	0.859855	0.926423	0.987509	1.0398	1.08032	1.10626	1.11985	1.12119	1.1062	
0	0.0963197	0.190788	0.285872	0.373727	0.464672	0.545212	0.626259	0.702113	0.771031	0.839262	0.89864	0.952789	0.998242	1.03367	1.05686	1.06688	1.06459	1.04952	1.01895	
0	0.102089	0.202892	0.300411	0.393047	0.481789	0.560934	0.636076	0.701119	0.756793	0.807572	0.84341	0.875623	0.895449	0.908448	0.91326	0.9088	0.898104	0.875386	0.842087	
0	0.0858912	0.171752	0.254039	0.336934	0.411273	0.484131	0.547078	0.600681	0.646034	0.677443	0.699015	0.710503	0.711603	0.707185	0.695029	0.679212	0.659212	0.631159	0.604379	
0	0.0612695	0.121309	0.179799	0.236085	0.286604	0.335523	0.375099	0.410208	0.438414	0.455599	0.468991	0.469741	0.464402	0.4499	0.42791	0.403001	0.373036	0.345685	0.323901	
0	0.0317618	0.0618504	0.0906029	0.114374	0.136785	0.153653	0.167443	0.178789	0.184745	0.188082	0.187075	0.17919	0.167715	0.148945	0.127306	0.102314	0.0757216	0.0539557	0.0300982	
0	-0.00226927	-0.0044973	-0.00804985	-0.0129771	-0.0181851	-0.0276074	-0.0366211	-0.0494244	-0.0647557	-0.0797694	-0.0986188	-0.115622	-0.132782	-0.148946	-0.163566	-0.17963	-0.195189	-0.213445	-0.235576	
0	-0.02859	-0.0570515	-0.0864225	-0.115388	-0.14604	-0.177052	-0.208374	-0.241195	-0.2722	-0.302066	-0.330101	-0.352912	-0.373563	-0.389831	-0.404106	-0.416825	-0.427987	-0.440606	-0.449572	
0	-0.0472048	-0.09474	-0.141603	-0.188087	-0.234365	-0.277982	-0.321028	-0.360863	-0.397485	-0.432409	-0.463183	-0.491958	-0.518429	-0.541529	-0.561505	-0.576505	-0.587023	-0.59262	-0.593712	
0	-0.058843	-0.116871	-0.172496	-0.225851	-0.275476	-0.321494	-0.364589	-0.403666	-0.440959	-0.476187	-0.508839	-0.540651	-0.568901	-0.593697	-0.614094	-0.629611	-0.641229	-0.649092	-0.656612	
0	-0.0547976	-0.108639	-0.161368	-0.212087	-0.260182	-0.306265	-0.349014	-0.389101	-0.426541	-0.460216	-0.491161	-0.5189	-0.543129	-0.565238	-0.585281	-0.603878	-0.621114	-0.63658	-0.649608	
0	-0.0417722	-0.0836658	-0.126266	-0.168955	-0.211821	-0.254168	-0.294603	-0.333068	-0.367849	-0.398712	-0.426299	-0.45014	-0.472181	-0.493352	-0.514008	-0.53439	-0.553568	-0.570334	-0.582951	
0	-0.0331421	-0.0663088	-0.0992299	-0.131937	-0.164423	-0.196184	-0.227422	-0.257718	-0.286543	-0.314091	-0.33961	-0.362756	-0.383828	-0.402164	-0.418073	-0.432188	-0.44498	-0.457256	-0.469762	
0	-0.0275671	-0.0544817	-0.0799052	-0.103759	-0.125809	-0.146318	-0.166113	-0.185413	-0.20511	-0.2254	-0.245678	-0.265663	-0.284001	-0.299559	-0.312156	-0.322029	-0.330315	-0.338887	-0.349327	
0	-0.0178372	-0.035435	-0.0526171	-0.069153	-0.0847791	-0.0994897	-0.113159	-0.125898	-0.138153	-0.150087	-0.162221	-0.174979	-0.188135	-0.201719	-0.215226	-0.227751	-0.238753	-0.247843	-0.254884	
0	-0.00694109	-0.0144372	-0.0230674	-0.0329745	-0.0441888	-0.0563763	-0.0687739	-0.0807535	-0.0914775	-0.100471	-0.10796	-0.114415	-0.12095	-0.128822	-0.138527	-0.149819	-0.161533	-0.171595	-0.178217	
0	-0.00452893	-0.0091801	-0.014076	-0.0193288	-0.0250732	-0.031321	-0.0380485	-0.0451254	-0.0522039	-0.059015	-0.0652046	-0.0704819	-0.074944	-0.0787254	-0.0821939	-0.0859204	-0.0902164	-0.0951424	-0.100548	
0	-0.00600051	-0.0113646	-0.0155045	-0.0181316	-0.0191888	-0.0189669	-0.0181578	-0.0175563	-0.0180398	-0.020233	-0.0241107	-0.0291076	-0.0340684	-0.037547	-0.0386893	-0.0375743	-0.0353451	-0.0341441	-0.0359632	
0	0	0	0	0	0	0	0	0	0	0	0	0	0	0	0	0	0	0	0	
