0	0	0	0	0	0	0	0	0	0	0	0	0	0	0	0	0	0	0	0	0	
0.0018909	0.00637679	0.00497842	0.00305263	0.00333543	0.00423357	0.0146026	0.0321789	0.0444749	0.0476802	0.0442943	0.0306003	0.00164864	-0.0355576	-0.0719917	-0.097766	-0.103181	-0.0921808	-0.0684013	-0.0342671	0	
0.000329675	0.0101965	0.0114585	0.0105037	0.00756639	0.00546285	0.0287257	0.0658727	0.087596	0.0935155	0.089505	0.0619516	0.00213133	-0.0718886	-0.142855	-0.193381	-0.20467	-0.183383	-0.13629	-0.0685055	0	
0.00473764	0.0179239	0.0154352	0.00957185	0.00881008	0.0133309	0.0454568	0.0960905	0.131268	0.140785	0.130535	0.0892782	0.0040931	-0.105315	-0.212196	-0.286916	-0.303475	-0.272274	-0.202517	-0.102165	0	
0.0034893	0.0200589	0.0195587	0.0165933	0.0142016	0.0173964	0.0605821	0.127176	0.171335	0.185038	0.173662	0.117061	0.00274202	-0.139873	-0.277685	-0.374578	-0.397913	-0.358197	-0.266771	-0.135495	0	
0.00653695	0.0257286	0.0250243	0.0162944	0.012955	0.0257135	0.0798707	0.157326	0.212037	0.228049	0.209596	0.140001	0.00400047	-0.170546	-0.340517	-0.457579	-0.486537	-0.439255	-0.328005	-0.168166	0	
0.00810268	0.0275389	0.0251453	0.0179036	0.0182689	0.0373023	0.0981403	0.183109	0.247048	0.269704	0.247548	0.161091	0.000551391	-0.201243	-0.396366	-0.531754	-0.569106	-0.51554	-0.385236	-0.199511	0	
0.00866938	0.0283435	0.0298983	0.0207233	0.0185034	0.0457524	0.118069	0.212229	0.282885	0.306444	0.277114	0.177907	-0.00042424	-0.227743	-0.447867	-0.599047	-0.643123	-0.584033	-0.438019	-0.230303	0	
0.0107796	0.0282543	0.0293585	0.0189381	0.0217796	0.0619357	0.140088	0.235168	0.311832	0.341084	0.306274	0.191851	-0.00504567	-0.253158	-0.490869	-0.655196	-0.708765	-0.645974	-0.485199	-0.258301	0	
0.00990908	0.0257119	0.029164	0.0213466	0.0274207	0.0746165	0.159813	0.259593	0.339599	0.370432	0.329368	0.201429	-0.0100369	-0.273894	-0.525953	-0.702447	-0.764617	-0.698083	-0.526007	-0.284409	0	
0.00981953	0.0202238	0.0287108	0.0233702	0.0321768	0.0890636	0.181114	0.282114	0.363546	0.394503	0.346306	0.207713	-0.0144295	-0.291098	-0.553598	-0.738527	-0.808549	-0.740731	-0.560439	-0.306787	0	
0.00737918	0.0166009	0.0247489	0.0233566	0.0417939	0.10641	0.201552	0.301354	0.380685	0.412709	0.361561	0.211775	-0.0221688	-0.305057	-0.570333	-0.762409	-0.841468	-0.773676	-0.586941	-0.323837	0	
0.00419659	0.00739075	0.0210588	0.0304593	0.0536446	0.119129	0.217595	0.319825	0.398394	0.426448	0.366834	0.209501	-0.0267036	-0.310576	-0.579508	-0.777373	-0.860737	-0.793852	-0.605612	-0.336374	0	
0.000985029	0.0012492	0.0158588	0.0335595	0.0664564	0.135652	0.235128	0.334963	0.407416	0.430886	0.369598	0.209195	-0.0312821	-0.314614	-0.579973	-0.777861	-0.865644	-0.804133	-0.616079	-0.341327	0	
-0.00579718	-0.00657158	0.0118984	0.0419637	0.0818289	0.149127	0.247448	0.345372	0.414151	0.433497	0.366667	0.201676	-0.0354162	-0.308561	-0.569393	-0.769053	-0.858634	-0.801399	-0.616006	-0.339597	0	
-0.00883972	-0.0142684	0.0053493	0.04963	0.0993252	0.164517	0.256676	0.351236	0.417009	0.428088	0.356058	0.195488	-0.0326677	-0.297808	-0.553999	-0.748502	-0.835404	-0.78551	-0.606908	-0.332041	0	
-0.0173792	-0.0198425	0.00769534	0.0606759	0.112221	0.175345	0.264146	0.353516	0.412954	0.418054	0.345003	0.188366	-0.0304569	-0.281439	-0.52671	-0.715144	-0.801367	-0.758444	-0.5859	-0.316651	0	
-0.0219581	-0.0243425	0.00577541	0.0672869	0.126958	0.190723	0.268053	0.346859	0.404171	0.405343	0.328851	0.179921	-0.021334	-0.256297	-0.492584	-0.673499	-0.755068	-0.716391	-0.553363	-0.297257	0	
-0.0312616	-0.0264181	0.0140306	0.0787596	0.13821	0.199094	0.265439	0.336625	0.39177	0.388079	0.311605	0.175073	-0.0080397	-0.227368	-0.450388	-0.620002	-0.697225	-0.662252	-0.51014	-0.27314	0	
-0.0365618	-0.0253012	0.0219258	0.0859865	0.144521	0.203766	0.263107	0.324506	0.370955	0.365731	0.296723	0.173704	0.00833438	-0.191972	-0.398133	-0.55748	-0.631277	-0.596552	-0.455564	-0.243968	0	
-0.0452319	-0.0213793	0.0335402	0.0914845	0.14789	0.20833	0.256418	0.301917	0.345016	0.345864	0.283761	0.174743	0.0310581	-0.14956	-0.340001	-0.487991	-0.555013	-0.518977	-0.392862	-0.212075	0	
-0.0503749	-0.0149621	0.0438633	0.0994633	0.151828	0.200314	0.239424	0.281647	0.319229	0.321328	0.27416	0.184569	0.0577344	-0.104194	-0.274188	-0.40913	-0.470484	-0.434496	-0.323942	-0.175209	0	
-0.0495716	-0.00539281	0.0536774	0.10293	0.14386	0.186052	0.226529	0.259464	0.286966	0.298545	0.27014	0.197851	0.0907441	-0.0497314	-0.203211	-0.326427	-0.378477	-0.343503	-0.251008	-0.134421	0	
-0.0491699	-0.00110528	0.0573199	0.105398	0.138642	0.171741	0.204319	0.227528	0.255009	0.280855	0.273104	0.220873	0.130158	0.00591187	-0.129564	-0.235514	-0.278385	-0.250865	-0.177935	-0.0906341	0	
-0.0423118	0.00779246	0.0616652	0.103823	0.126279	0.145937	0.170996	0.198221	0.234715	0.269447	0.277645	0.246471	0.175586	0.0704208	-0.0494268	-0.142178	-0.177074	-0.157585	-0.104456	-0.04602	0	
-0.0317013	0.00992253	0.0545377	0.0941432	0.108294	0.118549	0.141981	0.170639	0.210435	0.258998	0.29176	0.28376	0.230029	0.138028	0.0302634	-0.0466928	-0.0727213	-0.0649366	-0.0346481	-0.00485219	0	
-0.0268589	0.00664312	0.0474813	0.078504	0.0860801	0.0923006	0.10409	0.133506	0.195716	0.266204	0.314494	0.324187	0.287324	0.208552	0.115952	0.0527877	0.0270509	0.0213664	0.0313643	0.0326747	0	
-0.0258553	0.00450144	0.0329592	0.0506426	0.0581216	0.0592144	0.0629693	0.105806	0.191559	0.2787	0.342946	0.370203	0.349254	0.286685	0.207522	0.14714	0.117216	0.104342	0.0930972	0.0612527	0	
-0.0307216	-0.00705042	0.00646618	0.0152981	0.0230474	0.0211545	0.0276475	0.0855334	0.189912	0.297027	0.380661	0.42457	0.418739	0.368254	0.296129	0.236417	0.202745	0.180181	0.144181	0.0812313	0	
-0.0474126	-0.0324333	-0.0291138	-0.0250993	-0.021421	-0.0205995	-0.00154787	0.067748	0.189763	0.326816	0.433224	0.485489	0.486374	0.448087	0.387343	0.325762	0.277458	0.238294	0.184357	0.100603	0	
-0.0833383	-0.0740829	-0.0717818	-0.0746649	-0.0779091	-0.0683811	-0.0297059	0.0578834	0.20341	0.366242	0.485819	0.545279	0.560242	0.535999	0.475794	0.402199	0.338939	0.284169	0.213752	0.114877	0	
-0.139477	-0.131012	-0.132623	-0.13963	-0.143124	-0.118297	-0.0540034	0.055877	0.223108	0.40506	0.539201	0.615157	0.643415	0.618856	0.549822	0.469374	0.394041	0.315557	0.227275	0.122764	0	
-0.219647	-0.215875	-0.213849	-0.21568	-0.214506	-0.173656	-0.0829519	0.05915	0.250491	0.443111	0.59453	0.691197	0.72311	0.691896	0.618823	0.53002	0.431426	0.326296	0.230515	0.12968	0	
-0.325202	-0.322516	-0.315352	-0.310054	-0.294041	-0.232659	-0.114546	0.0621527	0.274764	0.480953	0.653371	0.76207	0.794357	0.763246	0.680635	0.568521	0.447424	0.329055	0.226642	0.124786	0	
-0.452137	-0.450484	-0.438225	-0.419828	-0.381753	-0.29995	-0.152609	0.0588709	0.295783	0.520886	0.704987	0.818933	0.860323	0.828336	0.723091	0.583912	0.448583	0.32435	0.212418	0.107315	0	
-0.588254	-0.589983	-0.580162	-0.546975	-0.480793	-0.366978	-0.189704	0.0438122	0.305612	0.551927	0.742438	0.866309	0.916772	0.87184	0.743387	0.58368	0.432144	0.302245	0.190169	0.0894653	0	
-0.724633	-0.738009	-0.724317	-0.671031	-0.577753	-0.433193	-0.234789	0.0146372	0.300206	0.566481	0.77101	0.90479	0.947158	0.884214	0.742564	0.565865	0.39653	0.263749	0.160503	0.0724355	0	
-0.837547	-0.858732	-0.843567	-0.784262	-0.672461	-0.49932	-0.281667	-0.0190587	0.283087	0.568538	0.786867	0.916114	0.943795	0.870537	0.716469	0.524224	0.344451	0.210098	0.121348	0.056941	0	
-0.907703	-0.942969	-0.931467	-0.866235	-0.740175	-0.551223	-0.31674	-0.0427287	0.260525	0.551733	0.777123	0.90021	0.916709	0.829276	0.656943	0.455817	0.274676	0.143156	0.0761028	0.0419339	0	
-0.927421	-0.968562	-0.956427	-0.887083	-0.760175	-0.569263	-0.328196	-0.0555202	0.239703	0.527738	0.750163	0.865739	0.867308	0.754422	0.561261	0.358821	0.191191	0.0772555	0.0246245	0.00895796	0	
-0.879803	-0.922372	-0.906091	-0.833386	-0.715519	-0.541285	-0.310247	-0.040049	0.247591	0.516805	0.718987	0.814909	0.788181	0.649393	0.447407	0.247127	0.0941907	0.00578293	-0.0323703	-0.0333761	0	
-0.772997	-0.807	-0.781424	-0.710522	-0.606249	-0.44944	-0.234466	0.024476	0.29698	0.534082	0.693171	0.749938	0.695285	0.542104	0.334133	0.129626	-0.01785	-0.081537	-0.0850428	-0.0562715	0	
-0.62525	-0.643896	-0.604314	-0.526885	-0.423655	-0.281889	-0.0924506	0.141849	0.386372	0.583447	0.694404	0.707245	0.619999	0.443288	0.222994	0.0203779	-0.118626	-0.164982	-0.132612	-0.0687344	0	
-0.455196	-0.447516	-0.383782	-0.29489	-0.19431	-0.0631265	0.106625	0.308938	0.518872	0.682003	0.746244	0.704134	0.574293	0.3711	0.138592	-0.0583861	-0.181841	-0.215753	-0.17313	-0.0926915	0	
-0.269455	-0.236229	-0.153861	-0.0546407	0.0516194	0.185127	0.347727	0.525852	0.697061	0.817614	0.838835	0.75139	0.580417	0.352748	0.113951	-0.0808514	-0.198214	-0.227067	-0.188388	-0.109062	0	
-0.0896993	-0.0334111	0.066709	0.181708	0.298232	0.439386	0.605235	0.767095	0.898935	0.976264	0.964451	0.849373	0.653027	0.410751	0.167985	-0.0327751	-0.158802	-0.192241	-0.159767	-0.0935906	0	
0.0765222	0.160118	0.274909	0.401167	0.530842	0.680971	0.848169	1.00155	1.10685	1.14591	1.10856	0.989649	0.793642	0.544506	0.295158	0.0901975	-0.0459691	-0.0975064	-0.087913	-0.0525762	0	
0.219813	0.334672	0.465457	0.604127	0.744249	0.896849	1.06028	1.20596	1.29815	1.32023	1.26938	1.15143	0.971229	0.73787	0.492601	0.281308	0.130655	0.0523759	0.0210614	0.00490441	0	
0.328625	0.480193	0.635675	0.784278	0.928779	1.08219	1.23948	1.37605	1.46343	1.4846	1.43392	1.32355	1.16484	0.959388	0.731794	0.518733	0.348688	0.234156	0.149765	0.0705224	0	
0.398154	0.582584	0.765984	0.932451	1.08404	1.23541	1.38622	1.5136	1.59569	1.62598	1.59449	1.50009	1.35588	1.17488	0.974192	0.768208	0.575975	0.415892	0.273198	0.132203	0	
