0	0	0	0	0	0	0	0	0	0	0	0	0	0	0	0	0	0	0	0	
0	-0.00367639	-0.0203809	-0.0121195	-0.00217896	-0.00106645	0.00959924	-0.0104116	-0.0419392	-0.0745956	-0.116794	-0.126675	-0.114362	-0.0796424	-0.0299259	0.0421281	0.117827	0.177003	0.223688	0.259956	
0	-0.0203809	-0.0298475	-0.0304578	-0.0232969	0.00728468	0.0277179	-0.0102649	-0.0814536	-0.164096	-0.238442	-0.266362	-0.232642	-0.154447	-0.0460364	0.101739	0.251375	0.372104	0.46225	0.534627	
0	-0.0121195	-0.0304578	-0.0464711	-0.0322763	0.00562578	0.00826722	-0.0417964	-0.132447	-0.242109	-0.332216	-0.368661	-0.319114	-0.208418	-0.0423068	0.165495	0.375473	0.552749	0.689639	0.786566	
0	-0.00217896	-0.0232969	-0.0322763	-0.0238908	-0.02787	-0.0585155	-0.111994	-0.199626	-0.306524	-0.387994	-0.413094	-0.360472	-0.224447	-0.0141822	0.23213	0.485679	0.714026	0.89493	1.00462	
0	-0.00106645	0.00728468	0.00562578	-0.02787	-0.0934508	-0.156682	-0.204428	-0.277182	-0.359906	-0.40903	-0.416399	-0.354765	-0.193984	0.0447401	0.316469	0.602165	0.872128	1.08071	1.19684	
0	0.00959924	0.0277179	0.00826722	-0.0585155	-0.156682	-0.242373	-0.298876	-0.358837	-0.402053	-0.415363	-0.393351	-0.303728	-0.117581	0.142017	0.430118	0.740491	1.03111	1.25032	1.36111	
0	-0.0104116	-0.0102649	-0.0417964	-0.111994	-0.204428	-0.298876	-0.377853	-0.418246	-0.417178	-0.394353	-0.332329	-0.210401	-0.00675586	0.252381	0.552823	0.874769	1.16829	1.38729	1.49274	
0	-0.0419392	-0.0814536	-0.132447	-0.199626	-0.277182	-0.358837	-0.418246	-0.413849	-0.371672	-0.314456	-0.2177	-0.0736514	0.117145	0.361267	0.668626	0.979672	1.26378	1.47553	1.5827	
0	-0.0745956	-0.164096	-0.242109	-0.306524	-0.359906	-0.402053	-0.417178	-0.371672	-0.293495	-0.190704	-0.050969	0.103781	0.277215	0.513945	0.799729	1.07492	1.32996	1.52114	1.6212	
0	-0.116794	-0.238442	-0.332216	-0.387994	-0.40903	-0.415363	-0.394353	-0.314456	-0.190704	-0.0290889	0.144015	0.307262	0.480845	0.698197	0.933578	1.16181	1.37447	1.53504	1.62336	
0	-0.126675	-0.266362	-0.368661	-0.413094	-0.416399	-0.393351	-0.332329	-0.2177	-0.050969	0.144015	0.334147	0.51372	0.687958	0.870617	1.05039	1.23569	1.40246	1.53634	1.60319	
0	-0.114362	-0.232642	-0.319114	-0.360472	-0.354765	-0.303728	-0.210401	-0.0736514	0.103781	0.307262	0.51372	0.706877	0.874547	1.01273	1.14567	1.28705	1.41148	1.51335	1.545	
0	-0.0796424	-0.154447	-0.208418	-0.224447	-0.193984	-0.117581	-0.00675586	0.117145	0.277215	0.480845	0.687958	0.874547	1.01226	1.10704	1.19712	1.29297	1.37754	1.43535	1.43702	
0	-0.0299259	-0.0460364	-0.0423068	-0.0141822	0.0447401	0.142017	0.252381	0.361267	0.513945	0.698197	0.870617	1.01273	1.10704	1.15765	1.19827	1.24828	1.28049	1.29592	1.27693	
0	0.0421281	0.101739	0.165495	0.23213	0.316469	0.430118	0.552823	0.668626	0.799729	0.933578	1.05039	1.14567	1.19712	1.19827	1.18872	1.17264	1.1445	1.11833	1.08603	
0	0.117827	0.251375	0.375473	0.485679	0.602165	0.740491	0.874769	0.979672	1.07492	1.16181	1.23569	1.28705	1.29297	1.24828	1.17264	1.08374	1.00249	0.943919	0.909108	
0	0.177003	0.372104	0.552749	0.714026	0.872128	1.03111	1.16829	1.26378	1.32996	1.37447	1.40246	1.41148	1.37754	1.28049	1.1445	1.00249	0.887786	0.815501	0.793119	
0	0.223688	0.46225	0.689639	0.89493	1.08071	1.25032	1.38729	1.47553	1.52114	1.53504	1.53634	1.51335	1.43535	1.29592	1.11833	0.943919	0.815501	0.746375	0.739426	
0	0.259956	0.534627	0.786566	1.00462	1.19684	1.36111	1.49274	1.5827	1.6212	1.62336	1.60319	1.545	1.43702	1.27693	1.08603	0.909108	0.793119	0.739426	0.751364	
0	0.279719	0.557428	0.810045	1.03132	1.21647	1.36904	1.49469	1.58103	1.61299	1.59638	1.54966	1.47128	1.35673	1.20927	1.03875	0.89183	0.804422	0.774454	0.809643	
0	0.257728	0.517185	0.754419	0.96134	1.13738	1.27991	1.39472	1.47356	1.48475	1.44223	1.38076	1.29967	1.20299	1.0893	0.96261	0.855836	0.802487	0.802268	0.858173	
0	0.215455	0.428619	0.629318	0.814623	0.970727	1.09059	1.18352	1.23787	1.23078	1.18215	1.12225	1.05549	0.991615	0.928477	0.848634	0.785607	0.769033	0.79325	0.870295	
0	0.164428	0.325224	0.477728	0.617161	0.72879	0.804855	0.859696	0.893705	0.877262	0.828216	0.785806	0.755908	0.744455	0.732105	0.702982	0.681445	0.690649	0.736902	0.829541	
0	0.110528	0.212566	0.305174	0.385147	0.437092	0.458974	0.47237	0.478882	0.456719	0.427782	0.420553	0.430068	0.459132	0.494925	0.506048	0.515006	0.550495	0.614917	0.722396	
0	0.0461018	0.0793785	0.103859	0.12057	0.116647	0.091162	0.0722337	0.0698575	0.0552583	0.0416354	0.053569	0.0896393	0.155588	0.221784	0.261858	0.296663	0.347579	0.426013	0.545244	
0	-0.0330108	-0.076386	-0.11784	-0.1556	-0.202909	-0.255547	-0.286882	-0.292369	-0.299284	-0.296855	-0.264933	-0.210786	-0.134623	-0.0545869	-0.00265389	0.0387226	0.0960742	0.179631	0.304393	
0	-0.106741	-0.219097	-0.320789	-0.403575	-0.477642	-0.545289	-0.580633	-0.578744	-0.575568	-0.563531	-0.527859	-0.473853	-0.392721	-0.311631	-0.258928	-0.217054	-0.162008	-0.0799331	0.0427068	
0	-0.156189	-0.31621	-0.454355	-0.56343	-0.658113	-0.737038	-0.777842	-0.780018	-0.776667	-0.765899	-0.733214	-0.681638	-0.607737	-0.532676	-0.485988	-0.45062	-0.403178	-0.328743	-0.211133	
0	-0.169234	-0.340183	-0.491688	-0.614052	-0.718095	-0.8078	-0.859751	-0.873058	-0.885339	-0.888601	-0.869819	-0.834797	-0.775195	-0.713152	-0.677102	-0.65369	-0.615562	-0.548618	-0.439709	
0	-0.150046	-0.30655	-0.444949	-0.558735	-0.66378	-0.760805	-0.826844	-0.858721	-0.888817	-0.915163	-0.923235	-0.911892	-0.872815	-0.830544	-0.813291	-0.802975	-0.779404	-0.725968	-0.626416	
0	-0.114826	-0.236314	-0.347795	-0.443509	-0.537073	-0.631357	-0.701404	-0.746527	-0.799864	-0.848723	-0.877205	-0.889282	-0.878308	-0.861074	-0.865949	-0.880741	-0.875023	-0.836766	-0.752321	
0	-0.0753663	-0.161043	-0.240371	-0.30925	-0.383645	-0.466921	-0.534562	-0.580782	-0.638431	-0.701299	-0.751256	-0.785306	-0.791628	-0.796599	-0.824936	-0.8564	-0.870848	-0.851194	-0.781976	
0	-0.044852	-0.0976306	-0.146982	-0.19072	-0.244148	-0.309056	-0.361351	-0.4022	-0.461505	-0.524751	-0.573718	-0.611926	-0.634179	-0.653082	-0.697304	-0.749623	-0.777489	-0.771563	-0.71607	
0	-0.021185	-0.0509682	-0.0798973	-0.103662	-0.136191	-0.183366	-0.220499	-0.243886	-0.289998	-0.347486	-0.395074	-0.43242	-0.449719	-0.47348	-0.523413	-0.578201	-0.613232	-0.613598	-0.56465	
0	-0.0105221	-0.023989	-0.0353534	-0.0445821	-0.0641413	-0.0944093	-0.114831	-0.127793	-0.161975	-0.204736	-0.235584	-0.260037	-0.275042	-0.29338	-0.343246	-0.398823	-0.429237	-0.427319	-0.376385	
0	-0.00132567	-0.00568134	-0.011379	-0.0133099	-0.0209237	-0.0396775	-0.0471747	-0.0449161	-0.0688929	-0.10198	-0.121503	-0.132974	-0.133605	-0.146181	-0.187014	-0.233984	-0.255259	-0.243884	-0.185641	
0	-0.00196267	0.00105535	0.00440435	0.00650365	0.00201609	-0.00781689	-0.00770671	-6.70618e-06	-0.0125224	-0.034665	-0.0414099	-0.040395	-0.0338855	-0.0380123	-0.0736597	-0.109636	-0.118524	-0.0942379	-0.0239445	
0	0.000858545	0.00728519	0.0101255	0.0125611	0.0129486	0.00984944	0.0169601	0.0278006	0.0167351	0.00254381	0.00630355	0.0172204	0.0307176	0.0305962	0.00254676	-0.0259442	-0.0196385	0.0175868	0.0996182	
0	-0.00211935	0.00857975	0.0160934	0.0176669	0.0168204	0.0178373	0.0279178	0.041045	0.0355106	0.0228871	0.031379	0.0516801	0.0694735	0.0697698	0.0471791	0.029007	0.0444441	0.0960515	0.188234	
0	-0.002241	0.01102	0.0178214	0.017317	0.0184172	0.0248897	0.0361023	0.0437577	0.0398515	0.0367747	0.0506464	0.0716802	0.0892922	0.0888317	0.066843	0.0569956	0.0869736	0.149178	0.252053	
0	-0.00388854	0.0115206	0.0203996	0.0180934	0.0171278	0.0277082	0.0428252	0.0478995	0.0419623	0.0380961	0.0569327	0.0872132	0.102352	0.097524	0.0816728	0.0763808	0.114062	0.18877	0.296172	
0	-0.00314313	0.0132429	0.0207527	0.017095	0.017938	0.0309042	0.043857	0.0453659	0.0452724	0.0493259	0.0650674	0.0909189	0.106449	0.0950743	0.0814409	0.0902868	0.138327	0.223578	0.338823	
0	-0.00455124	0.0126013	0.0222106	0.0174933	0.0173918	0.0357843	0.0497923	0.0415556	0.0394215	0.0507629	0.0748039	0.102228	0.109603	0.0962975	0.0845786	0.0997363	0.157607	0.252554	0.369735	
0	0.00136101	0.0143288	0.0191599	0.0162709	0.0190478	0.0364447	0.0511947	0.0440866	0.0432162	0.0571712	0.0767192	0.102617	0.108599	0.0890917	0.0886822	0.1171	0.183909	0.288147	0.407383	
0	0.00102954	0.0120881	0.0196417	0.0190235	0.0226793	0.0399003	0.048378	0.0374071	0.0441034	0.067562	0.0889848	0.105589	0.106398	0.0863328	0.0885424	0.133736	0.208543	0.321705	0.44052	
0	0.00909434	0.0127568	0.0139974	0.0178321	0.0270219	0.0431247	0.0513135	0.0381031	0.0428424	0.0724255	0.0953175	0.107	0.101118	0.0870305	0.0987694	0.156136	0.242608	0.357451	0.473814	
0	0.0118987	0.0107398	0.0134564	0.02146	0.0316773	0.041094	0.0445393	0.0428952	0.0528883	0.07883	0.100171	0.105072	0.094631	0.0867972	0.113641	0.18376	0.279616	0.398036	0.504494	
0	0.0171507	0.00874369	0.00888125	0.0249634	0.0395638	0.04245	0.0383492	0.0408734	0.0624821	0.0910611	0.104332	0.101287	0.0883809	0.09147	0.130725	0.216981	0.320296	0.437063	0.534071	
0	0.014844	0.0106426	0.0108568	0.0242759	0.0429986	0.0435856	0.0371556	0.0473474	0.0662398	0.0943641	0.108833	0.0988649	0.0863996	0.10668	0.159768	0.251154	0.365425	0.47124	0.551104	
