0	0.145034	0.292687	0.428448	0.563662	0.697394	0.820179	0.935826	1.04197	1.13508	1.20991	1.26763	1.31104	1.32498	1.31758	1.29533	1.244	1.17866	1.10597	1.02305	
0	0.140495	0.287341	0.423489	0.561732	0.695057	0.808392	0.917223	1.01251	1.08513	1.14448	1.18282	1.20045	1.19083	1.16729	1.13047	1.07174	1.00579	0.941353	0.871416	
0	0.13381	0.272313	0.398231	0.516866	0.629202	0.72724	0.812017	0.885385	0.933703	0.964793	0.979176	0.971926	0.949451	0.916194	0.873911	0.817458	0.765341	0.717447	0.668256	
0	0.112026	0.224185	0.322615	0.419525	0.505058	0.572877	0.628041	0.666945	0.685637	0.691739	0.689102	0.667252	0.636653	0.605078	0.566996	0.526248	0.492344	0.465065	0.436013	
0	0.0730843	0.14024	0.205494	0.265132	0.309178	0.342118	0.364845	0.377319	0.374998	0.366845	0.351133	0.322875	0.298738	0.276815	0.250606	0.227313	0.213645	0.204442	0.195014	
0	0.0212904	0.0407344	0.0575592	0.0672813	0.0691671	0.0720908	0.066195	0.0556975	0.0386545	0.0185091	0.0049364	-0.0194629	-0.0325206	-0.0422147	-0.0570936	-0.0606121	-0.0565843	-0.0532669	-0.0470244	
0	-0.0267692	-0.0638942	-0.093313	-0.122973	-0.158298	-0.185413	-0.216464	-0.250611	-0.272176	-0.293319	-0.310443	-0.326387	-0.331857	-0.330738	-0.333936	-0.324398	-0.308913	-0.299238	-0.283925	
0	-0.0687246	-0.144811	-0.205809	-0.26631	-0.329768	-0.382636	-0.429752	-0.473115	-0.504467	-0.531745	-0.554009	-0.565478	-0.566138	-0.566444	-0.563327	-0.548076	-0.531744	-0.51855	-0.500683	
0	-0.0905448	-0.17654	-0.260562	-0.346626	-0.420948	-0.485433	-0.54238	-0.59424	-0.633822	-0.664409	-0.68921	-0.704227	-0.71142	-0.715627	-0.716148	-0.703898	-0.694487	-0.686849	-0.671125	
0	-0.0898127	-0.181414	-0.266675	-0.351048	-0.423509	-0.491436	-0.556231	-0.612534	-0.65363	-0.689994	-0.726753	-0.741987	-0.757127	-0.771907	-0.774904	-0.773421	-0.773458	-0.772832	-0.765201	
0	-0.082453	-0.159986	-0.235221	-0.305806	-0.36911	-0.437242	-0.494154	-0.540864	-0.589178	-0.628506	-0.665337	-0.688012	-0.713922	-0.739423	-0.747039	-0.756756	-0.771663	-0.773907	-0.776993	
0	-0.0624545	-0.113512	-0.17714	-0.240449	-0.292036	-0.347296	-0.395162	-0.433501	-0.48026	-0.515263	-0.547186	-0.577716	-0.606381	-0.630467	-0.646791	-0.666375	-0.687673	-0.696683	-0.705554	
0	-0.0444914	-0.083786	-0.129001	-0.168423	-0.204628	-0.240783	-0.283037	-0.317208	-0.353193	-0.389363	-0.414922	-0.444085	-0.47257	-0.495852	-0.514209	-0.539059	-0.55707	-0.571583	-0.582149	
0	-0.0260004	-0.0574126	-0.0857911	-0.101936	-0.134574	-0.162843	-0.18629	-0.214069	-0.23623	-0.264143	-0.28291	-0.311203	-0.33862	-0.354908	-0.374523	-0.400825	-0.4162	-0.430068	-0.444656	
0	-0.0101446	-0.0309872	-0.0443058	-0.0585934	-0.0863052	-0.101917	-0.110254	-0.133148	-0.148927	-0.16533	-0.183922	-0.203517	-0.219397	-0.229855	-0.251619	-0.271564	-0.28072	-0.292969	-0.310512	
0	-0.0102463	-0.0185584	-0.0234683	-0.0381042	-0.0441499	-0.0470805	-0.0595001	-0.0754127	-0.0875967	-0.0957347	-0.108462	-0.12198	-0.129875	-0.141798	-0.1591	-0.167571	-0.173775	-0.185221	-0.199837	
0	-0.00734548	-0.00722581	-0.0120837	-0.020146	-0.0156996	-0.0229096	-0.0362281	-0.0389715	-0.0410464	-0.0457958	-0.0566647	-0.0663832	-0.0687646	-0.077804	-0.0909952	-0.0912555	-0.0982296	-0.108281	-0.116923	
0	0.000659616	-0.00193774	-0.00307779	-0.00578315	-0.00708885	-0.0146737	-0.0171905	-0.0116589	-0.0142589	-0.0224978	-0.0306216	-0.0261708	-0.0288775	-0.0393063	-0.0443589	-0.0411727	-0.0477169	-0.0570941	-0.0592506	
0	0.00218198	-0.000157573	0.000257891	0.000384977	-0.0036041	-0.00367675	-0.000682282	-0.000188969	-0.00966333	-0.0121787	-0.00814166	-0.00434671	-0.0130908	-0.0204157	-0.0117603	-0.0136065	-0.0211139	-0.0256722	-0.0222776	
0	-0.00218426	-1.57435e-05	-0.00315166	0.00223678	0.00181606	0.00415181	0.00629383	-0.00140948	-0.00416019	0.000748342	0.00359737	-0.00505426	-0.0091412	-0.0064751	-6.96734e-06	-0.00845891	-0.0134089	-0.00967278	-0.00581996	
0	-0.00181047	0.000207934	-0.000861574	0.00142065	0.000490508	0.000300992	-0.000738391	-0.00492858	0.00352108	0.00435972	-0.000579984	-0.00583541	-0.00477686	-0.000821669	-0.00558826	-0.0127904	-0.0135373	-0.00860469	-0.00927297	
0	0.00353832	0.00295385	0.00526046	-0.00186325	-0.00449631	-0.00638389	-0.0107707	-0.00692313	-0.00453409	-0.0120056	-0.0161391	-0.0150484	-0.0148524	-0.0128262	-0.0216337	-0.0258956	-0.0233327	-0.0219525	-0.0269533	
0	-0.00191175	-0.00694329	-0.00758344	-0.0109499	-0.00947656	-0.0102575	-0.0132042	-0.0136103	-0.025784	-0.0343081	-0.0367636	-0.0386529	-0.0405686	-0.0478237	-0.0598294	-0.0604166	-0.056637	-0.0625387	-0.0714495	
0	-0.00859083	-0.0146604	-0.0208851	-0.0213876	-0.0252005	-0.0318158	-0.036677	-0.0472662	-0.0580627	-0.0598198	-0.0644141	-0.0723309	-0.0834886	-0.102168	-0.109123	-0.107455	-0.115524	-0.131912	-0.141971	
0	-0.00800963	-0.0145109	-0.0264707	-0.0386557	-0.055159	-0.0707858	-0.0836564	-0.0976257	-0.103875	-0.111414	-0.126012	-0.142436	-0.160787	-0.172822	-0.172923	-0.18384	-0.206527	-0.221675	-0.228238	
0	-0.0175418	-0.036082	-0.0557166	-0.0777477	-0.0978104	-0.116084	-0.135637	-0.153089	-0.17153	-0.19713	-0.221927	-0.243437	-0.259528	-0.267052	-0.281921	-0.308959	-0.328709	-0.336245	-0.34336	
0	-0.0348551	-0.0702183	-0.101199	-0.130733	-0.157612	-0.184353	-0.213101	-0.24181	-0.274497	-0.306353	-0.331575	-0.353216	-0.371518	-0.393201	-0.42459	-0.448955	-0.460133	-0.470314	-0.481097	
0	-0.04949	-0.0983797	-0.145255	-0.190356	-0.235259	-0.279382	-0.321526	-0.362375	-0.399598	-0.429611	-0.455951	-0.481291	-0.508052	-0.538922	-0.564863	-0.578398	-0.589268	-0.601707	-0.611787	
0	-0.0656025	-0.130118	-0.195319	-0.25925	-0.321318	-0.379952	-0.43304	-0.480302	-0.519541	-0.553022	-0.584873	-0.614924	-0.644024	-0.668208	-0.681168	-0.688969	-0.697192	-0.704206	-0.714744	
0	-0.0824934	-0.164119	-0.244842	-0.322575	-0.395	-0.460873	-0.518801	-0.568131	-0.610614	-0.648944	-0.683123	-0.712199	-0.734042	-0.744939	-0.747451	-0.748704	-0.750375	-0.754891	-0.762873	
0	-0.094038	-0.186173	-0.273348	-0.354001	-0.426739	-0.490997	-0.547423	-0.597064	-0.641632	-0.680377	-0.710795	-0.731193	-0.739462	-0.737751	-0.733486	-0.730944	-0.73063	-0.730088	-0.719597	
0	-0.0872316	-0.171527	-0.249905	-0.321489	-0.386361	-0.444851	-0.497946	-0.545652	-0.586013	-0.616183	-0.634385	-0.640627	-0.63793	-0.632992	-0.630394	-0.62833	-0.621749	-0.603781	-0.571927	
0	-0.0518501	-0.103565	-0.155423	-0.207329	-0.258761	-0.308451	-0.354119	-0.392653	-0.421023	-0.438393	-0.446388	-0.448475	-0.449606	-0.452068	-0.452195	-0.443749	-0.422604	-0.390082	-0.355238	
0	-0.00383756	-0.0104226	-0.0219768	-0.0388277	-0.0597855	-0.0826777	-0.104638	-0.123606	-0.139407	-0.15347	-0.167731	-0.183432	-0.199244	-0.209843	-0.209076	-0.19496	-0.170881	-0.144253	-0.122109	
0	0.0407027	0.0796252	0.115346	0.146813	0.173164	0.193485	0.2066	0.210926	0.205095	0.189209	0.165405	0.138117	0.113871	0.098558	0.0938891	0.0971026	0.1035	0.109115	0.11255	
0	0.0862077	0.171209	0.25347	0.330581	0.399423	0.456591	0.498845	0.524096	0.532331	0.525874	0.509048	0.487373	0.465811	0.446566	0.429003	0.411588	0.393207	0.373518	0.353183	
0	0.127278	0.251778	0.370553	0.48044	0.578278	0.661249	0.727298	0.775672	0.8071	0.823517	0.82764	0.822106	0.808354	0.786538	0.756629	0.719212	0.675678	0.629044	0.585381	
0	0.148633	0.294106	0.433365	0.563668	0.682675	0.788539	0.880057	0.956664	1.01824	1.06482	1.09617	1.1113	1.10862	1.0869	1.0465	0.990034	0.923372	0.856222	0.800875	
0	0.151604	0.300885	0.445695	0.584229	0.715097	0.837321	0.950192	1.05287	1.14387	1.22064	1.27933	1.31536	1.3248	1.30612	1.26155	1.19777	1.12557	1.05754	1.00418	
0	0.143059	0.284654	0.423604	0.559172	0.691035	0.818999	0.942433	1.05961	1.16724	1.26044	1.33353	1.38146	1.40157	1.39475	1.36571	1.32216	1.27277	1.22467	1.18183	
0	0.123011	0.246243	0.369891	0.493998	0.618209	0.741412	0.861437	0.975002	1.07808	1.1667	1.23796	1.29086	1.32652	1.34759	1.35726	1.35808	1.35125	1.33687	1.31517	
0	0.0955311	0.192667	0.292449	0.394903	0.498823	0.601868	0.70105	0.793511	0.877393	0.952463	1.02018	1.08306	1.14349	1.2026	1.25949	1.31135	1.35426	1.38441	1.39871	
0	0.0642493	0.129569	0.196589	0.265238	0.334767	0.404093	0.47235	0.539441	0.606352	0.675041	0.747897	0.826941	0.913077	1.00562	1.10213	1.19846	1.28879	1.36566	1.41997	
0	0.0248376	0.0501102	0.0763895	0.104511	0.135671	0.171447	0.213708	0.264396	0.325238	0.397481	0.481752	0.578066	0.685853	0.803779	0.929193	1.05728	1.18026	1.28736	1.36592	
0	-0.0203575	-0.0392973	-0.0550788	-0.0654299	-0.0675361	-0.0582507	-0.0344777	0.00638393	0.0660708	0.145255	0.243514	0.35937	0.49023	0.632144	0.779474	0.924703	1.0587	1.17161	1.25412	
0	-0.0583189	-0.113772	-0.163358	-0.203848	-0.231762	-0.243452	-0.235285	-0.203956	-0.146925	-0.0629694	0.0472118	0.180474	0.331003	0.490623	0.649726	0.798688	0.929292	1.03555	1.11342	
0	-0.0806041	-0.157216	-0.225887	-0.282734	-0.323957	-0.34586	-0.344967	-0.318286	-0.263772	-0.180955	-0.0715795	0.0599824	0.206808	0.360136	0.510603	0.649633	0.770442	0.86821	0.939394	
0	-0.0824126	-0.159995	-0.2281	-0.282457	-0.319391	-0.336048	-0.330614	-0.302479	-0.252312	-0.181992	-0.0944065	0.00683011	0.117642	0.233614	0.349904	0.461034	0.560771	0.642416	0.699695	
0	-0.0546485	-0.105505	-0.14899	-0.18198	-0.202092	-0.20797	-0.199482	-0.177727	-0.144774	-0.103152	-0.055202	-0.00255707	0.0539814	0.114006	0.176591	0.239293	0.297674	0.34584	0.378077	
0	0	0	0	0	0	0	0	0	0	0	0	0	0	0	0	0	0	0	0	
