0	0	0	0	0	0	0	0	0	0	0	0	0	0	0	0	0	0	0	
-0.0553467	-0.058147	-0.0583325	-0.0525413	-0.0425703	-0.0292403	-0.012437	0.00889835	0.032015	0.0498964	0.048415	0.0282833	0.000375854	-0.0209169	-0.0283125	-0.0228881	-0.0119409	0.00124258	0.0132291	
-0.10744	-0.104676	-0.0985332	-0.08943	-0.0773369	-0.058524	-0.0282308	0.0126927	0.0569958	0.0882806	0.083867	0.0463233	-0.00156788	-0.0366688	-0.0476114	-0.0393872	-0.0221323	-0.00400222	0.0135907	
-0.138063	-0.127964	-0.120791	-0.116148	-0.109423	-0.0890126	-0.0515255	-0.00200893	0.0464646	0.080731	0.0749332	0.0378265	-0.00810611	-0.040784	-0.0528247	-0.0459947	-0.0302699	-0.00772147	0.0118882	
-0.135576	-0.130399	-0.135118	-0.143717	-0.141204	-0.117032	-0.0763675	-0.0361386	-0.00432021	0.0176382	0.0164008	0.000298211	-0.0167068	-0.0294239	-0.0361312	-0.0348188	-0.0200647	0.00598273	0.034091	
-0.11317	-0.122961	-0.146292	-0.167348	-0.168213	-0.140629	-0.102874	-0.0781179	-0.0713491	-0.064085	-0.0607582	-0.0483769	-0.0262033	-0.00500118	0.00462388	0.0100838	0.0213552	0.0488398	0.0751977	
-0.0904603	-0.117111	-0.149647	-0.176134	-0.18056	-0.159567	-0.132031	-0.124459	-0.135116	-0.140023	-0.135684	-0.107003	-0.053667	0.00394907	0.0454787	0.0681492	0.085063	0.103915	0.120884	
-0.0629678	-0.104412	-0.141082	-0.167639	-0.178807	-0.172587	-0.165459	-0.175473	-0.19853	-0.207863	-0.203861	-0.16863	-0.0974306	-0.0102404	0.0631818	0.111072	0.133509	0.145056	0.144892	
-0.0115637	-0.0686794	-0.111271	-0.140783	-0.159135	-0.170468	-0.185289	-0.215329	-0.248501	-0.260131	-0.255922	-0.219613	-0.142454	-0.0404287	0.0534969	0.116669	0.146074	0.15065	0.141407	
0.0795257	0.00903485	-0.0455777	-0.086723	-0.119484	-0.14767	-0.181061	-0.225742	-0.267179	-0.282334	-0.280454	-0.249628	-0.175942	-0.0729567	0.0251906	0.094092	0.124201	0.127625	0.114502	
0.20281	0.12478	0.0558887	-0.00613458	-0.0596837	-0.10511	-0.149187	-0.201098	-0.248889	-0.271117	-0.279905	-0.26106	-0.200371	-0.106888	-0.0139208	0.0538668	0.0888909	0.097438	0.0882471	
0.339636	0.256868	0.173836	0.0905795	0.016018	-0.0417518	-0.0899061	-0.143245	-0.195261	-0.229319	-0.251006	-0.248543	-0.203707	-0.126644	-0.0470048	0.016523	0.0568365	0.0751335	0.0723622	
0.467322	0.383585	0.29351	0.198384	0.113427	0.0509921	0.00451073	-0.0475372	-0.107184	-0.155913	-0.195499	-0.208153	-0.180366	-0.122367	-0.0615134	-0.00953755	0.0301613	0.0540518	0.0540416	
0.571171	0.494503	0.40879	0.316164	0.233383	0.175672	0.134021	0.0806637	0.01117	-0.0575129	-0.114827	-0.144774	-0.134443	-0.0983337	-0.0609594	-0.0290853	-0.00181327	0.0146333	0.011408	
0.647256	0.585059	0.512076	0.433603	0.366449	0.320652	0.282882	0.226621	0.147429	0.0660554	-0.00602953	-0.0525023	-0.0637935	-0.0525626	-0.0417123	-0.0360205	-0.0341834	-0.0382173	-0.0569196	
0.69392	0.646447	0.590579	0.536511	0.495626	0.468189	0.438259	0.384642	0.308625	0.225677	0.14606	0.0819645	0.0460405	0.0297421	0.0120691	-0.0154497	-0.0490451	-0.086903	-0.130199	
0.710338	0.6783	0.643741	0.61765	0.605315	0.602919	0.592127	0.555925	0.493707	0.4158	0.331446	0.25351	0.197441	0.15676	0.108958	0.0444314	-0.0316293	-0.107777	-0.180868	
0.686258	0.670684	0.659716	0.657966	0.674575	0.704944	0.725941	0.714793	0.667384	0.594382	0.509139	0.426949	0.35954	0.298101	0.222541	0.122701	0.00961825	-0.100974	-0.20516	
0.631062	0.628342	0.636545	0.661096	0.708985	0.774161	0.822626	0.829606	0.793101	0.725957	0.648401	0.572712	0.503823	0.431551	0.337737	0.216022	0.0766315	-0.0641005	-0.200648	
0.561673	0.556512	0.583387	0.638265	0.719505	0.808992	0.87411	0.895404	0.870273	0.813944	0.74785	0.685735	0.627055	0.555834	0.457785	0.323728	0.1648	-0.00140642	-0.168172	
0.506726	0.493155	0.530497	0.607863	0.702558	0.801601	0.877996	0.914259	0.903838	0.858953	0.807617	0.767625	0.729797	0.673688	0.580853	0.445546	0.277852	0.0957949	-0.0874203	
0.493155	0.46979	0.503172	0.569243	0.653567	0.749028	0.830641	0.878026	0.881021	0.853596	0.823475	0.806836	0.791369	0.750314	0.674628	0.555831	0.400125	0.224412	0.0408173	
0.530497	0.503172	0.508463	0.542485	0.600904	0.679863	0.748708	0.793763	0.811162	0.808081	0.798674	0.798011	0.791376	0.766382	0.717326	0.632262	0.507587	0.357685	0.195167	
0.607863	0.569243	0.542485	0.54115	0.569061	0.614158	0.65319	0.687511	0.71448	0.729066	0.733975	0.740026	0.743478	0.736207	0.717099	0.664961	0.575226	0.465797	0.342696	
0.702558	0.653567	0.600904	0.569061	0.557502	0.561267	0.568261	0.581604	0.59648	0.610021	0.619958	0.639443	0.660971	0.678642	0.68566	0.663166	0.611699	0.549035	0.472771	
0.801601	0.749028	0.679863	0.614158	0.561267	0.529599	0.504306	0.479578	0.459889	0.455342	0.46526	0.497899	0.544013	0.590174	0.629645	0.646043	0.638172	0.61966	0.581926	
0.877996	0.830641	0.748708	0.65319	0.568261	0.504306	0.438736	0.36778	0.309829	0.281331	0.281677	0.322727	0.393409	0.47414	0.554815	0.614673	0.646448	0.660441	0.650504	
0.914259	0.878026	0.793763	0.687511	0.581604	0.479578	0.36778	0.254832	0.160862	0.103236	0.0899112	0.141058	0.239092	0.356952	0.476134	0.571458	0.632637	0.670912	0.678102	
0.903838	0.881021	0.811162	0.71448	0.59648	0.459889	0.309829	0.160862	0.0325865	-0.0502308	-0.0649781	0.000384846	0.12344	0.269039	0.412223	0.527092	0.605649	0.652899	0.665772	
0.858953	0.853596	0.808081	0.729066	0.610021	0.455342	0.281331	0.103236	-0.0502308	-0.139478	-0.14964	-0.0767123	0.0567488	0.216054	0.370107	0.493032	0.572407	0.612841	0.621289	
0.807617	0.823475	0.798674	0.733975	0.619958	0.46526	0.281677	0.0899112	-0.0649781	-0.14964	-0.159422	-0.0961436	0.0301262	0.188086	0.341955	0.461972	0.530654	0.558117	0.563678	
0.767625	0.806836	0.798011	0.740026	0.639443	0.497899	0.322727	0.141058	0.000384846	-0.0767123	-0.0961436	-0.0573093	0.0413444	0.176938	0.316707	0.422871	0.479414	0.503852	0.507487	
0.729797	0.791369	0.791376	0.743478	0.660971	0.544013	0.393409	0.239092	0.12344	0.0567488	0.0301262	0.0413444	0.0996007	0.198875	0.30527	0.383413	0.424161	0.442034	0.436578	
0.673688	0.750314	0.766382	0.736207	0.678642	0.590174	0.47414	0.356952	0.269039	0.216054	0.188086	0.176938	0.198875	0.25201	0.309596	0.344564	0.35622	0.355028	0.335633	
0.580853	0.674628	0.717326	0.717099	0.68566	0.629645	0.554815	0.476134	0.412223	0.370107	0.341955	0.316707	0.30527	0.309596	0.310646	0.294519	0.266844	0.238831	0.206108	
0.445546	0.555831	0.632262	0.664961	0.663166	0.646043	0.614673	0.571458	0.527092	0.493032	0.461972	0.422871	0.383413	0.344564	0.294519	0.227879	0.157589	0.10117	0.0441957	
0.277852	0.400125	0.507587	0.575226	0.611699	0.638172	0.646448	0.632637	0.605649	0.572407	0.530654	0.479414	0.424161	0.35622	0.266844	0.157589	0.051347	-0.0427218	-0.134807	
0.0957949	0.224412	0.357685	0.465797	0.549035	0.61966	0.660441	0.670912	0.652899	0.612841	0.558117	0.503852	0.442034	0.355028	0.238831	0.10117	-0.0427218	-0.179041	-0.307365	
-0.0874203	0.0408173	0.195167	0.342696	0.472771	0.581926	0.650504	0.678102	0.665772	0.621289	0.563678	0.507487	0.436578	0.335633	0.206108	0.0441957	-0.134807	-0.307365	-0.45298	
-0.242445	-0.116056	0.0489902	0.222019	0.382356	0.515545	0.602753	0.644736	0.641805	0.607101	0.550984	0.48711	0.405197	0.299259	0.164087	-0.0114472	-0.208384	-0.390443	-0.540176	
-0.352174	-0.230719	-0.0684566	0.109018	0.275046	0.417873	0.520887	0.582239	0.601399	0.586638	0.534969	0.462722	0.371642	0.260988	0.124227	-0.0481319	-0.235891	-0.411447	-0.556155	
-0.413696	-0.300024	-0.149969	0.0141344	0.17066	0.316012	0.435972	0.520255	0.567099	0.577182	0.537438	0.462969	0.367208	0.253436	0.123551	-0.0307116	-0.201497	-0.364101	-0.49044	
-0.432534	-0.329516	-0.196779	-0.0506347	0.0945112	0.242035	0.376818	0.480621	0.554143	0.58911	0.565744	0.499503	0.409067	0.302242	0.182692	0.0436174	-0.111559	-0.252982	-0.355784	
-0.406835	-0.318366	-0.201829	-0.0713737	0.0692325	0.218354	0.363735	0.482989	0.574252	0.623057	0.612917	0.564218	0.490748	0.39598	0.28446	0.160343	0.0275142	-0.089558	-0.170142	
-0.327966	-0.257853	-0.161728	-0.0449281	0.0921991	0.244365	0.399494	0.533416	0.631537	0.68261	0.684441	0.656684	0.602896	0.520688	0.421784	0.314549	0.202764	0.105142	0.0474599	
-0.192725	-0.143764	-0.073877	0.0279748	0.159585	0.31737	0.483033	0.631106	0.72987	0.780882	0.793048	0.780572	0.743593	0.677738	0.591592	0.494975	0.395056	0.319062	0.284667	
-0.023249	0.00359107	0.0463059	0.130399	0.25394	0.412951	0.588263	0.743876	0.846702	0.900358	0.923024	0.92162	0.899615	0.848044	0.765853	0.670826	0.581559	0.521299	0.498638	
0.1466	0.155192	0.177861	0.241478	0.352212	0.502589	0.676154	0.828782	0.93414	0.996092	1.02999	1.03812	1.02625	0.983903	0.905436	0.813572	0.726664	0.666081	0.645134	
0.286744	0.282054	0.292911	0.336687	0.430355	0.565454	0.721567	0.860454	0.963088	1.03786	1.07982	1.09445	1.08848	1.05524	0.987432	0.894817	0.80075	0.733435	0.708332	
0.377106	0.362915	0.362089	0.390481	0.464696	0.583297	0.710739	0.828289	0.925595	1.00914	1.0581	1.07739	1.07836	1.05617	0.998516	0.905602	0.806232	0.73295	0.702658	
