0	0	0	0	0	0	0	0	0	0	0	0	0	0	0	0	0	0	0	0	
0.126227	0.125818	0.126257	0.12646	0.124996	0.114261	0.0954016	0.0730939	0.0486419	0.023024	-0.000105011	-0.0155653	-0.02209	-0.017768	-0.00617654	0.0160097	0.0467995	0.0816632	0.121055	0.161395	
0.260136	0.256313	0.250598	0.243145	0.232304	0.209682	0.17644	0.140851	0.101022	0.0574969	0.0178274	-0.0137339	-0.0301357	-0.0291246	-0.0136081	0.0239538	0.0798646	0.151465	0.232874	0.316195	
0.382847	0.369453	0.3493	0.327256	0.306999	0.273533	0.230563	0.188558	0.145374	0.0967093	0.0467885	0.0062575	-0.0199304	-0.0233493	-0.00801817	0.0403648	0.119824	0.219503	0.337734	0.460336	
0.45856	0.437702	0.406205	0.37194	0.339331	0.296166	0.246247	0.202495	0.158122	0.10731	0.0586992	0.0186946	-0.00159646	0.00294239	0.0287751	0.092725	0.189724	0.314381	0.456549	0.601011	
0.479254	0.453281	0.414164	0.37224	0.33452	0.283565	0.223822	0.171813	0.125589	0.0787026	0.0366318	0.0112501	0.00971611	0.0389869	0.089977	0.177805	0.296188	0.431561	0.581599	0.730657	
0.444134	0.422685	0.384149	0.338513	0.292779	0.230387	0.159591	0.101505	0.0540944	0.0109603	-0.0168728	-0.0193398	0.0117021	0.0749828	0.157058	0.271704	0.40697	0.5523	0.700208	0.839323	
0.355547	0.337769	0.298949	0.250757	0.200052	0.133212	0.0566983	-0.00514006	-0.0475238	-0.0748377	-0.0795144	-0.0533866	0.00957787	0.106492	0.218885	0.353552	0.497614	0.639476	0.777329	0.901204	
0.207972	0.190452	0.150365	0.099929	0.0496889	-0.017292	-0.0898748	-0.140506	-0.164767	-0.169753	-0.147697	-0.0880121	0.00965113	0.133645	0.262652	0.404603	0.546484	0.677357	0.797236	0.901397	
0.0247759	-0.00293703	-0.0502918	-0.101948	-0.151491	-0.206975	-0.2627	-0.294004	-0.292769	-0.265541	-0.20809	-0.12047	-0.000942309	0.138023	0.274237	0.410133	0.535364	0.64798	0.749024	0.833965	
-0.164585	-0.204718	-0.262169	-0.320115	-0.364786	-0.408939	-0.444469	-0.445433	-0.407854	-0.344826	-0.260968	-0.151152	-0.0208337	0.113742	0.236378	0.354195	0.462855	0.556157	0.638994	0.709122	
-0.331703	-0.386021	-0.454103	-0.515225	-0.559931	-0.589195	-0.597765	-0.568203	-0.49816	-0.404178	-0.2946	-0.177451	-0.0538955	0.0654049	0.168712	0.262813	0.346942	0.423712	0.491174	0.542796	
-0.466968	-0.532867	-0.608539	-0.67076	-0.70438	-0.714083	-0.698557	-0.641931	-0.546651	-0.432202	-0.315666	-0.198337	-0.0842018	0.0152054	0.0965093	0.166061	0.22806	0.278847	0.320546	0.350128	
-0.549115	-0.627311	-0.705281	-0.758578	-0.778003	-0.766942	-0.727409	-0.653557	-0.550569	-0.4354	-0.322003	-0.214758	-0.115309	-0.030857	0.0341051	0.081892	0.116765	0.139251	0.150084	0.148989	
-0.572264	-0.652815	-0.72817	-0.772279	-0.778017	-0.749962	-0.696016	-0.615214	-0.513893	-0.406015	-0.306834	-0.217306	-0.137213	-0.0726114	-0.0248533	0.00211846	0.013635	0.00812038	-0.00970733	-0.0334168	
-0.541272	-0.613322	-0.679193	-0.715726	-0.714879	-0.682357	-0.625294	-0.544814	-0.452746	-0.358885	-0.278586	-0.209849	-0.153401	-0.111811	-0.084103	-0.0755918	-0.0799511	-0.100924	-0.132621	-0.167289	
-0.493874	-0.545665	-0.596132	-0.620673	-0.616403	-0.585285	-0.530486	-0.460102	-0.38425	-0.309228	-0.246273	-0.196839	-0.161316	-0.137344	-0.125491	-0.132365	-0.148828	-0.176664	-0.211939	-0.247455	
-0.456513	-0.483485	-0.5097	-0.517173	-0.500495	-0.465155	-0.418354	-0.362472	-0.310147	-0.257845	-0.215396	-0.180331	-0.156142	-0.144342	-0.143396	-0.160982	-0.186837	-0.222599	-0.25926	-0.290092	
-0.433121	-0.435648	-0.435079	-0.415275	-0.381634	-0.343864	-0.298963	-0.255855	-0.224213	-0.195094	-0.168894	-0.146142	-0.135186	-0.133487	-0.145812	-0.176958	-0.21261	-0.253455	-0.292941	-0.322849	
-0.41098	-0.386026	-0.357388	-0.318593	-0.273395	-0.229464	-0.188448	-0.152448	-0.131692	-0.113629	-0.0998902	-0.0940761	-0.103592	-0.125535	-0.157736	-0.201508	-0.245681	-0.289856	-0.326334	-0.35126	
-0.370596	-0.323576	-0.277409	-0.225804	-0.176069	-0.137586	-0.0981607	-0.0613241	-0.0433642	-0.0352561	-0.0353641	-0.0480345	-0.0827768	-0.131127	-0.187531	-0.244934	-0.289597	-0.327708	-0.358608	-0.375711	
-0.324695	-0.260008	-0.20127	-0.147989	-0.103254	-0.0692671	-0.0341432	-0.00175792	0.0116193	0.0113097	-0.00136539	-0.0335427	-0.0903118	-0.156678	-0.223116	-0.280702	-0.32291	-0.354656	-0.374832	-0.383306	
-0.273502	-0.197317	-0.136467	-0.0862187	-0.0497537	-0.0273686	-0.00332618	0.0216137	0.0243678	0.00625549	-0.0241328	-0.0692507	-0.130107	-0.196576	-0.257526	-0.303155	-0.331224	-0.350252	-0.361972	-0.360004	
-0.216528	-0.138524	-0.0779876	-0.0348774	-0.0107411	-0.00484692	0.00144665	0.00589086	-0.0111062	-0.04782	-0.0927561	-0.142993	-0.198911	-0.248941	-0.286035	-0.30705	-0.315424	-0.320456	-0.321054	-0.313851	
-0.147235	-0.0702509	-0.0176848	0.0148212	0.0224114	0.0114793	-0.00357695	-0.0219346	-0.0614714	-0.121983	-0.180854	-0.231165	-0.270245	-0.298874	-0.313505	-0.312671	-0.303546	-0.292416	-0.280442	-0.266715	
-0.0581693	0.002438	0.0399939	0.058638	0.0535819	0.0254746	-0.0117725	-0.0530259	-0.111799	-0.184062	-0.249039	-0.294076	-0.320338	-0.334639	-0.333301	-0.319518	-0.298837	-0.279645	-0.263102	-0.248245	
0.0318277	0.0774748	0.100073	0.1045	0.0799655	0.0338487	-0.0197267	-0.0748469	-0.139734	-0.213636	-0.275422	-0.313384	-0.332057	-0.342831	-0.341236	-0.328737	-0.30682	-0.284005	-0.266507	-0.261066	
0.122793	0.149153	0.152535	0.141528	0.106466	0.0500404	-0.0166657	-0.079654	-0.14266	-0.206897	-0.26037	-0.29251	-0.309319	-0.325017	-0.330692	-0.326071	-0.313469	-0.303202	-0.300616	-0.308149	
0.193789	0.197924	0.186035	0.166902	0.124601	0.0626489	-0.00539711	-0.0663933	-0.12349	-0.176958	-0.222003	-0.247829	-0.263286	-0.282306	-0.295425	-0.30899	-0.317483	-0.330699	-0.352563	-0.378767	
0.244675	0.230811	0.199887	0.165865	0.117433	0.0540031	-0.0126244	-0.0679612	-0.111512	-0.149639	-0.18425	-0.203894	-0.217742	-0.236654	-0.257869	-0.285579	-0.316721	-0.357361	-0.399463	-0.435961	
0.284904	0.254927	0.204918	0.152458	0.0867043	0.0107505	-0.0588771	-0.106773	-0.137204	-0.156305	-0.175654	-0.19038	-0.204008	-0.223678	-0.245176	-0.279477	-0.3191	-0.364939	-0.412861	-0.447318	
0.309344	0.268296	0.199408	0.121896	0.0358107	-0.0547488	-0.128035	-0.171536	-0.192051	-0.201079	-0.213554	-0.220299	-0.228118	-0.240577	-0.260571	-0.293695	-0.327484	-0.36412	-0.396713	-0.418376	
0.320025	0.262185	0.167586	0.0674252	-0.0301184	-0.121591	-0.191564	-0.235724	-0.261454	-0.27238	-0.277732	-0.277406	-0.274463	-0.272443	-0.280998	-0.305827	-0.333105	-0.354757	-0.368623	-0.369786	
0.310162	0.230421	0.117727	0.00591667	-0.0938191	-0.182816	-0.249954	-0.293623	-0.321453	-0.333219	-0.334107	-0.325367	-0.312195	-0.30114	-0.300892	-0.313352	-0.323549	-0.327534	-0.328364	-0.319085	
0.283399	0.19706	0.0796743	-0.0369892	-0.137763	-0.2238	-0.28625	-0.325742	-0.35072	-0.357854	-0.351459	-0.340146	-0.331006	-0.324291	-0.321861	-0.321836	-0.312569	-0.29789	-0.285736	-0.274626	
0.258688	0.164722	0.0481187	-0.062532	-0.15524	-0.231012	-0.284574	-0.318694	-0.337353	-0.338753	-0.327767	-0.323703	-0.328471	-0.333508	-0.334046	-0.325622	-0.307938	-0.288197	-0.277066	-0.270772	
0.243157	0.139593	0.0269707	-0.0744735	-0.155902	-0.215751	-0.254887	-0.274785	-0.288808	-0.295454	-0.295311	-0.299541	-0.309858	-0.324939	-0.329953	-0.326822	-0.315638	-0.305978	-0.303514	-0.301891	
0.245528	0.132944	0.0223868	-0.0699333	-0.139274	-0.186236	-0.21345	-0.227988	-0.241234	-0.252358	-0.261982	-0.277715	-0.301109	-0.320809	-0.328521	-0.330531	-0.331023	-0.338523	-0.344199	-0.347681	
0.248814	0.138535	0.0411282	-0.0399551	-0.108303	-0.156743	-0.185531	-0.199035	-0.213293	-0.23206	-0.253049	-0.278078	-0.305153	-0.329884	-0.339026	-0.341785	-0.346218	-0.356365	-0.366978	-0.377296	
0.247289	0.148206	0.0614719	-0.0130383	-0.0821097	-0.137607	-0.173929	-0.192239	-0.214879	-0.247591	-0.28319	-0.307056	-0.325226	-0.34167	-0.348157	-0.351413	-0.351927	-0.361618	-0.37207	-0.385712	
0.246917	0.158035	0.0774561	0.00420315	-0.0667605	-0.128375	-0.173202	-0.208666	-0.253149	-0.300758	-0.340422	-0.358665	-0.36609	-0.36604	-0.360059	-0.356254	-0.354282	-0.358763	-0.363782	-0.375818	
0.243149	0.162409	0.0830878	0.0127396	-0.0582725	-0.130332	-0.190819	-0.241188	-0.295875	-0.354778	-0.399029	-0.409249	-0.401002	-0.391132	-0.384101	-0.375094	-0.363932	-0.360242	-0.36281	-0.367407	
0.225303	0.152037	0.0758521	0.00829096	-0.0607059	-0.137989	-0.209762	-0.268211	-0.328291	-0.382358	-0.417879	-0.425206	-0.418905	-0.412483	-0.407061	-0.399992	-0.386807	-0.376874	-0.373652	-0.368726	
0.188908	0.119334	0.0442932	-0.0198609	-0.081875	-0.158196	-0.228716	-0.28558	-0.334205	-0.371461	-0.394934	-0.402015	-0.40386	-0.403899	-0.409007	-0.411012	-0.403026	-0.39318	-0.384396	-0.369559	
0.129617	0.0620564	-0.0104272	-0.067756	-0.1196	-0.18483	-0.248327	-0.28907	-0.313766	-0.332072	-0.343786	-0.350476	-0.352852	-0.361242	-0.376853	-0.387527	-0.387169	-0.378686	-0.368148	-0.346122	
0.0651096	0.00179708	-0.0653773	-0.115862	-0.156142	-0.206931	-0.254641	-0.276291	-0.281196	-0.277514	-0.276662	-0.281502	-0.286133	-0.292279	-0.305062	-0.321343	-0.323567	-0.316007	-0.301804	-0.277143	
0.0250896	-0.0331916	-0.0897216	-0.134303	-0.167563	-0.203538	-0.235178	-0.242785	-0.231126	-0.212445	-0.202656	-0.203116	-0.204191	-0.202351	-0.205844	-0.212371	-0.210083	-0.200243	-0.181165	-0.159778	
0.031691	-0.0171302	-0.0651274	-0.103571	-0.130374	-0.15784	-0.179899	-0.17452	-0.147913	-0.12249	-0.110228	-0.104261	-0.0970635	-0.0893902	-0.0858672	-0.0776126	-0.060236	-0.0455315	-0.0279247	-0.00830064	
0.10814	0.0660842	0.022041	-0.0204495	-0.0523107	-0.0686986	-0.0743175	-0.0613144	-0.0389642	-0.0135356	0.00512654	0.0154386	0.0246435	0.04178	0.0605402	0.0796012	0.102204	0.12443	0.151162	0.173456	
0.245329	0.203824	0.151038	0.0972632	0.0672842	0.0581757	0.0619017	0.076501	0.0957058	0.114598	0.128598	0.146449	0.165102	0.189854	0.214812	0.244755	0.272623	0.294107	0.326748	0.364751	
