-0.302052	-0.23974	-0.174408	-0.107673	-0.0426731	0.0118577	0.0601219	0.0933791	0.110074	0.120853	0.129798	0.133678	0.129495	0.119151	0.107489	0.0965225	0.0774936	0.052819	0.0363816	0.0220876	0	
-0.284899	-0.199269	-0.120467	-0.046261	0.0180358	0.0687264	0.106856	0.129218	0.144016	0.152963	0.154416	0.151477	0.152287	0.148009	0.137942	0.135535	0.123664	0.0963333	0.071709	0.0434183	0	
-0.293201	-0.205424	-0.13481	-0.069172	-0.00601822	0.0476692	0.0800615	0.103311	0.125967	0.139589	0.141532	0.136983	0.141245	0.140972	0.134003	0.134928	0.128555	0.107123	0.0797079	0.0455953	0	
-0.337644	-0.26821	-0.211808	-0.158927	-0.102986	-0.0490262	-0.0155356	0.0150777	0.0484882	0.0693469	0.0791404	0.085201	0.0969263	0.103019	0.10154	0.101948	0.0975551	0.0842023	0.0611658	0.0310118	0	
-0.418368	-0.376838	-0.332217	-0.293053	-0.249842	-0.199859	-0.164173	-0.126743	-0.0902294	-0.0618496	-0.0345429	-0.0117694	0.0135499	0.0324849	0.0411773	0.0452071	0.0400033	0.0339221	0.0243492	0.00731411	0	
-0.494801	-0.486248	-0.462431	-0.4387	-0.416565	-0.38367	-0.350739	-0.313295	-0.273845	-0.233851	-0.189015	-0.142701	-0.106263	-0.0783754	-0.0532802	-0.0426265	-0.0379107	-0.0304053	-0.0240363	-0.0137163	0	
-0.560351	-0.577772	-0.581851	-0.578345	-0.578777	-0.567017	-0.539517	-0.504079	-0.460122	-0.409191	-0.355204	-0.29876	-0.253907	-0.21924	-0.186044	-0.157773	-0.132197	-0.105267	-0.0720511	-0.0357979	0	
-0.63245	-0.664632	-0.687362	-0.703424	-0.714259	-0.706632	-0.681799	-0.654551	-0.612192	-0.556963	-0.505144	-0.45671	-0.410401	-0.365369	-0.326079	-0.279421	-0.227636	-0.178469	-0.118455	-0.0580781	0	
-0.678781	-0.728448	-0.764199	-0.788658	-0.802246	-0.793368	-0.764987	-0.742171	-0.70999	-0.663602	-0.621852	-0.58424	-0.540065	-0.483925	-0.430779	-0.368811	-0.294926	-0.226378	-0.151425	-0.0738137	0	
-0.675938	-0.738314	-0.782952	-0.807659	-0.817967	-0.814945	-0.791181	-0.767482	-0.746554	-0.714886	-0.684866	-0.651453	-0.60244	-0.541834	-0.475539	-0.401239	-0.319904	-0.240456	-0.161137	-0.0803019	0	
-0.626074	-0.687972	-0.738206	-0.758241	-0.759414	-0.75518	-0.743576	-0.726516	-0.70994	-0.689552	-0.667998	-0.635771	-0.584251	-0.526476	-0.458882	-0.382771	-0.30626	-0.227541	-0.150988	-0.0761506	0	
-0.539326	-0.584319	-0.618541	-0.634214	-0.637025	-0.632895	-0.631773	-0.62403	-0.605537	-0.5873	-0.565207	-0.529003	-0.485715	-0.442242	-0.387684	-0.324929	-0.263044	-0.196444	-0.128487	-0.0645592	0	
-0.418032	-0.447663	-0.454273	-0.455449	-0.461483	-0.462765	-0.463702	-0.463706	-0.44755	-0.429026	-0.406766	-0.367673	-0.334219	-0.306134	-0.271581	-0.231817	-0.192859	-0.150487	-0.0990411	-0.0506841	0	
-0.251151	-0.269018	-0.265951	-0.262095	-0.261105	-0.261607	-0.262762	-0.263309	-0.255271	-0.238934	-0.224969	-0.199649	-0.173744	-0.155517	-0.135029	-0.115473	-0.100654	-0.0831347	-0.0574378	-0.0312452	0	
-0.0574735	-0.0647289	-0.0623909	-0.0656262	-0.0715737	-0.0715927	-0.0622824	-0.0627752	-0.0612672	-0.0456333	-0.0423882	-0.0337495	-0.021939	-0.0163735	-0.00602636	-0.00765403	-0.01112	-0.0105672	-0.013546	-0.00780869	0	
0.130369	0.125475	0.122683	0.112548	0.0980348	0.097674	0.112029	0.113207	0.113465	0.118677	0.118711	0.11299	0.101596	0.0966345	0.0895832	0.0716379	0.0606315	0.0503314	0.0313608	0.0155779	0	
0.292336	0.277325	0.264711	0.251207	0.243067	0.240434	0.244499	0.245268	0.244406	0.240833	0.236107	0.216845	0.190049	0.172729	0.148425	0.12494	0.108523	0.0923423	0.0693408	0.0331404	0	
0.402566	0.380071	0.362442	0.350931	0.346808	0.33792	0.332872	0.330382	0.318277	0.308326	0.297568	0.271842	0.244212	0.21668	0.185362	0.159441	0.132603	0.107536	0.0791735	0.0375905	0	
0.462686	0.432594	0.414739	0.404124	0.397583	0.387516	0.377107	0.367252	0.349456	0.328806	0.305158	0.283199	0.260459	0.230613	0.20594	0.176897	0.138897	0.103307	0.0664694	0.0318912	0	
0.48908	0.451005	0.425967	0.416735	0.407119	0.394224	0.377224	0.359042	0.34465	0.314775	0.280887	0.264275	0.243591	0.218849	0.201324	0.171428	0.134303	0.0957807	0.0562354	0.0295811	0	
0.473589	0.438864	0.413228	0.396739	0.382989	0.365564	0.342999	0.324487	0.305148	0.275348	0.249542	0.23634	0.217461	0.19248	0.172398	0.143663	0.112459	0.0828143	0.0511212	0.0283799	0	
0.427359	0.398568	0.373741	0.352092	0.335897	0.313456	0.290374	0.274294	0.249939	0.231625	0.220834	0.202769	0.184129	0.157325	0.129274	0.10755	0.0838868	0.0667573	0.0497677	0.0243898	0	
0.371989	0.344205	0.315475	0.293163	0.277242	0.254721	0.228336	0.215283	0.200542	0.185921	0.184287	0.161733	0.136686	0.121355	0.0952175	0.0783183	0.0662416	0.0543171	0.0424332	0.0189697	0	
0.303367	0.282008	0.261251	0.238259	0.213867	0.193408	0.176848	0.164976	0.154872	0.140987	0.135238	0.115735	0.0922717	0.0864322	0.0751869	0.0614012	0.0546545	0.0440759	0.0278845	0.0129297	0	
0.245529	0.226327	0.206224	0.182937	0.157488	0.141163	0.134241	0.124736	0.110668	0.100541	0.0912365	0.0767395	0.0657898	0.0629402	0.0593796	0.0464431	0.0375723	0.0271003	0.0111004	0.00715794	0	
0.201022	0.171803	0.14436	0.119891	0.108032	0.10444	0.0989557	0.0944174	0.0835536	0.07247	0.0587336	0.0492104	0.0478772	0.0433136	0.0385894	0.0307719	0.0213844	0.0126699	0.00594978	0.00448326	0	
0.151845	0.12105	0.0976107	0.0815078	0.0749285	0.0738921	0.0672385	0.0625262	0.0568561	0.0448954	0.0357629	0.0361172	0.035803	0.0283745	0.0209979	0.0196382	0.0142096	0.00606832	0.00625656	0.00388069	0	
0.10922	0.0862263	0.0695663	0.0627165	0.0587172	0.0555004	0.0392302	0.0302473	0.0312323	0.0232689	0.0220864	0.0271713	0.0229272	0.0150134	0.0109088	0.0122347	0.0120541	0.00768919	0.00685368	0.00541406	0	
0.0753284	0.0623614	0.04699	0.0460116	0.0492683	0.0415944	0.0224005	0.0143394	0.0169271	0.0171623	0.0159172	0.0134248	0.0124633	0.00652693	0.00199467	0.00547649	0.00588612	0.00690916	0.008917	0.00464395	0	
0.0559505	0.0445841	0.0317586	0.0288228	0.0270514	0.0150409	0.0100123	0.0120961	0.0108466	0.01312	0.0119506	0.0075116	0.0102444	0.00976707	0.00255713	-0.000899545	-0.00144204	-0.00224809	-0.00132962	-0.000355107	0	
0.0445841	0.0371752	0.0301455	0.0167789	0.0033738	-0.00178723	0.00908386	0.0110071	0.00757715	0.0106592	0.00504342	-0.000829529	-0.00077104	0.00362262	0.0036845	0.00217876	0.00513243	0.000207634	-0.003913	-0.000734648	0	
0.0317586	0.0301455	0.0239243	0.011121	0.00202428	0.00319419	0.0125704	0.00423394	-0.000732246	0.00475172	2.22825e-05	-0.00605254	-0.00690451	-0.000635341	0.00182449	0.00601332	0.00914758	0.000557141	-0.00218784	-0.000827158	0	
0.0288228	0.0167789	0.011121	0.00800605	0.00422817	0.00195951	0.00629276	-0.000647181	-0.00378525	0.00050696	-0.00107464	0.00247613	0.00176305	-0.00078375	-0.000665964	-0.00121125	-0.00137369	-0.00253284	0.000170109	0.00180097	0	
0.0270514	0.0033738	0.00202428	0.00422817	0.000170477	-0.0017123	0.00167777	0.000334363	-0.00259285	-0.00298668	-0.00264599	0.00686437	0.00779944	-0.000157046	-0.000389752	-0.0062703	-0.0104388	-0.00138534	0.0047488	0.00328256	0	
0.0150409	-0.00178723	0.00319419	0.00195951	-0.0017123	0.00286742	0.00212653	0.00155593	0.000403506	-0.00526517	-0.00523581	-0.000990313	-0.00087447	-0.00148567	0.00249232	-0.000967807	-0.00407286	0.00358	0.00309611	-0.00229639	0	
0.0100123	0.00908386	0.0125704	0.00629276	0.00167777	0.00212653	-0.0045156	-0.00665833	-0.000759935	0.00117563	-0.000608072	-0.00439019	-0.0062421	-0.00666907	-0.000733436	0.00474286	0.00414828	0.00608718	-0.000621822	-0.00867986	0	
0.0120961	0.0110071	0.00423394	-0.000647181	0.000334363	0.00155593	-0.00665833	-0.00984878	-0.00162956	0.00555869	0.00551435	-0.000518283	-0.000746841	-0.00238822	-0.00216539	0.00118377	-0.00123876	-0.00224656	-0.0055176	-0.00669073	0	
0.0108466	0.00757715	-0.000732246	-0.00378525	-0.00259285	0.000403506	-0.000759935	-0.00162956	0.000883012	-1.2493e-05	-0.00173369	-0.00482684	-6.64703e-06	0.0039951	-0.000103042	-0.00273018	-0.00410627	-0.00341686	0.00123889	0.00615565	0	
0.01312	0.0106592	0.00475172	0.00050696	-0.00298668	-0.00526517	0.00117563	0.00555869	-1.2493e-05	-0.00695044	-0.00807342	-0.00592726	0.000791665	0.00260524	-0.00137835	-0.000197547	-0.000997816	-0.000837262	0.00652839	0.00870771	0	
0.0119506	0.00504342	2.22825e-05	-0.00107464	-0.00264599	-0.00523581	-0.000608072	0.00551435	-0.00173369	-0.00807342	0.000303887	0.00641717	0.000315191	-0.00389212	-0.00194526	9.28504e-06	0.000787652	-0.00218478	-0.00401397	-0.00117781	0	
0.0075116	-0.000829529	-0.00605254	0.00247613	0.00686437	-0.000990313	-0.00439019	-0.000518283	-0.00482684	-0.00592726	0.00641717	0.00747971	-0.00541696	-0.00422329	7.522e-05	-0.00145741	0.003078	0.000989892	-0.00600437	-0.00533498	0	
0.0102444	-0.00077104	-0.00690451	0.00176305	0.00779944	-0.00087447	-0.0062421	-0.000746841	-6.64703e-06	0.000791665	0.000315191	-0.00541696	-0.0057676	0.00126452	0.000420992	-0.0025599	0.00251482	0.00424333	0.00166612	-0.00139008	0	
0.00976707	0.00362262	-0.000635341	-0.00078375	-0.000157046	-0.00148567	-0.00666907	-0.00238822	0.0039951	0.00260524	-0.00389212	-0.00422329	0.00126452	0.00455374	0.000597988	-0.00420611	-0.001528	-0.00124821	-0.000358792	0.0032642	0	
0.00255713	0.0036845	0.00182449	-0.000665964	-0.000389752	0.00249232	-0.000733436	-0.00216539	-0.000103042	-0.00137835	-0.00194526	7.522e-05	0.000420992	0.000597988	0.000716175	0.000330411	-0.00200962	-0.00535264	-0.000643426	0.00470183	0	
-0.000899545	0.00217876	0.00601332	-0.00121125	-0.0062703	-0.000967807	0.00474286	0.00118377	-0.00273018	-0.000197547	9.28504e-06	-0.00145741	-0.0025599	-0.00420611	0.000330411	0.00379413	-0.000922002	-0.000699971	0.00302757	0.00111342	0	
-0.00144204	0.00513243	0.00914758	-0.00137369	-0.0104388	-0.00407286	0.00414828	-0.00123876	-0.00410627	-0.000997816	0.000787652	0.003078	0.00251482	-0.001528	-0.00200962	-0.000922002	0.000362527	0.00293778	-0.00142401	-0.00579904	0	
-0.00224809	0.000207634	0.000557141	-0.00253284	-0.00138534	0.00358	0.00608718	-0.00224656	-0.00341686	-0.000837262	-0.00218478	0.000989892	0.00424333	-0.00124821	-0.00535264	-0.000699971	0.00293778	0.00311299	-0.00188841	-0.00593381	0	
-0.00132962	-0.003913	-0.00218784	0.000170109	0.0047488	0.00309611	-0.000621822	-0.0055176	0.00123889	0.00652839	-0.00401397	-0.00600437	0.00166612	-0.000358792	-0.000643426	0.00302757	-0.00142401	-0.00188841	0.00252863	0.00251599	0	
-0.000355107	-0.000734648	-0.000827158	0.00180097	0.00328256	-0.00229639	-0.00867986	-0.00669073	0.00615565	0.00870771	-0.00117781	-0.00533498	-0.00139008	0.0032642	0.00470183	0.00111342	-0.00579904	-0.00593381	0.00251599	0.00725472	0	
0	0	0	0	0	0	0	0	0	0	0	0	0	0	0	0	0	0	0	0	0	
