0.188836	0.230633	0.24736	0.258007	0.278938	0.330443	0.394381	0.459708	0.517537	0.550176	0.538977	0.491559	0.422311	0.337873	0.246263	0.181498	0.158444	0.172355	0.20381	
0.258191	0.2888	0.297685	0.302529	0.317138	0.367757	0.444057	0.525545	0.591972	0.619356	0.591451	0.50196	0.376526	0.23368	0.0977207	0.00129438	-0.0433438	-0.0441836	-0.0160467	
0.280767	0.289905	0.285535	0.283179	0.293154	0.343466	0.425805	0.513811	0.57746	0.599084	0.555006	0.431743	0.261644	0.0780795	-0.0821937	-0.199978	-0.263425	-0.275443	-0.252446	
0.244396	0.228448	0.209799	0.202777	0.214007	0.265239	0.345656	0.429862	0.487187	0.50318	0.447379	0.303819	0.105907	-0.0933204	-0.265643	-0.39657	-0.475192	-0.499097	-0.480992	
0.143416	0.100745	0.0669016	0.0568122	0.0764503	0.129083	0.204376	0.285251	0.341786	0.360456	0.303205	0.154144	-0.0464054	-0.248739	-0.425947	-0.567077	-0.662012	-0.697463	-0.681807	
-0.00564998	-0.0710612	-0.120117	-0.131206	-0.102213	-0.0521373	0.0189055	0.0956074	0.160899	0.188167	0.139219	0.00615937	-0.177316	-0.369422	-0.542403	-0.69108	-0.796103	-0.844056	-0.835165	
-0.175	-0.255195	-0.313787	-0.321798	-0.287421	-0.235943	-0.169428	-0.090821	-0.014689	0.0213051	-0.0118403	-0.118009	-0.274421	-0.444993	-0.608942	-0.753345	-0.861463	-0.921003	-0.919008	
-0.331869	-0.415702	-0.475524	-0.478185	-0.436419	-0.37767	-0.305417	-0.217247	-0.131305	-0.0853833	-0.0996019	-0.178824	-0.305859	-0.455483	-0.606541	-0.742443	-0.85347	-0.921807	-0.928287	
-0.441845	-0.518879	-0.5689	-0.562237	-0.510171	-0.437171	-0.350279	-0.25261	-0.161908	-0.108253	-0.104051	-0.159318	-0.256825	-0.384036	-0.514816	-0.643759	-0.758112	-0.836756	-0.857565	
-0.489767	-0.547702	-0.580036	-0.559147	-0.495177	-0.403932	-0.302419	-0.199613	-0.112147	-0.0516628	-0.0325754	-0.0640783	-0.135533	-0.233341	-0.343847	-0.467004	-0.585653	-0.675953	-0.714757	
-0.470073	-0.501517	-0.505446	-0.466803	-0.388106	-0.282098	-0.171992	-0.0728856	0.00726892	0.0690244	0.100316	0.0860344	0.0379286	-0.0310967	-0.125241	-0.239599	-0.359858	-0.454775	-0.507784	
-0.380234	-0.371775	-0.337151	-0.277612	-0.183811	-0.0761552	0.02776	0.113861	0.178669	0.237018	0.271417	0.269462	0.243012	0.195886	0.122776	0.020501	-0.0901383	-0.182228	-0.249326	
-0.24948	-0.187606	-0.112647	-0.0254726	0.0798093	0.176911	0.266902	0.33259	0.384298	0.430944	0.458769	0.464128	0.449134	0.417546	0.366703	0.282988	0.194289	0.107287	0.0274756	
-0.10511	0.012475	0.12532	0.241151	0.347426	0.430252	0.495911	0.543711	0.583773	0.611368	0.630331	0.636976	0.628522	0.613061	0.583389	0.531164	0.464626	0.380394	0.284041	
0.0383721	0.206301	0.355343	0.489602	0.591293	0.651496	0.686794	0.714762	0.736951	0.743372	0.752304	0.759452	0.763684	0.768264	0.767356	0.75334	0.703447	0.616895	0.494958	
0.159434	0.370965	0.553578	0.697932	0.791815	0.827201	0.82972	0.833068	0.829555	0.818325	0.815323	0.827334	0.845849	0.872997	0.904888	0.921441	0.886292	0.79493	0.645116	
0.241365	0.493474	0.702572	0.853489	0.93839	0.949777	0.92345	0.896091	0.867823	0.845357	0.836023	0.853392	0.88517	0.931049	0.989594	1.02418	1.00201	0.905692	0.735605	
0.285132	0.569053	0.798031	0.952499	1.02232	1.01276	0.960287	0.900277	0.856917	0.830606	0.825655	0.84785	0.889553	0.950125	1.0233	1.06792	1.05288	0.954372	0.768572	
0.294153	0.599089	0.84134	0.991322	1.04409	1.01802	0.944108	0.864719	0.814628	0.793825	0.797045	0.819648	0.864674	0.934033	1.01001	1.06197	1.05215	0.952074	0.759393	
0.278703	0.593428	0.839106	0.979247	1.01724	0.978653	0.895653	0.810802	0.760561	0.747469	0.752392	0.773769	0.816979	0.889204	0.964085	1.02112	1.01354	0.914133	0.718789	
0.251735	0.560634	0.798099	0.928139	0.955734	0.915799	0.836615	0.759624	0.714822	0.701361	0.703951	0.722301	0.762636	0.830598	0.901479	0.956027	0.94893	0.851314	0.657265	
0.213633	0.50249	0.723098	0.846242	0.87581	0.843816	0.781595	0.718887	0.679846	0.659051	0.656552	0.672911	0.713407	0.768744	0.83292	0.877083	0.86768	0.77183	0.583651	
0.167638	0.424211	0.625234	0.746267	0.787578	0.773836	0.732493	0.689023	0.653209	0.626656	0.617406	0.636901	0.673121	0.714385	0.762833	0.792294	0.776947	0.683094	0.50239	
0.112866	0.332998	0.516783	0.638898	0.69777	0.707599	0.687643	0.664394	0.631641	0.602302	0.590591	0.608823	0.640582	0.668528	0.694275	0.709109	0.680849	0.585318	0.415468	
0.0640095	0.249276	0.414452	0.538535	0.609033	0.642606	0.646727	0.638821	0.615867	0.587927	0.57823	0.594086	0.620627	0.637845	0.639172	0.630589	0.581253	0.481617	0.322791	
0.0213072	0.174624	0.320938	0.4418	0.521647	0.579534	0.613727	0.621109	0.610978	0.58764	0.580629	0.590157	0.608019	0.612225	0.588338	0.545007	0.477883	0.374149	0.237383	
-0.00333269	0.114313	0.24029	0.347111	0.436124	0.514962	0.580791	0.607065	0.606342	0.596957	0.592785	0.597553	0.605564	0.588567	0.538008	0.456544	0.370669	0.27073	0.160768	
-0.00601685	0.0662756	0.164977	0.253786	0.347134	0.447393	0.539327	0.589529	0.602516	0.610952	0.614646	0.615166	0.605411	0.563656	0.482029	0.373009	0.271572	0.181066	0.0952201	
0.00465868	0.0294985	0.0928801	0.167812	0.262815	0.379445	0.491106	0.565949	0.60026	0.623433	0.635178	0.625294	0.593299	0.525561	0.41909	0.29853	0.18941	0.105638	0.0435539	
0.0367128	0.0160989	0.0402067	0.103419	0.197137	0.320098	0.445264	0.543983	0.60409	0.640154	0.649853	0.629387	0.574298	0.484501	0.365978	0.239745	0.128601	0.0502747	0.00797392	
0.0757863	0.0116039	0.000960958	0.0484889	0.141028	0.263687	0.397737	0.518163	0.603522	0.645285	0.650168	0.616195	0.547074	0.442267	0.31699	0.187878	0.0772278	0.0042165	-0.0139247	
0.120581	0.0196336	-0.0253955	0.00204983	0.0886794	0.207652	0.345882	0.481077	0.584695	0.633323	0.635333	0.594569	0.516191	0.401365	0.267441	0.136633	0.0291707	-0.0287309	-0.0184303	
0.180566	0.0557819	-0.0191333	-0.0128335	0.0608164	0.170387	0.302463	0.435689	0.54475	0.601663	0.604897	0.565754	0.47651	0.359539	0.224396	0.0997967	0.00964686	-0.0246208	0.0101631	
0.247283	0.108052	0.0153834	-0.00140522	0.0545732	0.145698	0.262158	0.383279	0.489479	0.556181	0.568562	0.525368	0.428796	0.307949	0.184027	0.0762153	0.0101488	0.0035571	0.062218	
0.307455	0.164866	0.0620522	0.0243249	0.0527551	0.119002	0.214837	0.324667	0.427113	0.502574	0.522361	0.473488	0.369724	0.250122	0.143783	0.060078	0.0192729	0.0411817	0.121672	
0.371331	0.239349	0.133096	0.0754622	0.0652655	0.0988148	0.167574	0.261967	0.355417	0.425471	0.446125	0.398695	0.300861	0.200554	0.119642	0.0675323	0.0555139	0.0988312	0.193096	
0.439949	0.326467	0.219451	0.139878	0.0926127	0.0926996	0.134382	0.209418	0.284982	0.339053	0.352659	0.313162	0.238337	0.161594	0.110439	0.0904307	0.108361	0.173064	0.275323	
0.49636	0.404992	0.296854	0.199367	0.127167	0.101255	0.115535	0.16007	0.210303	0.241302	0.24546	0.218199	0.174008	0.127232	0.104652	0.115688	0.162732	0.243741	0.350979	
0.541034	0.468288	0.362374	0.255263	0.170705	0.125931	0.104623	0.10633	0.123504	0.131984	0.129559	0.117207	0.107632	0.101747	0.110316	0.1508	0.22002	0.30992	0.416283	
0.57309	0.516581	0.4191	0.312769	0.225904	0.162043	0.10289	0.0569708	0.0365666	0.0287635	0.0205687	0.0258477	0.0509007	0.0876992	0.133268	0.196715	0.279943	0.376359	0.473613	
0.577484	0.539315	0.462506	0.36813	0.283506	0.198817	0.10686	0.0160511	-0.0421359	-0.0714146	-0.0810517	-0.0592917	-0.00214542	0.0733037	0.15522	0.241098	0.334636	0.429273	0.512479	
0.551571	0.533056	0.486384	0.411076	0.327568	0.227627	0.109998	-0.0104304	-0.106491	-0.160673	-0.171186	-0.132383	-0.0502486	0.0553746	0.168571	0.27922	0.378875	0.462422	0.522776	
0.513022	0.515989	0.495454	0.439921	0.35691	0.243854	0.111426	-0.028776	-0.154074	-0.22943	-0.241655	-0.183377	-0.0798766	0.0495505	0.189282	0.316411	0.41219	0.474167	0.505259	
0.459509	0.479411	0.479489	0.443886	0.368182	0.250596	0.111335	-0.0404866	-0.181122	-0.273747	-0.288559	-0.222648	-0.100453	0.0483675	0.20282	0.333037	0.418487	0.459569	0.472001	
0.394366	0.421472	0.43513	0.419846	0.358109	0.24922	0.108072	-0.0430215	-0.187524	-0.285659	-0.305961	-0.242812	-0.112362	0.0483208	0.200922	0.320003	0.394261	0.426033	0.42745	
0.325531	0.351886	0.369601	0.372146	0.32615	0.230069	0.0997704	-0.0452289	-0.180025	-0.271717	-0.291392	-0.231953	-0.107481	0.0491495	0.188567	0.288544	0.350224	0.374594	0.363496	
0.248271	0.267165	0.286415	0.300041	0.269153	0.19287	0.085001	-0.040934	-0.158088	-0.235205	-0.244539	-0.193513	-0.0919909	0.037834	0.156241	0.240764	0.288573	0.299595	0.280894	
0.167839	0.178179	0.195753	0.211746	0.192531	0.141448	0.0643297	-0.0276975	-0.119019	-0.173832	-0.172329	-0.133219	-0.0676607	0.0201565	0.109623	0.1781	0.209641	0.206526	0.188042	
0.0833526	0.0885456	0.0985216	0.110123	0.100905	0.0743107	0.0364502	-0.0150288	-0.0649982	-0.0944003	-0.0902182	-0.067415	-0.0380307	0.00498688	0.0555807	0.0962202	0.111168	0.104194	0.0923453	
0	0	0	0	0	0	0	0	0	0	0	0	0	0	0	0	0	0	0	
