-0.432737	-0.326975	-0.23752	-0.17394	-0.124196	-0.0756643	-0.0353333	-0.000305349	0.0252891	0.0353864	0.0480349	0.0743163	0.124435	0.199494	0.269137	0.32243	0.362019	0.356254	0.284385	0.159494	0	
-0.461633	-0.353224	-0.246425	-0.169513	-0.123201	-0.0890828	-0.0677391	-0.0474284	-0.0285663	-0.0193764	-0.0109442	-0.00118103	0.0230408	0.072975	0.131507	0.183842	0.224641	0.236954	0.199371	0.112609	0	
-0.480287	-0.368514	-0.251295	-0.161911	-0.115769	-0.0964199	-0.092286	-0.0838567	-0.0654519	-0.0541124	-0.0610867	-0.0718485	-0.06772	-0.0519409	-0.0218655	0.0198316	0.0593266	0.0915649	0.0933189	0.0535565	0	
-0.495523	-0.384615	-0.267047	-0.168428	-0.113723	-0.0970044	-0.0956298	-0.0869573	-0.0722209	-0.0716191	-0.103072	-0.147693	-0.173329	-0.180475	-0.172212	-0.146667	-0.107844	-0.064026	-0.0327039	-0.015897	0	
-0.515347	-0.406394	-0.291262	-0.186599	-0.115285	-0.0858667	-0.0796356	-0.0700834	-0.0629232	-0.0833007	-0.14201	-0.214928	-0.270298	-0.301904	-0.313633	-0.304026	-0.270249	-0.224097	-0.171018	-0.0957561	0	
-0.538531	-0.433239	-0.314238	-0.207119	-0.124695	-0.0758416	-0.056129	-0.0460319	-0.0509807	-0.0914998	-0.168249	-0.258464	-0.342588	-0.408335	-0.445676	-0.453648	-0.428475	-0.374347	-0.292614	-0.165729	0	
-0.554526	-0.464219	-0.336322	-0.219496	-0.135531	-0.0748566	-0.0351179	-0.0216525	-0.0365101	-0.0894155	-0.18403	-0.290309	-0.393	-0.490671	-0.557117	-0.579509	-0.560389	-0.500707	-0.395463	-0.225693	0	
-0.535789	-0.474064	-0.355683	-0.230507	-0.137796	-0.0729062	-0.0275689	-0.0123747	-0.0305151	-0.0848704	-0.182493	-0.301481	-0.426445	-0.546915	-0.63162	-0.669363	-0.659349	-0.594678	-0.466814	-0.262661	0	
-0.47558	-0.447911	-0.366089	-0.251575	-0.145335	-0.0687605	-0.0224793	-0.0147312	-0.036761	-0.0812397	-0.16682	-0.288919	-0.43229	-0.575787	-0.681122	-0.728008	-0.710745	-0.631257	-0.487266	-0.2693	0	
-0.395676	-0.401852	-0.360009	-0.275506	-0.167868	-0.0725828	-0.0178177	-0.0119443	-0.0343402	-0.0763683	-0.155131	-0.271218	-0.418969	-0.57208	-0.685021	-0.734886	-0.711444	-0.616432	-0.458003	-0.243859	0	
-0.303556	-0.34414	-0.3352	-0.278167	-0.18728	-0.0958858	-0.0330788	-0.0174399	-0.0338863	-0.0709231	-0.143882	-0.251216	-0.38468	-0.523496	-0.630183	-0.679107	-0.654537	-0.558451	-0.405638	-0.211803	0	
-0.197915	-0.270675	-0.293031	-0.263308	-0.202116	-0.133444	-0.0771121	-0.0523218	-0.0507878	-0.0722789	-0.130311	-0.216057	-0.322651	-0.434968	-0.522242	-0.562864	-0.543162	-0.463014	-0.333811	-0.172459	0	
-0.117095	-0.201772	-0.249589	-0.25	-0.218422	-0.178519	-0.136635	-0.105642	-0.0910586	-0.0946114	-0.122412	-0.173284	-0.243272	-0.31699	-0.373844	-0.398391	-0.382214	-0.326393	-0.233881	-0.118419	0	
-0.0830178	-0.161089	-0.219628	-0.24992	-0.257993	-0.24819	-0.218117	-0.182796	-0.15074	-0.128038	-0.122543	-0.136038	-0.164285	-0.191113	-0.203634	-0.197908	-0.17852	-0.151679	-0.112316	-0.0591245	0	
-0.0917439	-0.159243	-0.226639	-0.289647	-0.333637	-0.349283	-0.333192	-0.292932	-0.24174	-0.190023	-0.141817	-0.109584	-0.0914868	-0.0639901	-0.0219869	0.0197705	0.0378692	0.0279072	0.0145126	0.00757362	0	
-0.144991	-0.205682	-0.288859	-0.375102	-0.440275	-0.474734	-0.475668	-0.446563	-0.38934	-0.30404	-0.201366	-0.108788	-0.027699	0.0605725	0.149627	0.216711	0.233876	0.197582	0.135469	0.0672768	0	
-0.253188	-0.318556	-0.410659	-0.505793	-0.576855	-0.620411	-0.645008	-0.637929	-0.582496	-0.472429	-0.315345	-0.152026	-0.00146271	0.145963	0.278105	0.368056	0.386927	0.33617	0.245661	0.130393	0	
-0.402961	-0.47801	-0.571297	-0.664938	-0.739244	-0.800489	-0.850266	-0.860416	-0.808335	-0.678318	-0.475718	-0.250895	-0.0342604	0.165317	0.327404	0.435424	0.471025	0.434131	0.338899	0.188124	0	
-0.547844	-0.637787	-0.735798	-0.836161	-0.9306	-1.01435	-1.08038	-1.09881	-1.04636	-0.907586	-0.681897	-0.412899	-0.141995	0.103118	0.294876	0.419935	0.473425	0.459544	0.37464	0.212054	0	
-0.673537	-0.779594	-0.88925	-1.00705	-1.12315	-1.227	-1.30636	-1.32969	-1.28351	-1.1524	-0.92311	-0.628743	-0.317494	-0.0370736	0.177354	0.318446	0.38923	0.398079	0.339947	0.200054	0	
-0.775538	-0.901749	-1.03115	-1.16473	-1.2968	-1.41585	-1.50502	-1.53819	-1.50007	-1.37379	-1.15349	-0.864855	-0.550635	-0.261151	-0.0308238	0.130278	0.230435	0.278703	0.257159	0.153974	0	
-0.853367	-1.00286	-1.1546	-1.30487	-1.44549	-1.56543	-1.65713	-1.69839	-1.66827	-1.55344	-1.35537	-1.09458	-0.80728	-0.532617	-0.29429	-0.107882	0.0245896	0.106514	0.127042	0.0837755	0	
-0.910092	-1.07214	-1.24652	-1.41757	-1.56577	-1.68133	-1.76186	-1.79791	-1.77217	-1.67328	-1.51082	-1.29407	-1.04348	-0.791201	-0.55726	-0.360741	-0.208037	-0.0975066	-0.0333363	-0.00681152	0	
-0.958304	-1.13102	-1.31909	-1.50222	-1.65898	-1.76651	-1.81917	-1.82858	-1.79286	-1.71174	-1.59471	-1.43303	-1.23259	-1.01248	-0.789368	-0.591371	-0.426864	-0.294025	-0.191979	-0.0989329	0	
-1.01876	-1.20187	-1.38389	-1.55608	-1.70316	-1.79405	-1.81567	-1.79104	-1.73936	-1.67509	-1.60194	-1.49196	-1.33945	-1.16205	-0.972581	-0.786479	-0.61114	-0.454154	-0.310774	-0.159877	0	
-1.07975	-1.26805	-1.43693	-1.57802	-1.68823	-1.74554	-1.73513	-1.68627	-1.62772	-1.5775	-1.53351	-1.46202	-1.35414	-1.22294	-1.07821	-0.924221	-0.753564	-0.573452	-0.393165	-0.202454	0	
-1.12892	-1.31476	-1.46569	-1.56329	-1.61777	-1.62552	-1.58096	-1.51415	-1.4539	-1.41574	-1.39111	-1.34887	-1.28044	-1.19798	-1.10912	-0.998154	-0.845361	-0.661379	-0.458293	-0.23511	0	
-1.18383	-1.34361	-1.45637	-1.50296	-1.49618	-1.4474	-1.36672	-1.28044	-1.21248	-1.17982	-1.17446	-1.16748	-1.14457	-1.11499	-1.08256	-1.01669	-0.891691	-0.714211	-0.496161	-0.252332	0	
-1.25635	-1.35781	-1.41083	-1.39973	-1.32792	-1.21838	-1.09926	-0.994077	-0.924268	-0.900608	-0.909678	-0.937581	-0.970171	-0.996584	-1.00969	-0.980224	-0.884982	-0.724884	-0.511573	-0.264506	0	
-1.31802	-1.34449	-1.33048	-1.25743	-1.12252	-0.961565	-0.815682	-0.702534	-0.634859	-0.614043	-0.630263	-0.685065	-0.762026	-0.838273	-0.894856	-0.897227	-0.831038	-0.699102	-0.504473	-0.264487	0	
-1.34449	-1.29602	-1.21072	-1.07725	-0.89986	-0.717278	-0.564577	-0.44686	-0.37427	-0.349164	-0.367658	-0.440638	-0.549454	-0.656783	-0.734058	-0.760169	-0.732382	-0.641527	-0.478226	-0.256671	0	
-1.33048	-1.21072	-1.05452	-0.874793	-0.685743	-0.508599	-0.354935	-0.229692	-0.155626	-0.134821	-0.162336	-0.244883	-0.35919	-0.469486	-0.548234	-0.585152	-0.588012	-0.543254	-0.42804	-0.240142	0	
-1.25743	-1.07725	-0.874793	-0.679759	-0.498664	-0.328457	-0.179269	-0.0643056	0.00272145	0.0170732	-0.0211089	-0.101181	-0.202643	-0.302438	-0.371351	-0.408635	-0.428656	-0.412292	-0.334455	-0.191021	0	
-1.12252	-0.89986	-0.685743	-0.498664	-0.327782	-0.172797	-0.0516981	0.0377614	0.0958744	0.108642	0.0764448	0.00945638	-0.0853396	-0.174158	-0.224876	-0.255219	-0.277437	-0.272243	-0.223195	-0.126897	0	
-0.961565	-0.717278	-0.508599	-0.328457	-0.172797	-0.0545501	0.0308662	0.0968769	0.145571	0.164126	0.13866	0.0748076	-0.00779656	-0.0740378	-0.110401	-0.134825	-0.147552	-0.145656	-0.123538	-0.0700309	0	
-0.815682	-0.564577	-0.354935	-0.179269	-0.0516981	0.0308662	0.0901092	0.130236	0.166393	0.190231	0.168537	0.111462	0.0467074	-0.00273067	-0.0282611	-0.042879	-0.0474997	-0.0408044	-0.0257094	-0.00778073	0	
-0.702534	-0.44686	-0.229692	-0.0643056	0.0377614	0.0968769	0.130236	0.146185	0.16538	0.182416	0.17218	0.136184	0.0896091	0.0499373	0.0317652	0.0320166	0.0428313	0.060597	0.070503	0.0502564	0	
-0.634859	-0.37427	-0.155626	0.00272145	0.0958744	0.145571	0.166393	0.16538	0.159179	0.157363	0.152213	0.132536	0.110307	0.101479	0.103803	0.118581	0.144743	0.166369	0.155501	0.0940912	0	
-0.614043	-0.349164	-0.134821	0.0170732	0.108642	0.164126	0.190231	0.182416	0.157363	0.134882	0.127509	0.126447	0.13353	0.159863	0.188607	0.218982	0.255699	0.269694	0.234559	0.140789	0	
-0.630263	-0.367658	-0.162336	-0.0211089	0.0764448	0.13866	0.168537	0.17218	0.152213	0.127509	0.126184	0.152174	0.198677	0.247857	0.282158	0.31844	0.356157	0.353957	0.29141	0.169629	0	
-0.685065	-0.440638	-0.244883	-0.101181	0.00945638	0.0748076	0.111462	0.136184	0.132536	0.126447	0.152174	0.218588	0.307135	0.367714	0.39769	0.421314	0.425892	0.394214	0.30616	0.161935	0	
-0.762026	-0.549454	-0.35919	-0.202643	-0.0853396	-0.00779656	0.0467074	0.0896091	0.110307	0.13353	0.198677	0.307135	0.417835	0.483625	0.511517	0.511802	0.472724	0.404248	0.29644	0.14827	0	
-0.838273	-0.656783	-0.469486	-0.302438	-0.174158	-0.0740378	-0.00273067	0.0499373	0.101479	0.159863	0.247857	0.367714	0.483625	0.563986	0.593574	0.571709	0.509586	0.411121	0.27996	0.137155	0	
-0.894856	-0.734058	-0.548234	-0.371351	-0.224876	-0.110401	-0.0282611	0.0317652	0.103803	0.188607	0.282158	0.39769	0.511517	0.593574	0.622341	0.589526	0.514227	0.399472	0.258044	0.124129	0	
-0.897227	-0.760169	-0.585152	-0.408635	-0.255219	-0.134825	-0.042879	0.0320166	0.118581	0.218982	0.31844	0.421314	0.511802	0.571709	0.589526	0.552735	0.46543	0.338965	0.210948	0.10601	0	
-0.831038	-0.732382	-0.588012	-0.428656	-0.277437	-0.147552	-0.0474997	0.0428313	0.144743	0.255699	0.356157	0.425892	0.472724	0.509586	0.514227	0.46543	0.365551	0.237261	0.13184	0.0644361	0	
-0.699102	-0.641527	-0.543254	-0.412292	-0.272243	-0.145656	-0.0408044	0.060597	0.166369	0.269694	0.353957	0.394214	0.404248	0.411121	0.399472	0.338965	0.237261	0.138693	0.0666038	0.0204533	0	
-0.504473	-0.478226	-0.42804	-0.334455	-0.223195	-0.123538	-0.0257094	0.070503	0.155501	0.234559	0.29141	0.30616	0.29644	0.27996	0.258044	0.210948	0.13184	0.0666038	0.0288416	0.00253605	0	
-0.264487	-0.256671	-0.240142	-0.191021	-0.126897	-0.0700309	-0.00778073	0.0502564	0.0940912	0.140789	0.169629	0.161935	0.14827	0.137155	0.124129	0.10601	0.0644361	0.0204533	0.00253605	-0.00119775	0	
0	0	0	0	0	0	0	0	0	0	0	0	0	0	0	0	0	0	0	0	0	
