0	0	0	0	0	0	0	0	0	0	0	0	0	0	0	0	0	0	0	0	
-0.00186701	-0.0010854	-0.000176394	0.00100179	3.216e-05	-0.000166945	-0.0021968	7.39723e-05	0.00285915	0.00326041	0.00366838	0.00721972	0.0153636	0.0206089	0.0239341	0.0300715	0.0351266	0.0347738	0.0294682	0.0147733	
-0.004849	-0.00455091	-0.00117764	0.000571008	0.000295993	0.000157754	-0.00277509	0.00169244	0.00753887	0.0077295	0.00701528	0.0148397	0.0279526	0.0391623	0.0474177	0.0577884	0.0718283	0.0717695	0.0590677	0.0322049	
-0.00512649	-0.00428114	-0.000876564	0.00220065	0.000562175	-0.000574202	-0.00594535	0.00089312	0.00848755	0.00967462	0.0112154	0.0218672	0.0444167	0.0607757	0.0715971	0.0890826	0.105197	0.104682	0.087629	0.0449011	
-0.00805754	-0.00812614	-0.00337451	0.00108605	0.000829489	-0.0011505	-0.00541695	0.00271314	0.0129548	0.0147004	0.014898	0.0300418	0.0559514	0.0775434	0.0944753	0.115731	0.140148	0.141641	0.11719	0.0626553	
-0.00768984	-0.00949776	-0.00324601	0.00146688	0.00123437	-0.00166928	-0.00798834	0.00259602	0.0134133	0.0158141	0.0194376	0.0371698	0.0697663	0.0977342	0.118527	0.145606	0.173307	0.174634	0.144046	0.076181	
-0.0103736	-0.0117313	-0.0069916	3.71985e-06	0.000909896	-0.00429014	-0.00759898	0.00277113	0.0149637	0.0197718	0.0239514	0.0455721	0.0820102	0.113956	0.140767	0.172932	0.204068	0.207913	0.172749	0.0924863	
-0.0121784	-0.0164745	-0.00958178	-0.00250879	-0.000692763	-0.00526248	-0.00846362	0.00307346	0.0156281	0.0209624	0.0285217	0.0530009	0.0915404	0.129893	0.163653	0.199948	0.236079	0.241385	0.198552	0.108722	
-0.0167786	-0.0196067	-0.0143497	-0.00627118	-0.00372483	-0.00959788	-0.00995052	0.000516244	0.0129562	0.0215022	0.0331744	0.060603	0.102869	0.145704	0.185258	0.227445	0.263551	0.269322	0.224337	0.124755	
-0.0263937	-0.0285281	-0.0233443	-0.0145361	-0.0108311	-0.0147122	-0.0111206	-0.00189639	0.0110198	0.0220767	0.0367809	0.0670627	0.109423	0.156537	0.204985	0.252176	0.291432	0.299325	0.250073	0.143477	
-0.0395832	-0.0403684	-0.0340904	-0.0256022	-0.0227748	-0.0222992	-0.0174583	-0.009488	0.00383954	0.0171523	0.0387258	0.0718379	0.115889	0.168566	0.224371	0.276768	0.31598	0.323097	0.271989	0.16091	
-0.0652382	-0.0598368	-0.0538094	-0.0463838	-0.0407861	-0.0372829	-0.0266404	-0.0201372	-0.00727377	0.011752	0.0373429	0.0728503	0.118907	0.174702	0.238644	0.298504	0.33804	0.344297	0.295228	0.180587	
-0.100079	-0.0909657	-0.0826776	-0.0748841	-0.0710661	-0.0578432	-0.0450117	-0.0395173	-0.023463	-0.00184322	0.0305341	0.0698793	0.116583	0.177277	0.250051	0.315433	0.355777	0.362555	0.314043	0.198386	
-0.151685	-0.135102	-0.12279	-0.117948	-0.110311	-0.0909832	-0.0744431	-0.067552	-0.0518543	-0.0234709	0.0144974	0.0569935	0.109062	0.174275	0.254754	0.328401	0.368977	0.373261	0.329057	0.214148	
-0.219988	-0.196606	-0.18117	-0.17729	-0.167557	-0.140033	-0.118585	-0.109702	-0.0893067	-0.055171	-0.0117354	0.0359868	0.0912075	0.161234	0.248863	0.329399	0.373148	0.378853	0.340431	0.227412	
-0.303678	-0.274059	-0.254145	-0.250079	-0.23793	-0.20357	-0.179023	-0.166973	-0.143525	-0.103867	-0.0556483	-0.00210208	0.0611517	0.137237	0.233297	0.321926	0.367593	0.375831	0.341441	0.229544	
-0.397481	-0.365317	-0.340591	-0.339997	-0.323232	-0.286392	-0.25865	-0.240218	-0.212918	-0.167258	-0.11413	-0.054405	0.0155023	0.0990612	0.200265	0.294763	0.348446	0.360592	0.332227	0.226117	
-0.492805	-0.458506	-0.435355	-0.432923	-0.415578	-0.380609	-0.348713	-0.327924	-0.295988	-0.246679	-0.191788	-0.124828	-0.0466644	0.0436038	0.150987	0.252062	0.311061	0.331506	0.308979	0.203659	
-0.570848	-0.542653	-0.520921	-0.519582	-0.504556	-0.474243	-0.444526	-0.419836	-0.3865	-0.338242	-0.281107	-0.210539	-0.126026	-0.0277364	0.0836802	0.188904	0.25762	0.28792	0.267997	0.166379	
-0.613981	-0.596418	-0.582225	-0.58369	-0.574975	-0.557298	-0.5307	-0.507315	-0.474979	-0.428983	-0.373741	-0.299598	-0.211935	-0.109114	0.00406403	0.108511	0.184706	0.224059	0.207028	0.109727	
-0.609973	-0.605726	-0.602631	-0.606214	-0.608005	-0.603682	-0.585546	-0.566826	-0.540787	-0.505132	-0.454125	-0.386012	-0.29985	-0.195154	-0.0848111	0.0213085	0.103143	0.150136	0.135992	0.036224	
-0.540385	-0.554535	-0.563513	-0.57305	-0.590192	-0.601969	-0.597555	-0.589086	-0.574211	-0.549507	-0.507104	-0.445192	-0.365257	-0.266017	-0.158842	-0.0614711	0.0188322	0.069342	0.0497327	-0.049919	
-0.417875	-0.448724	-0.46771	-0.485819	-0.514757	-0.539725	-0.549882	-0.552457	-0.552204	-0.541852	-0.509992	-0.463396	-0.397671	-0.308201	-0.213038	-0.123917	-0.0478356	-0.0039157	-0.02672	-0.130667	
-0.253749	-0.294048	-0.320786	-0.346672	-0.383975	-0.41909	-0.4423	-0.459471	-0.475438	-0.477358	-0.458871	-0.427952	-0.377595	-0.304124	-0.220732	-0.142581	-0.0813843	-0.0501257	-0.0831609	-0.197388	
-0.0738259	-0.116735	-0.147508	-0.180137	-0.220035	-0.258005	-0.290135	-0.319002	-0.34747	-0.356601	-0.349244	-0.332257	-0.297989	-0.243074	-0.172511	-0.108358	-0.0666737	-0.0546157	-0.103559	-0.227913	
0.0913893	0.0537451	0.0233632	-0.0125654	-0.04725	-0.0801628	-0.112765	-0.149876	-0.182323	-0.194647	-0.195069	-0.186834	-0.169316	-0.128906	-0.0705548	-0.019374	0.00616918	-0.00522663	-0.0694799	-0.202172	
0.224503	0.199728	0.172708	0.137052	0.111861	0.0889443	0.0589124	0.0205309	-0.0119563	-0.0222201	-0.022172	-0.0185818	-0.00530152	0.0273159	0.0782403	0.124964	0.132975	0.100329	0.0208953	-0.124332	
0.315009	0.305068	0.279898	0.248625	0.233601	0.221348	0.202296	0.167679	0.144203	0.142894	0.146441	0.156266	0.170002	0.200078	0.250804	0.291901	0.291439	0.247339	0.157174	0.009627	
0.36319	0.364861	0.346152	0.32422	0.315798	0.317074	0.307446	0.282399	0.270927	0.274338	0.28711	0.305028	0.324927	0.36455	0.419076	0.462419	0.465401	0.419162	0.326954	0.178855	
0.374574	0.38388	0.375995	0.362105	0.359281	0.368265	0.367146	0.357537	0.355545	0.365477	0.390096	0.41725	0.4515	0.505119	0.565257	0.614976	0.625012	0.585609	0.50098	0.354552	
0.348435	0.363043	0.368761	0.363596	0.366537	0.377978	0.387502	0.396414	0.401789	0.420817	0.454507	0.491154	0.54178	0.606644	0.675219	0.731014	0.750462	0.73083	0.659357	0.517205	
0.286769	0.308265	0.325276	0.333384	0.34101	0.351817	0.375933	0.39797	0.412333	0.43935	0.477873	0.526655	0.590297	0.667446	0.747656	0.809787	0.843255	0.846011	0.78858	0.651376	
0.207779	0.229144	0.255788	0.274713	0.281524	0.295098	0.326666	0.359391	0.384467	0.418514	0.466602	0.528101	0.603306	0.693456	0.784481	0.852535	0.900095	0.922399	0.876878	0.750042	
0.12513	0.141446	0.171695	0.192676	0.201587	0.216514	0.252205	0.290714	0.323531	0.366718	0.422757	0.493874	0.577637	0.678291	0.779188	0.860121	0.924812	0.960344	0.931352	0.818791	
0.0664365	0.0737503	0.0978142	0.11326	0.121791	0.136873	0.168209	0.201877	0.239139	0.287876	0.350816	0.428358	0.517118	0.625652	0.736538	0.835832	0.915237	0.960867	0.947945	0.851663	
0.0470128	0.0445067	0.051621	0.0564696	0.0633293	0.0764935	0.0968806	0.118083	0.152564	0.202544	0.26792	0.343654	0.433718	0.542923	0.662267	0.782284	0.872369	0.925802	0.926498	0.850876	
0.073841	0.0561787	0.0435776	0.0347224	0.0365001	0.0477454	0.0521149	0.0591507	0.0851898	0.132571	0.195214	0.265129	0.349528	0.451663	0.577178	0.706087	0.802732	0.862104	0.869937	0.822464	
0.128771	0.0965616	0.0670233	0.0440849	0.0439661	0.0493523	0.0440529	0.0397588	0.0527014	0.0943314	0.147538	0.207488	0.280474	0.374337	0.499202	0.629575	0.730552	0.789202	0.806106	0.780483	
0.205167	0.159834	0.1166	0.0828776	0.0731407	0.0695719	0.0604484	0.0466258	0.0500973	0.0818986	0.126331	0.180525	0.24334	0.333162	0.453507	0.576022	0.672616	0.731697	0.755967	0.740701	
0.288836	0.233395	0.180961	0.136606	0.11127	0.0976372	0.0889582	0.0739991	0.0705091	0.0908756	0.129692	0.17737	0.237047	0.327333	0.440243	0.554337	0.64517	0.710008	0.744681	0.733387	
0.374077	0.314165	0.258944	0.204722	0.158566	0.13443	0.125501	0.111745	0.102793	0.11261	0.144234	0.1897	0.253489	0.345878	0.456813	0.562631	0.651249	0.731035	0.778532	0.772261	
0.452756	0.397884	0.345934	0.280093	0.217297	0.181591	0.168021	0.15487	0.140498	0.141483	0.165433	0.210057	0.281565	0.379937	0.491856	0.598739	0.695893	0.790747	0.854904	0.853556	
0.518158	0.476964	0.427867	0.354211	0.280854	0.233586	0.211515	0.192973	0.177905	0.177077	0.195731	0.245461	0.325788	0.428015	0.544508	0.658368	0.765919	0.87367	0.949961	0.954077	
0.560505	0.537842	0.494961	0.422324	0.35	0.297103	0.261822	0.234625	0.220948	0.219907	0.238322	0.290245	0.372954	0.478578	0.601308	0.732398	0.859551	0.976482	1.05871	1.06638	
0.587884	0.587326	0.556283	0.496238	0.433003	0.375126	0.323049	0.280677	0.262557	0.264151	0.285567	0.339722	0.424833	0.533595	0.669778	0.823428	0.966939	1.08594	1.15968	1.15822	
0.59106	0.612229	0.603906	0.567977	0.520781	0.465887	0.403406	0.348531	0.325209	0.328756	0.355702	0.408769	0.487846	0.597063	0.742345	0.909273	1.06144	1.17436	1.23181	1.21306	
0.550283	0.598248	0.626602	0.626986	0.606949	0.568136	0.512866	0.456426	0.427209	0.431492	0.458911	0.504179	0.572792	0.67487	0.819356	0.983623	1.12625	1.22528	1.26139	1.21617	
0.46321	0.53945	0.609605	0.65175	0.665782	0.660053	0.633226	0.591574	0.567821	0.571853	0.596357	0.634855	0.691534	0.782618	0.911873	1.05004	1.16334	1.23452	1.24224	1.16539	
0.343625	0.441232	0.543869	0.620497	0.673407	0.713075	0.731195	0.727278	0.724721	0.735558	0.759947	0.795637	0.848226	0.923643	1.01977	1.1122	1.17568	1.20319	1.17685	1.07102	
0.2135	0.3215	0.437611	0.539863	0.632313	0.722002	0.795516	0.843309	0.878505	0.903662	0.92795	0.964966	1.01373	1.06568	1.11679	1.15366	1.16384	1.14593	1.08934	0.96815	
