0	-0.201025	-0.392779	-0.557103	-0.684606	-0.777919	-0.843344	-0.874313	-0.871956	-0.84357	-0.79671	-0.736911	-0.679799	-0.631027	-0.579394	-0.52379	-0.470029	-0.404407	-0.313367	-0.218961	
0	-0.238634	-0.451441	-0.625892	-0.753377	-0.848872	-0.907904	-0.936116	-0.921103	-0.869954	-0.787044	-0.697187	-0.620909	-0.558755	-0.496235	-0.43311	-0.3702	-0.293485	-0.192698	-0.0933532	
0	-0.262287	-0.489246	-0.666034	-0.79552	-0.885738	-0.937456	-0.951057	-0.923759	-0.849254	-0.736492	-0.617101	-0.520326	-0.44088	-0.361225	-0.283448	-0.204877	-0.11618	-0.0144718	0.0824107	
0	-0.266216	-0.492915	-0.665258	-0.795375	-0.884061	-0.928773	-0.923412	-0.877109	-0.782604	-0.650766	-0.511065	-0.394029	-0.2901	-0.187186	-0.0900373	0.00126221	0.0942891	0.189832	0.280694	
0	-0.246955	-0.456579	-0.620591	-0.747163	-0.839979	-0.877455	-0.858919	-0.79105	-0.685386	-0.542081	-0.391375	-0.252338	-0.123017	0.00460863	0.120345	0.219871	0.310511	0.393581	0.478178	
0	-0.206365	-0.386977	-0.538349	-0.657976	-0.750586	-0.783852	-0.76154	-0.68496	-0.576059	-0.428489	-0.268723	-0.112923	0.034315	0.179021	0.312201	0.421224	0.504652	0.570787	0.638186	
0	-0.151913	-0.295521	-0.423856	-0.531636	-0.611757	-0.646008	-0.626865	-0.560449	-0.456484	-0.315897	-0.154109	0.00531599	0.155977	0.307099	0.454815	0.572969	0.646761	0.688688	0.730565	
0	-0.0956827	-0.194697	-0.290448	-0.375919	-0.438962	-0.471707	-0.460587	-0.412554	-0.328066	-0.212173	-0.0660272	0.0825695	0.226096	0.373477	0.525255	0.644611	0.707202	0.727743	0.743798	
0	-0.042429	-0.0932937	-0.150297	-0.206854	-0.25008	-0.273871	-0.268793	-0.242048	-0.195591	-0.124233	-0.0146321	0.112625	0.24057	0.37161	0.508639	0.615647	0.671996	0.684094	0.683233	
0	0.0103519	0.00606387	-0.0129219	-0.038868	-0.0555569	-0.0627502	-0.060034	-0.0619907	-0.0648623	-0.0500681	0.0117314	0.105232	0.204845	0.305074	0.409304	0.496527	0.55046	0.567814	0.556439	
0	0.063641	0.10389	0.118321	0.127361	0.139834	0.154032	0.14777	0.113606	0.0592681	0.0230101	0.0310975	0.0763184	0.131283	0.191269	0.257824	0.322099	0.373061	0.39483	0.381262	
0	0.114181	0.198175	0.251442	0.297201	0.337189	0.362976	0.344305	0.279651	0.185958	0.107607	0.0616687	0.0466448	0.0481619	0.0648766	0.0949537	0.132289	0.169289	0.187001	0.173174	
0	0.155581	0.284552	0.382666	0.463945	0.517011	0.541908	0.509736	0.425801	0.303565	0.191749	0.0955345	0.0247378	-0.0253812	-0.0492426	-0.0548601	-0.0453353	-0.028741	-0.0215875	-0.0341918	
0	0.189713	0.360124	0.502243	0.609157	0.666047	0.680611	0.641878	0.544214	0.40609	0.265299	0.135043	0.0189015	-0.0723489	-0.137446	-0.176107	-0.192233	-0.194658	-0.201257	-0.21433	
0	0.220578	0.421555	0.5936	0.71525	0.776527	0.783274	0.740126	0.634662	0.490222	0.33579	0.18404	0.0365539	-0.0903641	-0.192217	-0.260762	-0.299351	-0.318851	-0.339478	-0.355852	
0	0.239464	0.452315	0.631239	0.758272	0.824841	0.829107	0.78069	0.675915	0.539661	0.388441	0.226517	0.0587184	-0.093244	-0.220726	-0.311446	-0.369198	-0.402568	-0.431926	-0.446033	
0	0.235613	0.443221	0.615613	0.74128	0.810204	0.814885	0.768468	0.677938	0.565512	0.427549	0.266059	0.0880959	-0.0768465	-0.22093	-0.329285	-0.403819	-0.450403	-0.480683	-0.487826	
0	0.202706	0.390702	0.551737	0.669022	0.732492	0.740381	0.7078	0.647464	0.566635	0.452118	0.301358	0.128881	-0.0407716	-0.194101	-0.315568	-0.403428	-0.460552	-0.490722	-0.488495	
0	0.148097	0.302719	0.445552	0.547931	0.602524	0.61672	0.605957	0.58239	0.537967	0.456051	0.327817	0.17273	0.00602393	-0.149738	-0.278928	-0.374988	-0.441156	-0.472235	-0.466058	
0	0.086856	0.195916	0.305934	0.392301	0.440545	0.464903	0.47267	0.48292	0.47798	0.433753	0.336476	0.203684	0.0494845	-0.102988	-0.23575	-0.335772	-0.408853	-0.44476	-0.44437	
0	0.0280538	0.0789208	0.145007	0.209311	0.257556	0.286674	0.307035	0.340339	0.372182	0.365133	0.30163	0.196832	0.0649383	-0.0760823	-0.20342	-0.300411	-0.373647	-0.418642	-0.432499	
0	-0.0253056	-0.0319143	-0.0110293	0.0286077	0.0737905	0.104154	0.132537	0.179572	0.235507	0.259929	0.22841	0.155837	0.0507913	-0.0676512	-0.17979	-0.267166	-0.339815	-0.396637	-0.424853	
0	-0.0709533	-0.120687	-0.135738	-0.119931	-0.0869456	-0.0559831	-0.0192076	0.0330073	0.0996825	0.141845	0.140629	0.0951607	0.0247919	-0.063507	-0.151788	-0.231284	-0.305645	-0.369347	-0.407537	
0	-0.10417	-0.182285	-0.220268	-0.229618	-0.212875	-0.184846	-0.139933	-0.0877449	-0.0234732	0.0251474	0.0418536	0.0246369	-0.00816061	-0.0581512	-0.124015	-0.196267	-0.26728	-0.32978	-0.37466	
0	-0.116619	-0.207598	-0.261552	-0.28888	-0.286865	-0.261497	-0.214464	-0.163952	-0.110352	-0.0680198	-0.0456167	-0.0383912	-0.0358497	-0.0550196	-0.104112	-0.168797	-0.232604	-0.294563	-0.347134	
0	-0.108825	-0.203313	-0.271992	-0.311203	-0.31819	-0.297037	-0.254997	-0.210099	-0.169638	-0.141289	-0.118998	-0.0937096	-0.0654854	-0.0620311	-0.095891	-0.149231	-0.210084	-0.272227	-0.328352	
0	-0.0874574	-0.177139	-0.257931	-0.304264	-0.316569	-0.298204	-0.267363	-0.229976	-0.203887	-0.186087	-0.167308	-0.131227	-0.0897843	-0.0676015	-0.0871027	-0.133827	-0.195716	-0.254158	-0.305601	
0	-0.0599036	-0.135099	-0.21646	-0.267642	-0.281804	-0.265777	-0.24439	-0.216076	-0.200373	-0.188175	-0.171731	-0.132034	-0.0832302	-0.04987	-0.059708	-0.107148	-0.16488	-0.215255	-0.264624	
0	-0.0333832	-0.0851479	-0.153815	-0.205527	-0.22116	-0.208488	-0.19066	-0.169982	-0.157238	-0.147675	-0.128247	-0.0845013	-0.0333577	0.00294156	-0.00552332	-0.046761	-0.0975725	-0.144799	-0.201368	
0	-0.0101492	-0.0348056	-0.0809848	-0.125762	-0.143337	-0.135773	-0.119196	-0.0999037	-0.0858772	-0.0753598	-0.0475787	0.00107506	0.0498226	0.0782807	0.0749443	0.0442345	-0.00319506	-0.0593852	-0.123491	
0	0.00843071	0.00605256	-0.015242	-0.0475414	-0.0657713	-0.0684614	-0.054783	-0.0337527	-0.0156425	0.000133787	0.0370685	0.0889047	0.130301	0.152391	0.159722	0.137964	0.0876495	0.0215557	-0.0403532	
0	0.0213495	0.0343415	0.0330391	0.0178224	-0.000657926	-0.0155391	-0.00967224	0.0114975	0.03626	0.0591615	0.102278	0.149728	0.184898	0.208064	0.223835	0.206067	0.15189	0.0853421	0.0259759	
0	0.0258652	0.0452217	0.0581657	0.05599	0.0382043	0.0110818	0.00564668	0.022676	0.0525314	0.0845811	0.126525	0.166035	0.199215	0.22913	0.248405	0.23119	0.18052	0.116737	0.0537159	
0	0.0207768	0.0432779	0.062188	0.0698891	0.0470878	0.0156571	-0.00525317	0.00514408	0.0317889	0.0705713	0.105158	0.135748	0.169689	0.206043	0.226127	0.211258	0.169249	0.109108	0.0464402	
0	0.0094879	0.0312049	0.0536327	0.0622913	0.0354273	0.00267112	-0.027358	-0.0287857	-0.011866	0.0252964	0.0517372	0.0750398	0.108219	0.147126	0.167107	0.154655	0.120578	0.0671196	0.0122543	
0	-0.00300085	0.0122063	0.0369534	0.037476	0.0125956	-0.0233876	-0.0511448	-0.0701469	-0.065161	-0.0414608	-0.0195652	-0.00226124	0.0274388	0.0643962	0.083022	0.0722968	0.0445537	0.00546524	-0.0385823	
0	-0.0130611	-0.00605101	0.0108881	0.00772483	-0.0177873	-0.0491057	-0.0766667	-0.106433	-0.119813	-0.113196	-0.0964733	-0.0830225	-0.0575745	-0.0267923	-0.00953457	-0.0183175	-0.0360597	-0.0532878	-0.0853673	
0	-0.0154618	-0.018808	-0.0138374	-0.0174746	-0.0376429	-0.0610845	-0.0873595	-0.121271	-0.151833	-0.160432	-0.153151	-0.139626	-0.121632	-0.0985391	-0.0880916	-0.0933361	-0.0981191	-0.0953054	-0.11585	
0	-0.0111328	-0.0246985	-0.0323467	-0.0349066	-0.0434689	-0.0585397	-0.0807126	-0.116342	-0.15486	-0.178168	-0.178665	-0.168198	-0.154471	-0.144227	-0.139845	-0.138165	-0.126592	-0.108002	-0.117911	
0	-0.00482095	-0.0254652	-0.0434495	-0.0453582	-0.0417497	-0.0468907	-0.0644514	-0.0978173	-0.138824	-0.169383	-0.178493	-0.171194	-0.164771	-0.166815	-0.166136	-0.152122	-0.124124	-0.0955871	-0.0926887	
0	0.000395076	-0.0215214	-0.0428036	-0.0467718	-0.0326313	-0.0289921	-0.0380256	-0.0690807	-0.106742	-0.139052	-0.154505	-0.153785	-0.160981	-0.171564	-0.173011	-0.142868	-0.104234	-0.0672192	-0.0519673	
0	-0.000114899	-0.017822	-0.0396073	-0.0459312	-0.0311464	-0.0180483	-0.0199577	-0.0458127	-0.0777967	-0.106951	-0.122825	-0.135057	-0.15384	-0.172314	-0.166501	-0.124503	-0.0742732	-0.0291452	-0.00521021	
0	-0.0037789	-0.0150286	-0.0328559	-0.0424931	-0.0321265	-0.0134875	-0.00912878	-0.0270928	-0.0522915	-0.0737567	-0.0897205	-0.11433	-0.144492	-0.165655	-0.149883	-0.0991372	-0.0348371	0.0168145	0.0462025	
0	-0.00638968	-0.0109449	-0.0214022	-0.032578	-0.0260171	-0.00723634	0.00319473	-0.00478392	-0.0187252	-0.0321201	-0.0482048	-0.0812202	-0.118505	-0.138152	-0.115893	-0.0567382	0.0185052	0.0752011	0.102686	
0	-0.00577412	-0.00425192	-0.00797944	-0.0152346	-0.0110872	0.00618414	0.0183901	0.025038	0.0239471	0.0194668	0.000496227	-0.0321294	-0.0704088	-0.0866564	-0.0629055	0.00320864	0.0851608	0.140339	0.163283	
0	-0.00127415	0.00500685	0.00664997	0.0069664	0.012308	0.0260003	0.0378684	0.0573151	0.0707876	0.0704466	0.0500274	0.0226381	-0.00862543	-0.02347	-0.00144211	0.0688973	0.149929	0.198943	0.216409	
0	0.00435349	0.0131819	0.0181441	0.0259262	0.0342309	0.0441478	0.0543825	0.0814048	0.106046	0.106203	0.0878368	0.0674257	0.0484484	0.0317581	0.0514135	0.116461	0.187289	0.224053	0.235699	
0	0.00755033	0.0158202	0.0219845	0.0324357	0.0421739	0.0485116	0.0555916	0.0823762	0.107224	0.108482	0.0923017	0.0817027	0.0711649	0.0568043	0.0710079	0.121458	0.174591	0.196229	0.205811	
0	0.00548489	0.0101584	0.0142263	0.0210785	0.0278545	0.0303876	0.0342992	0.0503397	0.0663381	0.0668711	0.0576913	0.0537393	0.0495333	0.0415558	0.0486747	0.0773679	0.105194	0.116113	0.120759	
0	0	0	0	0	0	0	0	0	0	0	0	0	0	0	0	0	0	0	0	
