0	0	0	0	0	0	0	0	0	0	0	0	0	0	0	0	0	0	0	0	
-0.00249013	0.0109412	0.0043603	-0.00339011	0.000116979	0.00313801	-0.0005636	0.00206905	0.0073414	-0.00107796	-0.00257906	0.00767678	0.00458113	-0.00241242	0.00114199	0.00627891	0.00708673	0.000761073	-0.00413745	0.00492197	
0.000431934	0.00212525	-0.00781909	0.00265873	0.0105922	0.00372309	0.000542399	0.00430583	0.00741283	-0.000523434	0.000737017	0.0127276	0.0067026	-0.00259964	0.00319866	0.01139	0.0126485	0.00197411	-0.00543899	0.0100874	
-0.000871543	0.00122913	0.00119777	0.00897276	0.00862664	0.00136125	0.000581011	0.00653362	0.0122228	0.00427894	0.00137594	0.0117663	0.00937283	0.00207096	0.00670355	0.0139346	0.0146225	0.00433163	-0.00121984	0.0153316	
-0.00393317	0.00424832	0.0100822	0.00549074	1.15689e-05	0.00570027	0.0127861	0.00935895	0.00500419	0.00569843	0.0100081	0.0128077	0.00850301	0.00680437	0.0121933	0.0154129	0.0136036	0.00841276	0.00819444	0.0194529	
-0.00452791	0.00185523	0.00906958	0.00437989	0.00394035	0.0125648	0.0141222	0.00543521	0.00462419	0.015477	0.0152028	0.00696952	0.00982996	0.0163019	0.0164339	0.0135322	0.0125558	0.0159256	0.0199255	0.0206533	
-0.00284668	-0.00140163	0.00668814	0.00619357	0.0123866	0.0166139	0.00849177	0.00432184	0.0125209	0.0228045	0.0128935	0.00303181	0.0167011	0.0250689	0.0171682	0.0113061	0.0142944	0.0255426	0.0301788	0.0187712	
-0.00664249	0.00329487	0.010031	0.0113497	0.0140513	0.0089034	0.0100569	0.0167049	0.015273	0.0169274	0.0135104	0.0110651	0.0227506	0.0255179	0.016784	0.0136884	0.0198989	0.0341215	0.0354773	0.0152927	
-0.00730822	0.00428643	0.010954	0.0154937	0.0108602	0.00695487	0.0167344	0.0214288	0.0160194	0.0160679	0.0163929	0.0185596	0.0258544	0.0241004	0.0179218	0.019512	0.0283128	0.0394207	0.0345343	0.0133181	
-0.0016573	0.00234892	0.00327894	0.0105071	0.0112516	0.0185435	0.0246187	0.0205815	0.0138713	0.0138522	0.0238448	0.0291071	0.0237624	0.0200203	0.0234617	0.0301093	0.0360728	0.0379512	0.0299745	0.017904	
-0.0155095	-0.0011591	0.0094802	0.0171596	0.0214685	0.0231725	0.0165948	0.0170591	0.0174864	0.0201144	0.0348644	0.0311342	0.0157211	0.0218306	0.0357111	0.0404216	0.0379607	0.0313794	0.0287366	0.0313784	
-0.0157986	0.00311621	0.0139864	0.0207059	0.0213026	0.0161102	0.0146698	0.0233169	0.02697	0.029701	0.033738	0.022203	0.0183842	0.0355691	0.0451606	0.0426652	0.035113	0.0275785	0.0362149	0.0499947	
-0.0138507	0.00875242	0.0113405	0.0139622	0.0171512	0.0180528	0.0237634	0.0325657	0.0342138	0.0274414	0.0231814	0.0259264	0.0353132	0.0441007	0.045055	0.0417494	0.0336233	0.0317294	0.0515223	0.0669238	
-0.0233465	-0.00151148	0.00773858	0.0160325	0.0226646	0.0299237	0.0322537	0.0307266	0.0299588	0.0233824	0.0270256	0.042076	0.0453436	0.0423912	0.0438327	0.0415196	0.0368527	0.0461882	0.0691675	0.0755181	
-0.0286634	-0.00141748	0.0119163	0.0223456	0.0300574	0.0318866	0.0289144	0.028814	0.0314125	0.0291267	0.0378136	0.0507193	0.0468357	0.0421363	0.0429675	0.0421	0.0504741	0.0681045	0.0796908	0.0731055	
-0.0319029	0.000996093	0.0182098	0.0253044	0.0309942	0.0323822	0.0280102	0.0276872	0.0361787	0.0416535	0.0473141	0.0523968	0.046591	0.0404929	0.0422784	0.0543357	0.0748846	0.0836793	0.07686	0.0646417	
-0.0302666	0.00383868	0.0196785	0.0254322	0.027322	0.027693	0.0310443	0.0372102	0.0477547	0.0514662	0.0487772	0.0488388	0.0443638	0.0417189	0.0551026	0.0787882	0.0924709	0.0832029	0.0675992	0.0577397	
-0.0319816	-0.00118538	0.0143119	0.0200386	0.0271457	0.0352007	0.0421776	0.0478964	0.0558294	0.0533129	0.0427104	0.0431649	0.048847	0.0591066	0.0797298	0.0949064	0.0916334	0.0754456	0.0619501	0.0561695	
-0.0428825	-0.00905256	0.012322	0.0244887	0.0363684	0.0484453	0.0553204	0.0526646	0.0498759	0.0448022	0.0403396	0.0523236	0.0700426	0.0831672	0.0930912	0.0928992	0.0839873	0.0718676	0.0621678	0.0661623	
-0.0489861	-0.00813937	0.0220015	0.0391648	0.0503147	0.0540776	0.0507333	0.0432866	0.0436273	0.0493921	0.0557364	0.0733519	0.0908128	0.0945242	0.0911958	0.0854741	0.0798802	0.0736372	0.0742101	0.100251	
-0.0394487	0.00530246	0.0329041	0.043122	0.0460969	0.0456358	0.0444673	0.0438168	0.0527902	0.0676003	0.0772958	0.090145	0.0990261	0.0934672	0.08491	0.0804307	0.0808269	0.0882506	0.112055	0.161705	
-0.0361734	0.0036946	0.0285751	0.0368679	0.0395209	0.0434577	0.0507114	0.0579848	0.0713474	0.0871685	0.0921218	0.0959264	0.0975555	0.0878923	0.0790204	0.081007	0.0977585	0.130816	0.178003	0.23613	
-0.0408063	-0.00259512	0.0211768	0.0331178	0.0429345	0.0538243	0.0668914	0.0774417	0.0886005	0.0993715	0.0977216	0.0932576	0.0895641	0.0809999	0.0815683	0.102804	0.145163	0.200415	0.255629	0.308047	
-0.0519366	-0.00953497	0.0225705	0.041432	0.0562271	0.0719717	0.0862246	0.0933501	0.0987238	0.102628	0.0925441	0.0819375	0.0820516	0.0883765	0.111038	0.156399	0.21715	0.279299	0.330423	0.372741	
-0.0518968	-0.00351439	0.0327625	0.0579211	0.0763914	0.0900517	0.100652	0.10191	0.0962037	0.0907392	0.0800378	0.0783022	0.096733	0.126779	0.171161	0.230715	0.2961	0.355485	0.398168	0.423813	
-0.044422	0.0111751	0.0540271	0.0792409	0.0936176	0.101022	0.10019	0.0900233	0.080725	0.0815603	0.0850133	0.102786	0.143382	0.192354	0.247669	0.310443	0.373249	0.4244	0.449364	0.444219	
-0.0214763	0.0341985	0.0709547	0.0892066	0.092812	0.0886173	0.0844912	0.0790629	0.0788426	0.0955649	0.120444	0.157932	0.212966	0.27071	0.329066	0.389164	0.441792	0.472382	0.465144	0.420373	
-0.00759634	0.0398186	0.0683602	0.0774082	0.077403	0.0765516	0.0788972	0.0860503	0.105203	0.141992	0.182604	0.230947	0.293522	0.354638	0.409168	0.455609	0.483427	0.480007	0.434912	0.354861	
-0.0132367	0.0280451	0.0524158	0.064141	0.0701521	0.0799038	0.10011	0.125961	0.1594	0.208443	0.26042	0.316325	0.380154	0.433852	0.47015	0.48803	0.480667	0.441328	0.364189	0.25656	
-0.028744	0.0140903	0.0456302	0.0675654	0.0885088	0.114262	0.147489	0.186394	0.233847	0.294016	0.350849	0.403419	0.454463	0.485421	0.49069	0.473688	0.432676	0.36378	0.26026	0.12686	
-0.0342054	0.0191547	0.0622179	0.0975311	0.131188	0.170943	0.220178	0.271947	0.325953	0.385913	0.434302	0.46889	0.493192	0.491833	0.46383	0.416047	0.347234	0.251923	0.122165	-0.035565	
-0.016681	0.047146	0.103507	0.153923	0.203949	0.256772	0.313328	0.366997	0.415697	0.461101	0.486258	0.491617	0.484298	0.452357	0.396064	0.321124	0.225102	0.103205	-0.0492098	-0.220501	
0.0265512	0.106999	0.179062	0.241582	0.298756	0.354666	0.407503	0.448006	0.476284	0.495733	0.491431	0.467706	0.432624	0.373009	0.2888	0.186149	0.0644818	-0.0771942	-0.238833	-0.406068	
0.109599	0.199313	0.276897	0.341603	0.395332	0.438624	0.472529	0.490354	0.492379	0.48408	0.452786	0.402244	0.338841	0.250363	0.139006	0.0131949	-0.12388	-0.269699	-0.423299	-0.572733	
0.210595	0.301024	0.374563	0.426661	0.461998	0.485573	0.496002	0.487052	0.463921	0.429909	0.36974	0.290224	0.199075	0.0850318	-0.0458065	-0.181254	-0.316643	-0.450913	-0.586014	-0.713121	
0.309608	0.386784	0.441475	0.474261	0.489277	0.488146	0.473841	0.440704	0.389857	0.325492	0.236836	0.132088	0.01896	-0.109435	-0.243268	-0.371668	-0.492804	-0.608527	-0.722569	-0.826259	
0.374946	0.433264	0.470071	0.480628	0.470824	0.446292	0.404722	0.340135	0.261453	0.172107	0.0599639	-0.0609556	-0.180345	-0.306008	-0.429415	-0.542051	-0.644409	-0.73989	-0.830999	-0.906426	
0.404444	0.442473	0.453431	0.437681	0.401762	0.346953	0.276505	0.188206	0.0876634	-0.0205305	-0.141339	-0.260211	-0.372579	-0.486748	-0.593556	-0.687146	-0.769002	-0.840956	-0.90234	-0.94038	
0.385603	0.394978	0.379452	0.335884	0.271614	0.193657	0.10225	-0.00506527	-0.114328	-0.22203	-0.337952	-0.447253	-0.546101	-0.643735	-0.73156	-0.803552	-0.859252	-0.899182	-0.921745	-0.916016	
0.304091	0.288539	0.245795	0.177085	0.0938275	-0.000365145	-0.101593	-0.208201	-0.311994	-0.414286	-0.519486	-0.612106	-0.694279	-0.77355	-0.837248	-0.879206	-0.899566	-0.899921	-0.879955	-0.833066	
0.164208	0.124073	0.0621463	-0.0191439	-0.109757	-0.204018	-0.301379	-0.403404	-0.497975	-0.586649	-0.675896	-0.750674	-0.812117	-0.864114	-0.893923	-0.897845	-0.877785	-0.838315	-0.781879	-0.706317	
-0.0232933	-0.0726375	-0.139869	-0.223003	-0.310803	-0.400776	-0.491444	-0.580482	-0.659171	-0.733433	-0.803168	-0.850617	-0.881086	-0.897694	-0.887778	-0.851412	-0.794566	-0.725249	-0.646996	-0.560115	
-0.222362	-0.273356	-0.341603	-0.421307	-0.501577	-0.580311	-0.657763	-0.731813	-0.791585	-0.841713	-0.880162	-0.892493	-0.886811	-0.864359	-0.815987	-0.747404	-0.667208	-0.584281	-0.501022	-0.418635	
-0.420669	-0.469897	-0.532418	-0.60158	-0.669229	-0.734473	-0.793934	-0.842321	-0.871962	-0.890361	-0.892138	-0.865764	-0.824134	-0.768826	-0.694064	-0.60869	-0.521815	-0.441259	-0.366518	-0.298833	
-0.607929	-0.647032	-0.698956	-0.754762	-0.804099	-0.844036	-0.874594	-0.890875	-0.885584	-0.868058	-0.832727	-0.773908	-0.707652	-0.633504	-0.548143	-0.462166	-0.383312	-0.316301	-0.25716	-0.207878	
-0.765881	-0.792684	-0.828882	-0.859253	-0.878189	-0.888483	-0.886201	-0.864857	-0.825634	-0.779319	-0.716987	-0.639234	-0.563517	-0.485817	-0.404697	-0.330646	-0.268452	-0.219293	-0.176859	-0.145064	
-0.881862	-0.885713	-0.892555	-0.890999	-0.880227	-0.856931	-0.821146	-0.7722	-0.7107	-0.645567	-0.570311	-0.490482	-0.419568	-0.350076	-0.282827	-0.226667	-0.183307	-0.151091	-0.12286	-0.105306	
-0.92358	-0.898407	-0.878122	-0.84825	-0.80684	-0.758249	-0.703141	-0.635351	-0.563224	-0.496651	-0.423752	-0.352908	-0.295421	-0.240677	-0.190702	-0.15274	-0.126216	-0.107144	-0.0891598	-0.0821976	
-0.884982	-0.839273	-0.794885	-0.738708	-0.680539	-0.619678	-0.55311	-0.483493	-0.419268	-0.359132	-0.294949	-0.241594	-0.201416	-0.161311	-0.127519	-0.105282	-0.091352	-0.0806472	-0.0694408	-0.0701448	
-0.782723	-0.71891	-0.656768	-0.592842	-0.531098	-0.46848	-0.408105	-0.347282	-0.292514	-0.244874	-0.197826	-0.162515	-0.135838	-0.108544	-0.0885905	-0.0775935	-0.0715249	-0.0654715	-0.0588103	-0.0649047	
