0	0	0	0	0	0	0	0	0	0	0	0	0	0	0	0	0	0	0	0	
0.169692	0.180288	0.171007	0.144892	0.0776764	-0.00810987	-0.0858649	-0.168438	-0.250988	-0.303801	-0.326779	-0.337853	-0.328544	-0.281408	-0.207565	-0.132779	-0.0627279	0.0148738	0.10164	0.177639	
0.298993	0.339721	0.326298	0.256991	0.133104	-0.0198443	-0.177582	-0.34046	-0.490682	-0.59277	-0.645063	-0.664464	-0.6383	-0.546675	-0.408495	-0.262365	-0.118875	0.0369113	0.20356	0.346178	
0.401841	0.449645	0.422662	0.318174	0.159134	-0.0471051	-0.282119	-0.51198	-0.710229	-0.857966	-0.944122	-0.965316	-0.913583	-0.78376	-0.595517	-0.383039	-0.162211	0.0703334	0.3039	0.496935	
0.467287	0.489389	0.444976	0.326024	0.142314	-0.108174	-0.398243	-0.67251	-0.907058	-1.09537	-1.20911	-1.22392	-1.14462	-0.98576	-0.759767	-0.485966	-0.188065	0.114394	0.397645	0.622292	
0.476488	0.462189	0.404449	0.273566	0.064852	-0.208588	-0.517439	-0.817294	-1.08301	-1.2982	-1.42289	-1.42772	-1.32808	-1.14822	-0.890489	-0.561425	-0.195242	0.163035	0.477273	0.716573	
0.448052	0.385687	0.297559	0.149367	-0.0685522	-0.335908	-0.638441	-0.951424	-1.23486	-1.45343	-1.57314	-1.57257	-1.4635	-1.26545	-0.977022	-0.603029	-0.187446	0.206507	0.534766	0.776841	
0.379493	0.261819	0.128441	-0.0323932	-0.236878	-0.482256	-0.768298	-1.07533	-1.34977	-1.55007	-1.65886	-1.66028	-1.54789	-1.33002	-1.01317	-0.611467	-0.172886	0.234418	0.564006	0.803251	
0.256737	0.0922601	-0.0753479	-0.240899	-0.428069	-0.649542	-0.904677	-1.17544	-1.41525	-1.58895	-1.68759	-1.69147	-1.57419	-1.33678	-1.00147	-0.595287	-0.161791	0.238969	0.562505	0.798749	
0.0888804	-0.0988991	-0.288285	-0.461505	-0.636672	-0.826922	-1.02849	-1.23746	-1.4315	-1.57979	-1.66532	-1.66222	-1.53651	-1.28858	-0.953954	-0.567983	-0.162993	0.217057	0.53182	0.768234	
-0.11014	-0.301328	-0.503915	-0.684998	-0.841757	-0.985741	-1.12077	-1.26177	-1.40874	-1.52875	-1.59046	-1.56914	-1.43806	-1.19862	-0.888501	-0.543036	-0.181252	0.170555	0.476745	0.71749	
-0.330903	-0.516731	-0.715282	-0.887165	-1.01139	-1.10297	-1.17756	-1.25737	-1.35292	-1.43262	-1.4596	-1.41811	-1.29457	-1.08707	-0.822631	-0.529637	-0.216473	0.105015	0.403832	0.652255	
-0.565709	-0.729253	-0.896862	-1.03962	-1.12836	-1.17616	-1.20245	-1.22484	-1.25893	-1.28674	-1.27856	-1.228	-1.13022	-0.974227	-0.768372	-0.530967	-0.264759	0.0276476	0.319905	0.577615	
-0.783894	-0.909734	-1.0294	-1.13433	-1.19411	-1.20844	-1.19068	-1.15323	-1.12036	-1.09724	-1.06703	-1.02581	-0.969101	-0.874437	-0.730356	-0.545105	-0.320404	-0.054523	0.231009	0.497755	
-0.955787	-1.0387	-1.11226	-1.18034	-1.21195	-1.19194	-1.12818	-1.03378	-0.943528	-0.885166	-0.852734	-0.837075	-0.828009	-0.793842	-0.707126	-0.567347	-0.377768	-0.135825	0.141901	0.415968	
-1.07468	-1.12027	-1.15023	-1.17748	-1.17379	-1.11472	-1.00853	-0.87362	-0.750082	-0.678982	-0.660843	-0.678229	-0.713943	-0.731806	-0.694027	-0.592522	-0.432446	-0.212348	0.055986	0.334775	
-1.14108	-1.15386	-1.1385	-1.1151	-1.0696	-0.976879	-0.845466	-0.696599	-0.567609	-0.502628	-0.506166	-0.554662	-0.625982	-0.684093	-0.685919	-0.61648	-0.481644	-0.281816	-0.0245113	0.256083	
-1.1513	-1.12533	-1.06298	-0.989183	-0.907862	-0.799043	-0.667677	-0.531186	-0.417654	-0.368181	-0.391744	-0.463413	-0.559068	-0.645802	-0.678827	-0.636629	-0.524009	-0.343214	-0.0982827	0.18131	
-1.09179	-1.02555	-0.923438	-0.814437	-0.716924	-0.614668	-0.50498	-0.397498	-0.309073	-0.275704	-0.312413	-0.397556	-0.507331	-0.613073	-0.670442	-0.651814	-0.559244	-0.396378	-0.164689	0.111481	
-0.959933	-0.865603	-0.744234	-0.623538	-0.531144	-0.452914	-0.376324	-0.302561	-0.239224	-0.21762	-0.259614	-0.349796	-0.465962	-0.583567	-0.659909	-0.661928	-0.5877	-0.441656	-0.223556	0.0472917	
-0.778134	-0.675822	-0.559998	-0.450461	-0.377316	-0.329197	-0.286137	-0.24246	-0.199252	-0.183984	-0.225	-0.314288	-0.431734	-0.556233	-0.647347	-0.667488	-0.610077	-0.479672	-0.275022	-0.0108271	
-0.585321	-0.4952	-0.401244	-0.314989	-0.265689	-0.245056	-0.229098	-0.208067	-0.179021	-0.165907	-0.20214	-0.287051	-0.402762	-0.530837	-0.633383	-0.669319	-0.627216	-0.511171	-0.319426	-0.0626663	
-0.413498	-0.348031	-0.283632	-0.222657	-0.193375	-0.192774	-0.195751	-0.190068	-0.170273	-0.156894	-0.186699	-0.265631	-0.378048	-0.507537	-0.618821	-0.668339	-0.639985	-0.536928	-0.357221	-0.108187	
-0.283946	-0.244008	-0.206109	-0.166394	-0.151093	-0.162623	-0.177153	-0.18119	-0.167409	-0.152825	-0.17601	-0.248571	-0.357064	-0.48661	-0.604455	-0.665441	-0.649214	-0.557695	-0.388917	-0.147477	
-0.196535	-0.178387	-0.160916	-0.135749	-0.128179	-0.145888	-0.166888	-0.176889	-0.167157	-0.151297	-0.168483	-0.234997	-0.339508	-0.468313	-0.590971	-0.661432	-0.655661	-0.574167	-0.415033	-0.180703	
-0.144753	-0.141012	-0.136667	-0.120662	-0.116654	-0.136673	-0.160953	-0.174658	-0.167846	-0.151005	-0.163161	-0.224338	-0.325159	-0.452831	-0.578925	-0.657006	-0.659989	-0.58696	-0.436061	-0.208082	
-0.116297	-0.121247	-0.124844	-0.113992	-0.111096	-0.131474	-0.157281	-0.173318	-0.168705	-0.151254	-0.159441	-0.216187	-0.313834	-0.440278	-0.568743	-0.652733	-0.662763	-0.596608	-0.452447	-0.229839	
-0.10237	-0.111862	-0.119497	-0.111297	-0.108436	-0.128432	-0.154904	-0.172415	-0.169435	-0.151672	-0.156922	-0.210243	-0.305376	-0.430709	-0.560734	-0.649065	-0.66444	-0.603543	-0.464565	-0.246189	
-0.0957786	-0.107102	-0.11708	-0.110461	-0.10729	-0.126665	-0.15336	-0.171789	-0.169954	-0.152064	-0.155336	-0.206281	-0.299651	-0.424143	-0.555111	-0.646334	-0.665369	-0.608102	-0.472713	-0.257312	
-0.0930239	-0.105568	-0.116304	-0.110071	-0.106687	-0.125805	-0.152577	-0.171433	-0.170236	-0.152318	-0.154511	-0.20415	-0.296565	-0.420582	-0.552009	-0.644765	-0.665792	-0.610517	-0.477098	-0.263342	
-0.0921859	-0.104561	-0.115802	-0.110056	-0.106666	-0.125647	-0.15239	-0.171343	-0.17031	-0.152389	-0.154352	-0.203766	-0.296066	-0.420021	-0.551495	-0.644478	-0.66584	-0.610915	-0.477835	-0.264353	
-0.091728	-0.105032	-0.116084	-0.109788	-0.106702	-0.126187	-0.152908	-0.171531	-0.170149	-0.152257	-0.154847	-0.205121	-0.298145	-0.422456	-0.553578	-0.645493	-0.665536	-0.609319	-0.474944	-0.260358	
-0.0926505	-0.105361	-0.115914	-0.109611	-0.107286	-0.127379	-0.15396	-0.171954	-0.169768	-0.151952	-0.156048	-0.208274	-0.302842	-0.427889	-0.558209	-0.647731	-0.664796	-0.605644	-0.468348	-0.251305	
-0.0926858	-0.106545	-0.116544	-0.109218	-0.107912	-0.129244	-0.155674	-0.172582	-0.169104	-0.151522	-0.158092	-0.213355	-0.310237	-0.436315	-0.565279	-0.651011	-0.663425	-0.599703	-0.457874	-0.237083	
-0.0946282	-0.107963	-0.116356	-0.10873	-0.109269	-0.131865	-0.157838	-0.173285	-0.168145	-0.15109	-0.161189	-0.220556	-0.320444	-0.447718	-0.574603	-0.655046	-0.66112	-0.5912	-0.443259	-0.217527	
-0.0953595	-0.10945	-0.116863	-0.108368	-0.110908	-0.135135	-0.160518	-0.173998	-0.166829	-0.150815	-0.165639	-0.230133	-0.333601	-0.462051	-0.585913	-0.659435	-0.657469	-0.579741	-0.424157	-0.192434	
-0.0979442	-0.111778	-0.116494	-0.107784	-0.113486	-0.139271	-0.163487	-0.174497	-0.165156	-0.150977	-0.171828	-0.242384	-0.349846	-0.479211	-0.59883	-0.66366	-0.651951	-0.564831	-0.400148	-0.161579	
-0.100035	-0.113348	-0.116288	-0.107844	-0.116842	-0.143973	-0.166641	-0.174685	-0.163168	-0.151935	-0.180224	-0.257641	-0.369298	-0.499011	-0.612845	-0.667074	-0.643937	-0.545883	-0.370755	-0.124738	
-0.103029	-0.115775	-0.115617	-0.10798	-0.121262	-0.149436	-0.169777	-0.174309	-0.160986	-0.154215	-0.191378	-0.276236	-0.39202	-0.521139	-0.627297	-0.668902	-0.632699	-0.522225	-0.335465	-0.0817209	
-0.106438	-0.117208	-0.114504	-0.10925	-0.127005	-0.155261	-0.172546	-0.173266	-0.158924	-0.158479	-0.20588	-0.298472	-0.417985	-0.54512	-0.641347	-0.668243	-0.617412	-0.493119	-0.293758	-0.0324037	
-0.109982	-0.118489	-0.113564	-0.111619	-0.133818	-0.161271	-0.174755	-0.171484	-0.157444	-0.165545	-0.224342	-0.324584	-0.44702	-0.570266	-0.653964	-0.664079	-0.597174	-0.457776	-0.245145	0.0232313	
-0.113373	-0.119135	-0.11257	-0.115503	-0.141935	-0.167153	-0.175979	-0.169011	-0.15732	-0.176379	-0.24732	-0.354674	-0.47875	-0.59563	-0.663927	-0.655289	-0.571016	-0.415388	-0.18922	0.0850527	
-0.116975	-0.118792	-0.112263	-0.121705	-0.150923	-0.172179	-0.175978	-0.166279	-0.15961	-0.191987	-0.275249	-0.388669	-0.512532	-0.619969	-0.669831	-0.640685	-0.537925	-0.365171	-0.125716	0.152739	
-0.118893	-0.11798	-0.113825	-0.129892	-0.159999	-0.176039	-0.174766	-0.163945	-0.16562	-0.213369	-0.30837	-0.426235	-0.547374	-0.641721	-0.67013	-0.61904	-0.496876	-0.306417	-0.0545703	0.225743	
-0.120715	-0.117362	-0.116906	-0.140217	-0.168938	-0.178126	-0.172334	-0.1632	-0.176979	-0.241354	-0.346608	-0.466703	-0.581872	-0.659015	-0.663193	-0.589127	-0.446866	-0.238571	0.0239987	0.303269	
-0.120749	-0.116487	-0.123777	-0.152627	-0.175945	-0.177874	-0.169632	-0.165847	-0.19527	-0.27639	-0.389527	-0.508993	-0.61415	-0.669719	-0.647385	-0.549763	-0.386966	-0.161321	0.109427	0.384263	
-0.120225	-0.119096	-0.133954	-0.164505	-0.180309	-0.176071	-0.167964	-0.173821	-0.221942	-0.318498	-0.436226	-0.551489	-0.64184	-0.671549	-0.621161	-0.499843	-0.316397	-0.0747091	0.200753	0.467434	
-0.120732	-0.123188	-0.146616	-0.17583	-0.181768	-0.17298	-0.169137	-0.189652	-0.258074	-0.36697	-0.485233	-0.591986	-0.662142	-0.662222	-0.583149	-0.438381	-0.234631	0.0207532	0.296588	0.55129	
-0.120492	-0.132726	-0.162806	-0.183452	-0.179114	-0.170666	-0.176355	-0.215613	-0.3037	-0.420337	-0.534507	-0.627632	-0.671958	-0.639646	-0.532217	-0.364557	-0.141531	0.123977	0.395144	0.634198	
-0.12689	-0.147902	-0.176521	-0.184933	-0.175203	-0.172558	-0.19227	-0.253079	-0.357956	-0.476436	-0.581298	-0.654932	-0.668139	-0.602119	-0.467499	-0.277802	-0.0375266	0.233224	0.494302	0.714441	
