0	0	0	0	0	0	0	0	0	0	0	0	0	0	0	0	0	0	0	0	0	
-0.333686	-0.339677	-0.350224	-0.359786	-0.368011	-0.376214	-0.385723	-0.394393	-0.402936	-0.406267	-0.395822	-0.372599	-0.336355	-0.29146	-0.245403	-0.201816	-0.162461	-0.124806	-0.08595	-0.044345	0	
-0.65203	-0.655878	-0.6662	-0.678502	-0.689968	-0.703955	-0.72173	-0.730285	-0.73531	-0.732154	-0.705662	-0.664617	-0.609072	-0.539416	-0.465631	-0.39113	-0.315495	-0.23952	-0.162524	-0.081761	0	
-0.928773	-0.920405	-0.920531	-0.924031	-0.933557	-0.948673	-0.963804	-0.965546	-0.957861	-0.937767	-0.895571	-0.843332	-0.77903	-0.701965	-0.616689	-0.522045	-0.421246	-0.316035	-0.209726	-0.10465	0	
-1.13911	-1.11551	-1.09704	-1.08434	-1.07805	-1.08158	-1.09043	-1.07769	-1.05557	-1.02393	-0.966256	-0.903895	-0.834212	-0.749715	-0.657742	-0.556584	-0.446123	-0.332544	-0.220181	-0.108486	0	
-1.26885	-1.23288	-1.20041	-1.16686	-1.13701	-1.11352	-1.09198	-1.0564	-1.01793	-0.97575	-0.914996	-0.85017	-0.776543	-0.690462	-0.599227	-0.502808	-0.403828	-0.303596	-0.202978	-0.101664	0	
-1.31863	-1.27593	-1.23115	-1.17668	-1.11343	-1.05113	-0.99465	-0.924955	-0.864813	-0.814549	-0.750029	-0.690339	-0.627509	-0.553959	-0.48127	-0.407068	-0.3307	-0.253389	-0.172819	-0.0872882	0	
-1.28976	-1.24236	-1.18789	-1.11366	-1.02246	-0.926162	-0.832265	-0.733019	-0.649969	-0.585649	-0.521734	-0.471606	-0.428707	-0.383624	-0.340507	-0.29511	-0.243792	-0.188211	-0.128672	-0.0643775	0	
-1.19438	-1.14283	-1.07783	-0.986503	-0.874533	-0.758817	-0.649497	-0.534914	-0.439788	-0.367375	-0.299784	-0.256989	-0.22995	-0.207328	-0.19119	-0.169847	-0.141691	-0.108961	-0.0721989	-0.0356055	0	
-1.04921	-0.994073	-0.921666	-0.823756	-0.70723	-0.58957	-0.4787	-0.365007	-0.269477	-0.196866	-0.133134	-0.0925527	-0.0704967	-0.0545561	-0.0465464	-0.0413102	-0.0327927	-0.0253909	-0.0180838	-0.00751284	0	
-0.877622	-0.821037	-0.749759	-0.656739	-0.550192	-0.445278	-0.346396	-0.245351	-0.16048	-0.0944977	-0.0349084	0.00669112	0.0366359	0.0589254	0.067503	0.0671323	0.0566339	0.0396214	0.0242221	0.0106005	0	
-0.695347	-0.643777	-0.583071	-0.510439	-0.429074	-0.350173	-0.274698	-0.193118	-0.121108	-0.0612144	-0.00210544	0.046645	0.0845348	0.11482	0.128543	0.125132	0.110632	0.0843759	0.0543115	0.028279	0	
-0.516537	-0.487607	-0.454526	-0.413218	-0.364883	-0.318147	-0.269694	-0.212868	-0.154126	-0.0936997	-0.0290208	0.0306649	0.0795939	0.113362	0.129339	0.131356	0.120583	0.0998057	0.0725342	0.0382208	0	
-0.348565	-0.363463	-0.373436	-0.37349	-0.362668	-0.347796	-0.324816	-0.285994	-0.23576	-0.175874	-0.108011	-0.0441187	0.0082005	0.0482429	0.0747243	0.0905327	0.0982325	0.0925429	0.0727781	0.0419143	0	
-0.188098	-0.261392	-0.323752	-0.370315	-0.39682	-0.410593	-0.40702	-0.384491	-0.345198	-0.292916	-0.235352	-0.175664	-0.119547	-0.0695069	-0.0239162	0.0126206	0.0366696	0.0463523	0.0406334	0.0239482	0	
-0.0251834	-0.14987	-0.260829	-0.351841	-0.41813	-0.461798	-0.479344	-0.475757	-0.455439	-0.424475	-0.388038	-0.343136	-0.289571	-0.229645	-0.167067	-0.110964	-0.0677415	-0.0380478	-0.0203468	-0.0085742	0	
0.153053	-0.00819048	-0.156301	-0.287308	-0.389483	-0.464919	-0.512125	-0.539244	-0.551078	-0.549014	-0.535935	-0.504612	-0.456835	-0.399547	-0.334907	-0.273589	-0.216809	-0.160971	-0.108829	-0.054523	0	
0.33849	0.163805	-0.00432811	-0.160615	-0.29455	-0.403309	-0.486908	-0.555479	-0.605244	-0.635178	-0.645965	-0.63267	-0.601399	-0.558736	-0.503573	-0.44089	-0.369257	-0.284178	-0.193794	-0.0984718	0	
0.511268	0.346277	0.182162	0.0182773	-0.134662	-0.275849	-0.402205	-0.512981	-0.601863	-0.661695	-0.695705	-0.707121	-0.698973	-0.67595	-0.631347	-0.567606	-0.484151	-0.377165	-0.259854	-0.132893	0	
0.650615	0.51028	0.368347	0.216569	0.0565027	-0.105923	-0.26242	-0.405583	-0.521553	-0.608765	-0.670137	-0.709141	-0.728979	-0.72462	-0.688656	-0.62749	-0.539375	-0.423092	-0.293994	-0.151159	0	
0.752883	0.643173	0.527235	0.391812	0.23935	0.0769015	-0.0848148	-0.234372	-0.367408	-0.478773	-0.566681	-0.634893	-0.675174	-0.685464	-0.661361	-0.607887	-0.527979	-0.416123	-0.288762	-0.149638	0	
0.818977	0.739504	0.650513	0.539567	0.407028	0.26527	0.121188	-0.0208945	-0.160364	-0.292545	-0.402659	-0.488342	-0.544133	-0.563787	-0.550065	-0.513394	-0.448977	-0.355199	-0.248787	-0.128228	0	
0.839158	0.80006	0.745987	0.667333	0.570166	0.462577	0.344685	0.219285	0.0805578	-0.0598797	-0.180583	-0.281084	-0.350672	-0.384346	-0.38564	-0.364022	-0.322275	-0.256827	-0.181541	-0.0963139	0	
0.819757	0.815434	0.801458	0.771589	0.720403	0.650345	0.560705	0.455636	0.333961	0.208632	0.0975675	-0.00549534	-0.0923743	-0.150678	-0.18162	-0.192512	-0.182202	-0.151685	-0.112512	-0.0610602	0	
0.776584	0.791599	0.806701	0.817531	0.815444	0.791135	0.741388	0.675778	0.59051	0.495275	0.405193	0.309371	0.212361	0.129684	0.0624572	0.00874847	-0.0218812	-0.0296339	-0.0275553	-0.0162186	0	
0.718038	0.742658	0.777133	0.818532	0.851122	0.865569	0.864373	0.850457	0.814409	0.762258	0.7027	0.626796	0.53917	0.448644	0.355867	0.266235	0.191522	0.135735	0.0885564	0.0435235	0	
0.640044	0.675666	0.724537	0.783011	0.840259	0.888163	0.933523	0.974692	0.993601	0.989731	0.969747	0.926997	0.859693	0.779103	0.683788	0.572369	0.459633	0.345075	0.226927	0.113493	0	
0.550071	0.599436	0.661566	0.73375	0.8101	0.886033	0.970196	1.05501	1.12403	1.17376	1.19989	1.19389	1.15361	1.08775	0.997448	0.879384	0.734324	0.563969	0.377447	0.187401	0	
0.470592	0.526511	0.596344	0.683204	0.785193	0.88918	1.0025	1.11486	1.21555	1.30314	1.36543	1.39573	1.38591	1.33903	1.25516	1.1263	0.957102	0.749931	0.513009	0.261504	0	
0.4196	0.480356	0.555848	0.654974	0.774436	0.899267	1.03176	1.15858	1.27423	1.37489	1.45137	1.50307	1.51838	1.49	1.4101	1.27396	1.09148	0.868006	0.607113	0.315158	0	
0.406213	0.469174	0.551717	0.65396	0.776911	0.90335	1.03697	1.16575	1.28366	1.38696	1.46403	1.52046	1.54333	1.51547	1.43549	1.30016	1.11522	0.888956	0.621631	0.321053	0	
0.444922	0.49903	0.574355	0.670231	0.779656	0.894355	1.01812	1.13427	1.24282	1.33798	1.4068	1.45017	1.45466	1.41173	1.32738	1.19951	1.02626	0.809285	0.554799	0.28171	0	
0.517665	0.562474	0.629012	0.704981	0.794947	0.891394	0.987652	1.07721	1.16028	1.22997	1.27352	1.28574	1.25983	1.19563	1.10651	0.987592	0.831906	0.647256	0.437922	0.219206	0	
0.604664	0.643135	0.698221	0.75845	0.822977	0.890925	0.954752	1.00388	1.04478	1.07147	1.06926	1.03931	0.985669	0.907422	0.813132	0.698651	0.565329	0.430017	0.28978	0.145526	0	
0.683267	0.722079	0.768401	0.80842	0.844252	0.877298	0.896056	0.902518	0.895144	0.864312	0.812331	0.742909	0.665047	0.579988	0.487431	0.3871	0.29127	0.213314	0.14075	0.0700155	0	
0.749764	0.778156	0.81157	0.829066	0.829594	0.820356	0.793325	0.75095	0.68989	0.609079	0.519414	0.427113	0.339316	0.253735	0.175449	0.108316	0.0586088	0.0323393	0.0133623	0.00131978	0	
0.801295	0.806451	0.810358	0.796224	0.759427	0.706915	0.635619	0.547321	0.439535	0.32283	0.215797	0.116589	0.0266462	-0.0453681	-0.0927954	-0.118378	-0.121422	-0.104898	-0.0814924	-0.0465458	0	
0.834166	0.802351	0.76591	0.711975	0.63593	0.544028	0.433195	0.308499	0.171261	0.0393455	-0.069861	-0.168335	-0.251362	-0.300019	-0.313641	-0.302934	-0.270146	-0.218046	-0.15499	-0.0810482	0	
0.835124	0.763666	0.685236	0.591026	0.481124	0.353561	0.213158	0.0672569	-0.080494	-0.211893	-0.319183	-0.409353	-0.476297	-0.502438	-0.492127	-0.460392	-0.401052	-0.316757	-0.22062	-0.113359	0	
0.797892	0.692995	0.572936	0.446525	0.306737	0.14972	-0.00389688	-0.150978	-0.291048	-0.413236	-0.513262	-0.58999	-0.635621	-0.641914	-0.621864	-0.579873	-0.502722	-0.396941	-0.276073	-0.142251	0	
0.71319	0.579002	0.434248	0.284472	0.127648	-0.0430491	-0.2014	-0.335394	-0.456204	-0.561596	-0.641842	-0.695266	-0.721432	-0.714253	-0.682765	-0.630659	-0.545178	-0.431939	-0.300528	-0.152479	0	
0.588647	0.430876	0.265385	0.104561	-0.0542281	-0.217193	-0.354265	-0.469902	-0.570128	-0.646473	-0.69652	-0.718555	-0.721855	-0.705956	-0.662711	-0.596654	-0.512143	-0.408059	-0.28389	-0.143458	0	
0.43074	0.261528	0.0873682	-0.0741622	-0.220236	-0.353787	-0.458722	-0.540882	-0.608832	-0.654815	-0.668945	-0.662368	-0.645629	-0.615965	-0.566563	-0.495814	-0.412435	-0.322535	-0.224385	-0.113971	0	
0.259825	0.0913121	-0.0712269	-0.219257	-0.339495	-0.433133	-0.501327	-0.546674	-0.574275	-0.58301	-0.572177	-0.54791	-0.509535	-0.463053	-0.407622	-0.344423	-0.276261	-0.203337	-0.13702	-0.0707904	0	
0.0948091	-0.053308	-0.188253	-0.300308	-0.380423	-0.435156	-0.474086	-0.490189	-0.4822	-0.459567	-0.428421	-0.393923	-0.345877	-0.286713	-0.225228	-0.172012	-0.126832	-0.0802332	-0.0442835	-0.0196016	0	
-0.0464304	-0.1553	-0.246191	-0.315122	-0.355532	-0.375767	-0.392926	-0.386265	-0.357993	-0.320455	-0.270804	-0.220722	-0.165903	-0.111076	-0.0583203	-0.0160729	0.00369971	0.016487	0.0226818	0.0161116	0	
-0.166879	-0.224048	-0.259952	-0.287825	-0.300377	-0.296076	-0.290268	-0.261488	-0.219271	-0.178371	-0.124104	-0.0613261	-0.00417183	0.0377623	0.0703329	0.091568	0.0965403	0.0858985	0.0611371	0.0333507	0	
-0.282895	-0.295897	-0.286044	-0.268952	-0.248639	-0.222171	-0.189776	-0.143019	-0.094825	-0.0501118	0.00127568	0.0550689	0.105276	0.139462	0.153346	0.153672	0.144124	0.122783	0.0834648	0.0374437	0	
-0.400507	-0.382604	-0.342524	-0.293328	-0.2421	-0.187299	-0.128499	-0.0648538	-0.0101971	0.0404191	0.0961375	0.13402	0.156126	0.180115	0.18782	0.171764	0.153005	0.129049	0.0883431	0.0422574	0	
-0.513498	-0.477477	-0.427331	-0.367442	-0.294528	-0.214027	-0.128464	-0.047767	0.016361	0.0747848	0.132329	0.163787	0.167051	0.171474	0.172007	0.152479	0.12678	0.101901	0.0719488	0.0374074	0	
