-0.0408911	0.0277363	0.087838	0.146458	0.188413	0.206499	0.18707	0.124225	0.030854	-0.080871	-0.192321	-0.29234	-0.373938	-0.4326	-0.452836	-0.422576	-0.347935	-0.226662	-0.0679394	0.116513	
-0.104569	-0.00857205	0.0887531	0.179051	0.243602	0.27903	0.268326	0.209071	0.117836	0.00793679	-0.101353	-0.198865	-0.281248	-0.341238	-0.359119	-0.332474	-0.266401	-0.153987	-0.00117484	0.168781	
-0.177856	-0.0435409	0.0926831	0.213102	0.307201	0.357229	0.341966	0.280759	0.18612	0.0734214	-0.0328297	-0.126336	-0.199322	-0.246943	-0.263495	-0.237675	-0.173388	-0.0765208	0.0609187	0.211611	
-0.243631	-0.0769965	0.0893115	0.232696	0.343062	0.396777	0.383121	0.319913	0.223079	0.115251	0.0177582	-0.0708115	-0.133459	-0.168383	-0.184425	-0.164689	-0.103934	-0.0149717	0.104529	0.22994	
-0.291073	-0.11147	0.0636792	0.221098	0.32924	0.374747	0.360244	0.299881	0.215502	0.126875	0.0419063	-0.037708	-0.0944282	-0.13173	-0.148678	-0.135358	-0.0756614	0.0130009	0.108855	0.205156	
-0.328176	-0.151227	0.0170152	0.15883	0.251147	0.287767	0.275369	0.21973	0.151745	0.0848762	0.00629138	-0.0597656	-0.10776	-0.146143	-0.163822	-0.154056	-0.101414	-0.0218364	0.0591869	0.140333	
-0.355193	-0.205766	-0.0636054	0.0504694	0.115212	0.139429	0.125679	0.0714778	0.0102608	-0.0464224	-0.11032	-0.163417	-0.199393	-0.224717	-0.234753	-0.220638	-0.17365	-0.102155	-0.0271033	0.0492784	
-0.384197	-0.276848	-0.178589	-0.106707	-0.072734	-0.0655063	-0.094906	-0.146799	-0.203983	-0.255773	-0.302187	-0.33768	-0.356052	-0.364434	-0.361629	-0.336641	-0.283982	-0.213154	-0.12825	-0.0369672	
-0.408997	-0.35869	-0.321654	-0.300812	-0.302794	-0.324921	-0.370382	-0.424289	-0.477915	-0.518264	-0.538632	-0.555039	-0.562333	-0.552984	-0.534796	-0.494243	-0.423497	-0.33157	-0.217679	-0.095559	
-0.425147	-0.447975	-0.477437	-0.515228	-0.561086	-0.613117	-0.668216	-0.721366	-0.771593	-0.801225	-0.79808	-0.795197	-0.789916	-0.761778	-0.725296	-0.667232	-0.574088	-0.443553	-0.285316	-0.124435	
-0.447975	-0.547322	-0.636361	-0.721628	-0.804966	-0.883573	-0.953759	-1.00738	-1.04705	-1.05871	-1.03965	-1.02327	-1.01069	-0.973162	-0.916208	-0.831614	-0.704233	-0.534936	-0.341752	-0.15178	
-0.477437	-0.636361	-0.777115	-0.906965	-1.02352	-1.11453	-1.19199	-1.24513	-1.26913	-1.26423	-1.24781	-1.22334	-1.20027	-1.16056	-1.08185	-0.967625	-0.814642	-0.619754	-0.3963	-0.185853	
-0.515228	-0.721628	-0.906965	-1.06511	-1.19914	-1.3043	-1.37217	-1.41022	-1.42511	-1.41751	-1.40003	-1.37698	-1.34757	-1.29372	-1.20174	-1.07487	-0.901942	-0.689325	-0.459415	-0.240632	
-0.561086	-0.804966	-1.02352	-1.19914	-1.33273	-1.43633	-1.49583	-1.51671	-1.51909	-1.50952	-1.48765	-1.46879	-1.43819	-1.37557	-1.28148	-1.14707	-0.9632	-0.750675	-0.531572	-0.311475	
-0.613117	-0.883573	-1.11453	-1.3043	-1.43633	-1.52085	-1.56472	-1.57325	-1.56216	-1.54912	-1.53388	-1.50816	-1.46843	-1.40689	-1.31895	-1.18283	-1.00658	-0.805947	-0.592365	-0.381961	
-0.668216	-0.953759	-1.19199	-1.37217	-1.49583	-1.56472	-1.59043	-1.58788	-1.56893	-1.54629	-1.52469	-1.49208	-1.45235	-1.39606	-1.31433	-1.18874	-1.02529	-0.8385	-0.641692	-0.456153	
-0.721366	-1.00738	-1.24513	-1.41022	-1.51671	-1.57325	-1.58788	-1.57212	-1.54595	-1.51338	-1.47785	-1.44257	-1.40531	-1.35347	-1.27702	-1.16577	-1.01721	-0.848449	-0.677562	-0.512586	
-0.771593	-1.04705	-1.26913	-1.42511	-1.51909	-1.56216	-1.56893	-1.54595	-1.50776	-1.46327	-1.4186	-1.37964	-1.34195	-1.29564	-1.21964	-1.11576	-0.987804	-0.83768	-0.685252	-0.539296	
-0.801225	-1.05871	-1.26423	-1.41751	-1.50952	-1.54912	-1.54629	-1.51338	-1.46327	-1.40841	-1.35681	-1.315	-1.28178	-1.23639	-1.16199	-1.06491	-0.951076	-0.810358	-0.661351	-0.534407	
-0.79808	-1.03965	-1.24781	-1.40003	-1.48765	-1.53388	-1.52469	-1.47785	-1.4186	-1.35681	-1.29745	-1.25672	-1.23	-1.18204	-1.11214	-1.02119	-0.901948	-0.760833	-0.618499	-0.500936	
-0.795197	-1.02327	-1.22334	-1.37698	-1.46879	-1.50816	-1.49208	-1.44257	-1.37964	-1.315	-1.25672	-1.21242	-1.17994	-1.13145	-1.0534	-0.952376	-0.828931	-0.684293	-0.542054	-0.435284	
-0.789916	-1.01069	-1.20027	-1.34757	-1.43819	-1.46843	-1.45235	-1.40531	-1.34195	-1.28178	-1.23	-1.17994	-1.12828	-1.07182	-0.978921	-0.856665	-0.721136	-0.572518	-0.438772	-0.338042	
-0.761778	-0.973162	-1.16056	-1.29372	-1.37557	-1.40689	-1.39606	-1.35347	-1.29564	-1.23639	-1.18204	-1.13145	-1.07182	-0.997805	-0.886908	-0.74611	-0.59055	-0.439118	-0.310352	-0.201951	
-0.725296	-0.916208	-1.08185	-1.20174	-1.28148	-1.31895	-1.31433	-1.27702	-1.21964	-1.16199	-1.11214	-1.0534	-0.978921	-0.886908	-0.764562	-0.608538	-0.440184	-0.281095	-0.140629	-0.0258039	
-0.667232	-0.831614	-0.967625	-1.07487	-1.14707	-1.18283	-1.18874	-1.16577	-1.11576	-1.06491	-1.02119	-0.952376	-0.856665	-0.74611	-0.608538	-0.439197	-0.265041	-0.100968	0.049411	0.170991	
-0.574088	-0.704233	-0.814642	-0.901942	-0.9632	-1.00658	-1.02529	-1.01721	-0.987804	-0.951076	-0.901948	-0.828931	-0.721136	-0.59055	-0.440184	-0.265041	-0.0794254	0.0930033	0.241787	0.362256	
-0.443553	-0.534936	-0.619754	-0.689325	-0.750675	-0.805947	-0.8385	-0.848449	-0.83768	-0.810358	-0.760833	-0.684293	-0.572518	-0.439118	-0.281095	-0.100968	0.0930033	0.274754	0.420999	0.529253	
-0.285316	-0.341752	-0.3963	-0.459415	-0.531572	-0.592365	-0.641692	-0.677562	-0.685252	-0.661351	-0.618499	-0.542054	-0.438772	-0.310352	-0.140629	0.049411	0.241787	0.420999	0.571132	0.664477	
-0.124435	-0.15178	-0.185853	-0.240632	-0.311475	-0.381961	-0.456153	-0.512586	-0.539296	-0.534407	-0.500936	-0.435284	-0.338042	-0.201951	-0.0258039	0.170991	0.362256	0.529253	0.664477	0.749959	
0.0220596	0.01974	0.00325274	-0.0417236	-0.113165	-0.199459	-0.290088	-0.366088	-0.42134	-0.44324	-0.420745	-0.371947	-0.280843	-0.129127	0.0547276	0.249969	0.434694	0.591742	0.7122	0.787624	
0.13796	0.164865	0.164279	0.123005	0.0442309	-0.0567696	-0.162562	-0.256862	-0.332808	-0.378309	-0.37775	-0.339187	-0.247168	-0.0919473	0.0865754	0.27692	0.458141	0.609139	0.723304	0.789082	
0.215164	0.264494	0.277115	0.239737	0.158456	0.0525956	-0.0730681	-0.189361	-0.285557	-0.351722	-0.373109	-0.339611	-0.241217	-0.0918349	0.080718	0.269144	0.452407	0.597419	0.700921	0.760036	
0.255899	0.314238	0.34258	0.31399	0.231142	0.119908	-0.0113019	-0.152683	-0.279225	-0.366824	-0.402695	-0.371041	-0.270506	-0.118864	0.0558822	0.240936	0.419927	0.565591	0.660437	0.706688	
0.261139	0.332749	0.368608	0.349752	0.275967	0.160937	0.0194058	-0.144882	-0.29055	-0.391203	-0.440588	-0.41257	-0.312929	-0.164247	0.0111205	0.195088	0.36963	0.513667	0.600031	0.641294	
0.241203	0.323176	0.367385	0.362019	0.298546	0.174896	0.0151719	-0.161458	-0.320243	-0.425119	-0.47407	-0.455841	-0.367699	-0.221858	-0.0408088	0.143643	0.321024	0.462125	0.54254	0.578325	
0.207288	0.297738	0.352132	0.352797	0.294147	0.167437	-0.000254511	-0.178596	-0.343453	-0.463345	-0.516147	-0.505533	-0.42072	-0.268528	-0.0859586	0.0982536	0.269339	0.403867	0.485606	0.520311	
0.162551	0.26275	0.327945	0.331364	0.277571	0.156856	-0.0139665	-0.193701	-0.36106	-0.491213	-0.55338	-0.544758	-0.460631	-0.30973	-0.124955	0.0638077	0.225969	0.345817	0.426901	0.463992	
0.126167	0.229579	0.299716	0.311761	0.256327	0.135218	-0.0270769	-0.202299	-0.373209	-0.509841	-0.578546	-0.566845	-0.48528	-0.342768	-0.156815	0.0306987	0.187236	0.302949	0.379654	0.412425	
0.094871	0.204619	0.270874	0.283361	0.22671	0.115524	-0.0307296	-0.201726	-0.373705	-0.517703	-0.591302	-0.576681	-0.491921	-0.356473	-0.176157	0.00557971	0.150409	0.265194	0.339267	0.369942	
0.0668642	0.179383	0.240281	0.249505	0.202977	0.106087	-0.0303387	-0.196852	-0.371136	-0.512283	-0.581258	-0.568227	-0.488409	-0.355566	-0.185377	-0.0129185	0.129369	0.235444	0.303443	0.330312	
0.051163	0.156329	0.214606	0.2253	0.187133	0.101364	-0.0272387	-0.187551	-0.354893	-0.490836	-0.560158	-0.550359	-0.473584	-0.346071	-0.189169	-0.031329	0.107126	0.211259	0.275457	0.292431	
0.0382723	0.128951	0.183988	0.201624	0.171559	0.0974103	-0.0231089	-0.178845	-0.333647	-0.455581	-0.5227	-0.518583	-0.446686	-0.328448	-0.180301	-0.0343135	0.0906295	0.190614	0.246912	0.254016	
0.0321048	0.106684	0.153681	0.177532	0.159294	0.0915511	-0.0195098	-0.162092	-0.30241	-0.410327	-0.474186	-0.474311	-0.411537	-0.30115	-0.16438	-0.0325346	0.0803205	0.16544	0.211026	0.219947	
0.0238685	0.090567	0.138291	0.162556	0.145855	0.0830112	-0.0190532	-0.143415	-0.262442	-0.359949	-0.421546	-0.424002	-0.367988	-0.271247	-0.151113	-0.0329309	0.0671461	0.14005	0.183488	0.198032	
0.0189561	0.0761016	0.11744	0.136846	0.124763	0.0727647	-0.0151666	-0.119647	-0.224394	-0.308965	-0.357989	-0.363945	-0.318416	-0.232715	-0.130109	-0.0261416	0.0601358	0.115712	0.150334	0.171165	
0.017257	0.0646701	0.0951925	0.104569	0.0977347	0.0628114	-0.00511628	-0.0896286	-0.17727	-0.252327	-0.296085	-0.299556	-0.258377	-0.184295	-0.104659	-0.0209225	0.0502771	0.0898939	0.115013	0.134291	
0.0109007	0.0564175	0.0826511	0.0819775	0.0710258	0.0476765	-0.00328064	-0.069025	-0.134353	-0.191881	-0.226502	-0.228478	-0.194399	-0.140042	-0.0859951	-0.0235439	0.0367974	0.0751623	0.0944069	0.102566	
0.0108751	0.0461891	0.0591306	0.0527141	0.045436	0.0322395	-0.000354801	-0.0450484	-0.0935114	-0.131447	-0.15083	-0.154399	-0.132223	-0.0931275	-0.0608948	-0.0212356	0.0258671	0.0563454	0.0636394	0.0671493	
0.004763	0.0203293	0.0256302	0.020959	0.0200826	0.0193029	0.00514565	-0.0186361	-0.0430351	-0.0659143	-0.0801013	-0.0796748	-0.0636774	-0.0416302	-0.0268554	-0.00848519	0.0141737	0.0269604	0.0273303	0.0252822	
0	0	0	0	0	0	0	0	0	0	0	0	0	0	0	0	0	0	0	0	
