-0.365218	-0.323255	-0.294545	-0.276359	-0.262926	-0.257543	-0.252788	-0.251404	-0.250015	-0.249875	-0.249815	-0.249588	-0.251192	-0.251692	-0.255573	-0.260524	-0.270296	-0.285195	-0.310341	
-0.501627	-0.441567	-0.392728	-0.355919	-0.327122	-0.305979	-0.291628	-0.281698	-0.275131	-0.272833	-0.271388	-0.274446	-0.278629	-0.287208	-0.299797	-0.317488	-0.342949	-0.376723	-0.421058	
-0.653717	-0.592728	-0.537218	-0.489452	-0.451455	-0.41954	-0.396214	-0.378753	-0.367298	-0.361337	-0.360033	-0.364387	-0.372903	-0.388417	-0.408767	-0.437519	-0.473349	-0.517487	-0.570171	
-0.79279	-0.744652	-0.696267	-0.649469	-0.608676	-0.57395	-0.545781	-0.524651	-0.510342	-0.502163	-0.501256	-0.505931	-0.518115	-0.536407	-0.561871	-0.594392	-0.632777	-0.677195	-0.72502	
-0.868803	-0.850128	-0.824186	-0.794383	-0.763653	-0.735728	-0.711243	-0.691988	-0.678515	-0.670938	-0.66996	-0.674867	-0.686489	-0.703329	-0.726102	-0.752574	-0.782105	-0.812439	-0.840073	
-0.852029	-0.867397	-0.870782	-0.866374	-0.856455	-0.84427	-0.831942	-0.821069	-0.812932	-0.808387	-0.807544	-0.810861	-0.817587	-0.827457	-0.839281	-0.851493	-0.862588	-0.869634	-0.869943	
-0.744715	-0.792814	-0.825857	-0.847315	-0.860093	-0.866494	-0.868987	-0.869187	-0.868447	-0.867793	-0.86751	-0.867953	-0.868477	-0.868739	-0.86722	-0.862695	-0.852961	-0.835502	-0.807712	
-0.537993	-0.616626	-0.678989	-0.72703	-0.763232	-0.789632	-0.808257	-0.820797	-0.828544	-0.832435	-0.833013	-0.830334	-0.824131	-0.813634	-0.797667	-0.774749	-0.742828	-0.699844	-0.643463	
-0.250207	-0.347674	-0.430521	-0.499292	-0.555062	-0.59912	-0.632709	-0.657052	-0.673144	-0.681688	-0.683144	-0.677524	-0.664625	-0.643758	-0.614083	-0.574394	-0.523424	-0.459919	-0.38269	
0.0749989	-0.0289409	-0.120379	-0.199172	-0.265476	-0.319759	-0.362575	-0.39452	-0.416135	-0.42782	-0.429813	-0.422144	-0.404645	-0.376951	-0.338577	-0.288921	-0.227434	-0.153622	-0.0672049	
0.41507	0.312167	0.219312	0.137451	0.0670895	0.00839745	-0.0386753	-0.0742812	-0.0986126	-0.111838	-0.114051	-0.105273	-0.0854198	-0.0543529	-0.0118793	0.042167	0.107873	0.18517	0.273696	
0.741784	0.651356	0.56658	0.489464	0.421443	0.363495	0.316235	0.280025	0.25506	0.241428	0.239167	0.24828	0.268744	0.300491	0.343375	0.397104	0.46118	0.534787	0.616692	
1.00391	0.937994	0.873067	0.811509	0.755306	0.706046	0.664947	0.632903	0.61053	0.598219	0.596171	0.604418	0.622822	0.651074	0.688648	0.73477	0.788363	0.847991	0.911832	
1.17299	1.13436	1.09378	1.05334	1.01491	0.980132	0.950362	0.926686	0.909919	0.900609	0.899049	0.905289	0.919132	0.940132	0.967583	1.00051	1.03766	1.07751	1.11828	
1.2534	1.23984	1.222	1.20184	1.18108	1.16124	1.14359	1.12917	1.11875	1.11291	1.11192	1.11585	1.12448	1.13739	1.15386	1.17297	1.19353	1.21412	1.23312	
1.24277	1.25509	1.26026	1.26025	1.25682	1.25152	1.24561	1.24014	1.23589	1.2334	1.23298	1.23466	1.23826	1.24332	1.24917	1.25486	1.25922	1.2608	1.25794	
1.12663	1.1651	1.1943	1.21574	1.23094	1.24129	1.24804	1.2522	1.25456	1.25568	1.25586	1.25514	1.25333	1.24998	1.24439	1.23562	1.22253	1.20377	1.17787	
0.914984	0.971884	1.01984	1.05935	1.09115	1.11608	1.13497	1.14858	1.15753	1.16227	1.16305	1.15992	1.15271	1.14103	1.12435	1.10194	1.073	1.03668	0.992178	
0.657651	0.718491	0.772937	0.820465	0.860877	0.894214	0.920662	0.940474	0.953906	0.961165	0.962373	0.957551	0.946615	0.92939	0.905633	0.875084	0.837518	0.792828	0.741105	
0.4171	0.468691	0.516989	0.560947	0.599769	0.632889	0.659935	0.680676	0.694988	0.702809	0.704114	0.698901	0.687183	0.669004	0.644461	0.613734	0.577134	0.535145	0.488467	
0.234091	0.270338	0.305568	0.338745	0.368951	0.395414	0.417512	0.434765	0.446829	0.453477	0.454589	0.450146	0.440226	0.425012	0.4048	0.380013	0.351217	0.319122	0.284591	
0.116911	0.138604	0.160388	0.181515	0.201259	0.218952	0.234007	0.245939	0.254376	0.259057	0.259841	0.256705	0.249744	0.239168	0.225306	0.208601	0.189598	0.168936	0.147323	
0.0522983	0.0635754	0.0752366	0.0868476	0.0979531	0.108105	0.116888	0.123942	0.128977	0.131788	0.13226	0.130373	0.126205	0.119925	0.111791	0.102137	0.0913589	0.0798935	0.0681973	
0.0210918	0.0262605	0.0317504	0.0373493	0.0428185	0.0479093	0.0523803	0.056014	0.0586305	0.060099	0.0603458	0.0593583	0.0571862	0.0539384	0.0497763	0.044904	0.0395553	0.0339779	0.0284168	
0.00771619	0.00982937	0.0121304	0.0145297	0.0169196	0.0191814	0.0211956	0.0228506	0.0240518	0.0247293	0.0248433	0.0243869	0.0233872	0.0219025	0.0200185	0.0178409	0.0154872	0.0130777	0.0107255	
0.00257514	0.00335309	0.00422017	0.00514331	0.00607968	0.00697984	0.00779183	0.00846584	0.00895871	0.009238	0.00928503	0.00909662	0.00868541	0.00807869	0.00731578	0.00644436	0.00551613	0.00458206	0.00368806	
0.000787982	0.00104789	0.00134402	0.00166557	0.00199738	0.00232109	0.00261667	0.00286438	0.0030468	0.00315062	0.00316812	0.00309798	0.00294544	0.00272174	0.00244286	0.00212786	0.00179689	0.00146921	0.00116141	
0.000222092	0.000301408	0.000393699	0.000495802	0.000602906	0.000708866	0.000806744	0.000889526	0.000950893	0.000985965	0.000991881	0.000968155	0.00091673	0.000841743	0.000749025	0.000645407	0.00053795	0.000433192	0.000336525	
5.78946e-05	8.01286e-05	0.000106526	0.000136258	0.000167939	0.000199704	0.000229374	0.000254688	0.000273574	0.00028441	0.000286239	0.000278899	0.000263041	0.000240044	0.00021183	0.00018062	0.000148656	0.000117953	9.01011e-05	
1.401e-05	1.97629e-05	2.67266e-05	3.47064e-05	4.33387e-05	5.21065e-05	6.03837e-05	6.75053e-05	7.28512e-05	7.59302e-05	7.64506e-05	7.43623e-05	6.98645e-05	6.33764e-05	5.54767e-05	4.68232e-05	3.80668e-05	2.97748e-05	2.23754e-05	
3.15781e-06	4.53758e-06	6.23922e-06	8.22198e-06	1.03984e-05	1.26367e-05	1.47717e-05	1.66237e-05	1.80222e-05	1.88306e-05	1.89674e-05	1.84184e-05	1.72396e-05	1.55478e-05	1.35029e-05	1.12841e-05	9.06484e-06	6.99211e-06	5.17166e-06	
6.64965e-07	9.72846e-07	1.35949e-06	1.81736e-06	2.32711e-06	2.85775e-06	3.36899e-06	3.81598e-06	4.15546e-06	4.35242e-06	4.38576e-06	4.25187e-06	3.96517e-06	3.55577e-06	3.06443e-06	2.53617e-06	2.01377e-06	1.53234e-06	1.11597e-06	
1.31182e-07	1.95312e-07	2.77278e-07	3.75881e-07	4.87181e-07	6.04415e-07	7.18472e-07	8.18965e-07	8.95718e-07	9.40404e-07	9.47977e-07	9.17564e-07	8.5263e-07	7.60352e-07	6.50368e-07	5.33178e-07	4.18556e-07	3.1429e-07	2.25457e-07	
2.43055e-08	3.68119e-08	5.30731e-08	7.29367e-08	9.56618e-08	1.19875e-07	1.43659e-07	1.64772e-07	1.80986e-07	1.90458e-07	1.92065e-07	1.85611e-07	1.7187e-07	1.52434e-07	1.29426e-07	1.05123e-07	8.1608e-08	6.04875e-08	4.27543e-08	
4.23928e-09	6.5289e-09	9.55612e-09	1.33097e-08	1.76609e-08	2.23496e-08	2.69981e-08	3.11552e-08	3.43651e-08	3.62466e-08	3.6566e-08	3.52828e-08	3.25579e-08	2.87217e-08	2.42101e-08	1.94857e-08	1.49622e-08	1.09496e-08	7.62827e-09	
6.97529e-10	1.09199e-09	1.62213e-09	2.28917e-09	3.07242e-09	3.92579e-09	4.77963e-09	5.54876e-09	6.14577e-09	6.49689e-09	6.55655e-09	6.31684e-09	5.80918e-09	5.09772e-09	4.26645e-09	3.40325e-09	2.58525e-09	1.86842e-09	1.28333e-09	
1.08483e-10	1.72579e-10	2.6011e-10	3.71838e-10	5.04696e-10	6.51026e-10	7.98759e-10	9.32787e-10	1.03736e-09	1.09907e-09	1.10956e-09	1.0674e-09	9.78324e-10	8.54056e-10	7.09783e-10	5.61207e-10	4.2183e-10	3.01144e-10	2.03981e-10	
1.59766e-11	2.58193e-11	3.94733e-11	5.7149e-11	7.84301e-11	1.0212e-10	1.2625e-10	1.48295e-10	1.65584e-10	1.75818e-10	1.77561e-10	1.7056e-10	1.55811e-10	1.35323e-10	1.11687e-10	8.75442e-11	6.51208e-11	4.59311e-11	3.06885e-11	
2.23182e-12	3.66295e-12	5.67903e-12	8.32531e-12	1.15505e-11	1.51785e-11	1.89063e-11	2.23357e-11	2.50389e-11	2.66441e-11	2.69176e-11	2.58186e-11	2.35089e-11	2.03146e-11	1.66522e-11	1.29411e-11	9.52807e-12	6.64085e-12	4.37767e-12	
2.96187e-13	4.93554e-13	7.75827e-13	1.15141e-12	1.61468e-12	2.14125e-12	2.68697e-12	3.19244e-12	3.59287e-12	3.8314e-12	3.87208e-12	3.70862e-12	3.36594e-12	2.89406e-12	2.35634e-12	1.81578e-12	1.32342e-12	9.1164e-13	5.93039e-13	
3.73975e-14	6.32556e-14	1.00792e-13	1.5141e-13	2.14589e-13	2.87136e-13	3.62964e-13	4.33674e-13	4.89968e-13	5.23605e-13	5.29348e-13	5.06276e-13	4.58027e-13	3.91869e-13	3.16936e-13	2.42194e-13	1.74766e-13	1.19003e-13	7.64088e-14	
4.49869e-15	7.72196e-15	1.24699e-14	1.89576e-14	2.71503e-14	3.66531e-14	4.66693e-14	5.6072e-14	6.35945e-14	6.81033e-14	6.88737e-14	6.57785e-14	5.93213e-14	5.05046e-14	4.0578e-14	3.07533e-14	2.19734e-14	1.47923e-14	9.3762e-15	
5.16242e-16	8.9905e-16	1.47111e-15	2.26303e-15	3.27467e-15	4.4598e-15	5.71939e-15	6.90966e-15	7.86655e-15	8.44182e-15	8.54022e-15	8.14496e-15	7.32235e-15	6.20384e-15	4.95198e-15	3.72243e-15	2.63384e-15	1.7532e-15	1.09724e-15	
5.65809e-17	9.99535e-17	1.65696e-16	2.5788e-16	3.76988e-16	5.17903e-16	6.68907e-16	8.12537e-16	9.28561e-16	9.98525e-16	1.0105e-15	9.62392e-16	8.62502e-16	7.2724e-16	5.76741e-16	4.30041e-16	3.01354e-16	1.98371e-16	1.22602e-16	
5.92969e-18	1.06236e-17	1.78386e-17	2.80846e-17	4.14729e-17	5.74673e-17	7.4747e-17	9.12896e-17	1.04717e-16	1.12837e-16	1.14229e-16	1.0864e-16	9.70634e-17	8.14513e-17	6.41815e-17	4.74737e-17	3.2951e-17	2.14527e-17	1.30953e-17	
5.94846e-19	1.08062e-18	1.83768e-18	2.92632e-18	4.36475e-18	6.0998e-18	7.98946e-18	9.81019e-18	1.1295e-17	1.21957e-17	1.23503e-17	1.17298e-17	1.04478e-17	8.72583e-18	6.83203e-18	5.01347e-18	3.447e-18	2.21983e-18	1.33854e-18	
5.71783e-20	1.05305e-19	1.81338e-19	2.92032e-19	4.39912e-19	6.19997e-19	8.17703e-19	1.00941e-18	1.16649e-18	1.26206e-18	1.27848e-18	1.21259e-18	1.07677e-18	8.95078e-19	6.96397e-19	5.07014e-19	3.45341e-19	2.20008e-19	1.31067e-19	
5.27118e-21	9.84004e-21	1.7156e-20	2.79381e-20	4.25e-20	6.04014e-20	8.0211e-20	9.95418e-20	1.15454e-19	1.25164e-19	1.26834e-19	1.20135e-19	1.06356e-19	8.79971e-20	6.80359e-20	4.91478e-20	3.31662e-20	2.09048e-20	1.23054e-20	
4.63301e-22	8.76346e-22	1.54646e-21	2.54591e-21	3.91011e-21	5.60272e-21	7.49031e-21	9.34369e-21	1.08763e-20	1.18142e-20	1.19756e-20	1.13281e-20	9.99908e-21	8.23535e-21	6.32828e-21	4.53659e-21	3.03373e-21	1.89233e-21	1.10096e-21	
0	0	0	0	0	0	0	0	0	0	0	0	0	0	0	0	0	0	0	
