0	0	0	0	0	0	0	0	0	0	0	0	0	0	0	0	0	0	0	0	
-0.00973151	-0.0107454	-0.00669906	-0.000460196	0.00295326	0.00400802	0.000841765	-0.00693189	-0.00814301	-0.00213869	0.00450828	0.00310218	-0.00528042	-0.00961792	-0.00298846	0.00320982	0.00282049	0.00227758	-0.00359457	-0.0102721	
-0.0174333	-0.0189825	-0.0130517	-0.00248225	0.00514583	0.00475263	-0.00165332	-0.013439	-0.0175767	-0.00252582	0.0128864	0.00640895	-0.00800633	-0.0179305	-0.0106301	0.0032894	0.00503746	0.0039139	-0.00484827	-0.015821	
-0.0264971	-0.0306132	-0.0207215	-0.00243581	0.00783289	0.0103352	0.000829236	-0.0195162	-0.0229856	-0.00558883	0.0128173	0.00767081	-0.0142553	-0.026297	-0.0107638	0.00763887	0.00896505	0.0053971	-0.0107735	-0.0283996	
-0.0314138	-0.0382439	-0.0263547	-0.00585359	0.00912622	0.0103642	-0.00314166	-0.0250024	-0.0299728	-0.00606667	0.0182542	0.0103857	-0.0157637	-0.0321684	-0.0171173	0.00524373	0.00956318	0.00627236	-0.0128502	-0.0332286	
-0.0368762	-0.0467176	-0.0345448	-0.0072999	0.0101434	0.0129722	-0.00289107	-0.0287346	-0.0331335	-0.00835899	0.0171704	0.00873163	-0.0201085	-0.0360719	-0.0197995	0.00681483	0.0143474	0.00528454	-0.0187495	-0.042066	
-0.0392754	-0.05489	-0.0400268	-0.0113834	0.00977171	0.0136178	-0.0051764	-0.0316618	-0.0350339	-0.00986173	0.0145745	0.00830903	-0.0216097	-0.0390324	-0.0211594	0.00496981	0.0130448	0.00407742	-0.023026	-0.0491723	
-0.0401147	-0.0586399	-0.0451685	-0.0154959	0.00833694	0.0114991	-0.00873919	-0.0328121	-0.0359598	-0.0120213	0.0124025	0.00514842	-0.0230281	-0.0376327	-0.0247899	0.00152703	0.0141233	0.000926747	-0.027645	-0.0531957	
-0.0411534	-0.0633523	-0.0511164	-0.0202914	0.00490296	0.00926871	-0.00911685	-0.0314471	-0.0335079	-0.0139937	0.004874	-0.000435813	-0.0246667	-0.0360357	-0.0244936	1.45676e-05	0.012097	-0.00405836	-0.0327812	-0.0584	
-0.0384186	-0.0641406	-0.0516202	-0.0256325	-0.000204057	0.00403725	-0.0129859	-0.0297134	-0.0317913	-0.0165972	-0.00199083	-0.00540184	-0.0236197	-0.0325077	-0.0241235	-0.00419358	0.00501409	-0.00941396	-0.0352005	-0.0609856	
-0.0384353	-0.060958	-0.0541643	-0.0309879	-0.0072808	-0.00405401	-0.0141928	-0.0257873	-0.0279476	-0.019627	-0.00959868	-0.0124086	-0.0250072	-0.0263169	-0.0230619	-0.00965985	-0.000489815	-0.0166547	-0.0398438	-0.0595634	
-0.0358653	-0.058415	-0.0532247	-0.0360845	-0.0173241	-0.0120012	-0.015178	-0.0202805	-0.0238323	-0.0219815	-0.0189616	-0.0207252	-0.0244394	-0.0229652	-0.020196	-0.0118275	-0.0119815	-0.0247586	-0.0404545	-0.0591321	
-0.0331196	-0.0495867	-0.0486898	-0.03896	-0.0274877	-0.0230201	-0.0174954	-0.0173638	-0.022143	-0.0259155	-0.0268933	-0.0258225	-0.0236221	-0.0171825	-0.0162628	-0.0191512	-0.0249792	-0.033017	-0.0421301	-0.052464	
-0.0325407	-0.0427756	-0.0456525	-0.0440053	-0.0409307	-0.0336411	-0.018791	-0.0117095	-0.0173882	-0.0284409	-0.0328503	-0.0320523	-0.0267593	-0.0144505	-0.0134192	-0.0251501	-0.0360348	-0.0406977	-0.043149	-0.0455298	
-0.029914	-0.0336477	-0.0381364	-0.0435672	-0.051626	-0.0432982	-0.0210765	-0.0100322	-0.0185421	-0.0312979	-0.0387004	-0.0372609	-0.0256797	-0.0129401	-0.0122582	-0.0298574	-0.0489411	-0.0498102	-0.0403631	-0.0352748	
-0.0292007	-0.0258064	-0.0297234	-0.0452866	-0.0619184	-0.0530147	-0.0261363	-0.0111116	-0.0186947	-0.0340711	-0.0416315	-0.0372554	-0.0282576	-0.0128455	-0.0103541	-0.038975	-0.0602271	-0.0557851	-0.0404744	-0.0261046	
-0.0311821	-0.0211167	-0.0236198	-0.0453939	-0.0698461	-0.0605149	-0.0317142	-0.0133262	-0.0192853	-0.0340678	-0.0405101	-0.0385927	-0.0316675	-0.0170601	-0.0178767	-0.0462999	-0.0649827	-0.0589373	-0.034206	-0.0154038	
-0.0365729	-0.0166997	-0.0149466	-0.0416664	-0.0683302	-0.064775	-0.0395985	-0.0202209	-0.0268782	-0.037055	-0.0410138	-0.0395129	-0.0314805	-0.019351	-0.0232038	-0.0511051	-0.0698708	-0.0630593	-0.0325196	-0.0106526	
-0.043196	-0.0171967	-0.0124841	-0.039178	-0.0692973	-0.0711919	-0.0500724	-0.0324336	-0.0294916	-0.0330074	-0.0367494	-0.0338867	-0.0329789	-0.0302725	-0.0369191	-0.0609597	-0.0717964	-0.0573355	-0.0236445	-0.00702999	
-0.0593272	-0.0229889	-0.0113597	-0.0330879	-0.0593883	-0.0692414	-0.0597025	-0.0426117	-0.0359779	-0.0352213	-0.0346579	-0.0354119	-0.0358573	-0.0369955	-0.0498988	-0.0659022	-0.0668525	-0.050455	-0.0212198	-0.0105533	
-0.0760514	-0.0306463	-0.0136588	-0.0259267	-0.0498125	-0.0705591	-0.0716522	-0.058016	-0.0436618	-0.033531	-0.0326892	-0.0328204	-0.034733	-0.0476177	-0.0638483	-0.0718799	-0.0635504	-0.0405746	-0.0180037	-0.017269	
-0.0992197	-0.0455577	-0.0219136	-0.0192963	-0.0400707	-0.0695255	-0.0803276	-0.0710408	-0.0491251	-0.0327907	-0.0325296	-0.0316506	-0.0365816	-0.0580606	-0.0767551	-0.0792915	-0.0586601	-0.0285277	-0.0152872	-0.025313	
-0.126658	-0.0688015	-0.0311647	-0.0140483	-0.0323813	-0.0629794	-0.0860608	-0.0799775	-0.0518864	-0.0378982	-0.0365976	-0.0349383	-0.0442243	-0.0660923	-0.0837367	-0.081627	-0.0487107	-0.0169802	-0.0184543	-0.0420037	
-0.158239	-0.0923326	-0.040314	-0.0151002	-0.0259901	-0.0610626	-0.0917404	-0.0851348	-0.0605813	-0.0449912	-0.0404935	-0.0400421	-0.0465793	-0.0675216	-0.0877497	-0.0838188	-0.0460301	-0.0164037	-0.0248333	-0.0554032	
-0.19773	-0.121992	-0.0593889	-0.0242339	-0.0280652	-0.0598473	-0.0875893	-0.0822589	-0.0630558	-0.0513017	-0.0491836	-0.0509856	-0.0556129	-0.071796	-0.0884985	-0.0796088	-0.0418399	-0.0184093	-0.0309023	-0.0747582	
-0.23863	-0.153129	-0.0807736	-0.0382687	-0.0349515	-0.0593786	-0.0792013	-0.0771587	-0.0692193	-0.0624137	-0.0647964	-0.0650102	-0.0615345	-0.0713884	-0.0789544	-0.070341	-0.046529	-0.0294373	-0.0462343	-0.102636	
-0.280697	-0.18938	-0.1097	-0.0631698	-0.0525451	-0.0618603	-0.0693529	-0.0701599	-0.0712738	-0.074856	-0.0824067	-0.0785826	-0.0706623	-0.0689327	-0.0657125	-0.0636997	-0.0535886	-0.0470663	-0.0714913	-0.130883	
-0.325626	-0.23011	-0.148695	-0.0995383	-0.0777249	-0.0693611	-0.0611238	-0.0625368	-0.0723541	-0.0882251	-0.100508	-0.0941957	-0.0804003	-0.0641135	-0.0539943	-0.0589846	-0.0627733	-0.0719201	-0.103414	-0.162092	
-0.372803	-0.279457	-0.199716	-0.143953	-0.110872	-0.0801491	-0.0589796	-0.0575688	-0.0741102	-0.10334	-0.119295	-0.113864	-0.088586	-0.0590549	-0.047001	-0.0539984	-0.0748522	-0.104292	-0.141404	-0.200252	
-0.420089	-0.337592	-0.260045	-0.200042	-0.1514	-0.103225	-0.0713466	-0.0617419	-0.0821096	-0.116611	-0.138374	-0.130571	-0.0929906	-0.0590793	-0.0440652	-0.0586149	-0.0959744	-0.136873	-0.18591	-0.245715	
-0.473312	-0.408088	-0.335228	-0.268263	-0.203574	-0.14327	-0.10027	-0.0803889	-0.0955116	-0.129411	-0.155779	-0.143556	-0.0995576	-0.0644302	-0.053768	-0.0777378	-0.120952	-0.173744	-0.233114	-0.288795	
-0.537811	-0.491682	-0.424898	-0.349244	-0.269791	-0.202355	-0.148503	-0.116048	-0.117577	-0.14653	-0.172968	-0.157301	-0.114038	-0.0809504	-0.0787166	-0.109498	-0.152488	-0.210768	-0.277689	-0.33543	
-0.608247	-0.582125	-0.523177	-0.43878	-0.355014	-0.284351	-0.223553	-0.177935	-0.160668	-0.176195	-0.19307	-0.174987	-0.1326	-0.107613	-0.119185	-0.153294	-0.197692	-0.256779	-0.322798	-0.378248	
-0.684336	-0.681039	-0.63112	-0.549698	-0.468225	-0.395797	-0.328181	-0.264087	-0.223033	-0.216114	-0.217038	-0.196815	-0.165094	-0.156112	-0.178229	-0.219022	-0.260791	-0.307144	-0.3671	-0.412705	
-0.763632	-0.779071	-0.742297	-0.672609	-0.600075	-0.528795	-0.453144	-0.373048	-0.310466	-0.275941	-0.258033	-0.237742	-0.219204	-0.226728	-0.259383	-0.301801	-0.335877	-0.369392	-0.409705	-0.432628	
-0.826207	-0.859182	-0.843297	-0.800226	-0.745144	-0.678732	-0.597889	-0.50601	-0.42318	-0.362436	-0.324443	-0.301423	-0.29786	-0.318751	-0.356042	-0.399019	-0.426989	-0.444872	-0.459088	-0.455423	
-0.855106	-0.907594	-0.925826	-0.919268	-0.890963	-0.835621	-0.752659	-0.653427	-0.554788	-0.469942	-0.413803	-0.389158	-0.395485	-0.42948	-0.475507	-0.518378	-0.541181	-0.540333	-0.515956	-0.470041	
-0.836308	-0.915754	-0.97332	-1.00928	-1.01222	-0.970717	-0.892328	-0.790811	-0.683274	-0.590498	-0.529543	-0.50656	-0.523483	-0.566005	-0.61301	-0.652757	-0.662867	-0.635406	-0.575521	-0.490978	
-0.749616	-0.858226	-0.957397	-1.0357	-1.07442	-1.06051	-0.999118	-0.906468	-0.806949	-0.720765	-0.665239	-0.645759	-0.66096	-0.702641	-0.751923	-0.788384	-0.786588	-0.739295	-0.647834	-0.524317	
-0.59021	-0.734263	-0.871847	-0.989806	-1.06851	-1.08898	-1.05323	-0.978502	-0.895367	-0.830406	-0.792861	-0.779357	-0.794618	-0.835364	-0.885183	-0.920207	-0.90576	-0.835637	-0.717643	-0.567104	
-0.376287	-0.548529	-0.71303	-0.859995	-0.973441	-1.03291	-1.03051	-0.984686	-0.935216	-0.904171	-0.893454	-0.894303	-0.909134	-0.945551	-0.994522	-1.02446	-0.996762	-0.908216	-0.772009	-0.606407	
-0.122224	-0.312134	-0.489382	-0.653676	-0.797415	-0.893167	-0.929452	-0.926395	-0.919383	-0.928908	-0.949822	-0.966537	-0.986063	-1.01718	-1.05514	-1.07449	-1.03464	-0.934712	-0.795589	-0.634987	
0.144278	-0.047456	-0.224761	-0.398035	-0.560944	-0.688213	-0.767818	-0.814124	-0.856723	-0.90398	-0.948281	-0.981062	-1.00518	-1.02694	-1.04943	-1.05409	-1.00743	-0.909655	-0.778441	-0.630651	
0.397605	0.215911	0.0447617	-0.127976	-0.300403	-0.450301	-0.568586	-0.666299	-0.753331	-0.828844	-0.890881	-0.936036	-0.96716	-0.980901	-0.980205	-0.961804	-0.904874	-0.811352	-0.69405	-0.567003	
0.619147	0.457046	0.299399	0.132751	-0.0398932	-0.205402	-0.360903	-0.504479	-0.631087	-0.729559	-0.800484	-0.85219	-0.883107	-0.879762	-0.848314	-0.798595	-0.727689	-0.640644	-0.541191	-0.439645	
0.803232	0.666949	0.523765	0.366559	0.194477	0.0133093	-0.171089	-0.3513	-0.507459	-0.620567	-0.696101	-0.745094	-0.765416	-0.739357	-0.674264	-0.59098	-0.499198	-0.410063	-0.324699	-0.246627	
0.943549	0.83571	0.712069	0.563336	0.387623	0.193161	-0.0129696	-0.215502	-0.390344	-0.516212	-0.592753	-0.63167	-0.63126	-0.575843	-0.478638	-0.363991	-0.249553	-0.150371	-0.0681514	-0.00873117	
1.02801	0.95415	0.851838	0.70961	0.529293	0.323769	0.110577	-0.0975891	-0.280486	-0.412514	-0.487941	-0.513901	-0.489833	-0.407178	-0.285846	-0.150052	-0.0133548	0.107414	0.19947	0.251924	
1.04572	1.00857	0.93155	0.798947	0.616756	0.412327	0.205521	0.00381496	-0.175943	-0.308566	-0.380851	-0.395198	-0.351469	-0.248141	-0.110135	0.0423593	0.197428	0.340227	0.451415	0.504091	
0.999497	0.997885	0.945683	0.824146	0.651188	0.457772	0.26564	0.0792109	-0.0885236	-0.210135	-0.270354	-0.272336	-0.215885	-0.0990168	0.0517429	0.213535	0.378161	0.535635	0.657732	0.709855	
