0	-0.0813154	-0.132324	-0.133931	-0.0786883	0.0213211	0.143422	0.262706	0.356552	0.417884	0.44788	0.453937	0.44774	0.433731	0.424125	0.429119	0.460313	0.521498	0.596997	0.65876	
0	-0.0878224	-0.145762	-0.151436	-0.0995769	0.000667399	0.126367	0.250281	0.351403	0.417799	0.451203	0.458698	0.449459	0.432222	0.414962	0.413077	0.436451	0.496	0.576283	0.654667	
0	-0.0972194	-0.163072	-0.176314	-0.128448	-0.0287372	0.0995162	0.231176	0.34023	0.416101	0.457168	0.469182	0.462864	0.444025	0.423187	0.413874	0.429856	0.483465	0.565883	0.65553	
0	-0.102556	-0.173193	-0.190869	-0.144471	-0.0452498	0.0876642	0.22494	0.341898	0.425713	0.471607	0.487859	0.48191	0.461839	0.437839	0.422917	0.432584	0.482521	0.565897	0.666679	
0	-0.104817	-0.177603	-0.197218	-0.151819	-0.0511189	0.0853481	0.229254	0.354313	0.446035	0.498865	0.520128	0.516106	0.49727	0.470385	0.450329	0.452978	0.494439	0.575193	0.679928	
0	-0.109193	-0.185264	-0.209107	-0.164058	-0.0629528	0.0791717	0.231937	0.367472	0.471974	0.534454	0.563713	0.565056	0.546562	0.518557	0.491637	0.484815	0.515723	0.589264	0.694792	
0	-0.110784	-0.189856	-0.214352	-0.171336	-0.0682829	0.0784573	0.238065	0.385096	0.49925	0.571937	0.609256	0.614168	0.599331	0.569428	0.5382	0.523245	0.543693	0.608203	0.711628	
0	-0.113759	-0.194331	-0.223393	-0.18108	-0.0788983	0.0707007	0.238265	0.393519	0.520293	0.60326	0.649533	0.662465	0.651406	0.624159	0.590635	0.56984	0.579096	0.634183	0.729152	
0	-0.11742	-0.20421	-0.236471	-0.200338	-0.100287	0.0504458	0.221322	0.386703	0.522979	0.61756	0.674329	0.694982	0.69034	0.666409	0.631463	0.604209	0.603082	0.643558	0.728893	
0	-0.123808	-0.216086	-0.2568	-0.226729	-0.132345	0.0156858	0.189188	0.359222	0.503568	0.606132	0.66938	0.694451	0.693137	0.66878	0.631862	0.599235	0.586633	0.617598	0.692251	
0	-0.13196	-0.234942	-0.284853	-0.267338	-0.182647	-0.0425982	0.126492	0.296549	0.443043	0.549354	0.615045	0.64344	0.641668	0.618881	0.579335	0.540719	0.519419	0.536481	0.598391	
0	-0.149319	-0.270452	-0.339284	-0.341061	-0.273677	-0.147194	0.0128261	0.181145	0.328072	0.439204	0.509448	0.539875	0.541602	0.516875	0.474555	0.428938	0.39447	0.39628	0.44333	
0	-0.169898	-0.312604	-0.404317	-0.430002	-0.384748	-0.278899	-0.13231	0.0254291	0.168822	0.278646	0.347627	0.379748	0.379388	0.354683	0.310351	0.258734	0.214725	0.203161	0.232583	
0	-0.18907	-0.354033	-0.467503	-0.519641	-0.499281	-0.416575	-0.290996	-0.145893	-0.0140076	0.0903511	0.154183	0.1812	0.176542	0.147247	0.0974606	0.0389421	-0.0144451	-0.0414433	-0.0252953	
0	-0.209492	-0.394844	-0.533069	-0.609656	-0.615138	-0.556946	-0.45015	-0.321232	-0.198934	-0.101963	-0.0446342	-0.0240887	-0.0351134	-0.0729049	-0.128477	-0.195913	-0.260836	-0.300232	-0.301204	
0	-0.224871	-0.428897	-0.5857	-0.686346	-0.714453	-0.678989	-0.590676	-0.474527	-0.359992	-0.265838	-0.210839	-0.190333	-0.206065	-0.246408	-0.309177	-0.386904	-0.464328	-0.524572	-0.54679	
0	-0.231197	-0.442087	-0.611171	-0.724682	-0.770112	-0.749869	-0.675598	-0.568022	-0.458098	-0.365124	-0.308984	-0.290688	-0.306685	-0.352823	-0.42041	-0.506204	-0.59619	-0.673434	-0.715677	
0	-0.223435	-0.428903	-0.596437	-0.713428	-0.765147	-0.754879	-0.68743	-0.587173	-0.478395	-0.385653	-0.328958	-0.309276	-0.328067	-0.376745	-0.448328	-0.541632	-0.640918	-0.733097	-0.797059	
0	-0.210614	-0.405021	-0.56599	-0.67934	-0.732559	-0.723085	-0.657495	-0.554055	-0.438893	-0.33686	-0.268813	-0.240739	-0.25388	-0.299631	-0.373736	-0.470992	-0.579244	-0.687712	-0.769722	
0	-0.193929	-0.372538	-0.523478	-0.628761	-0.679336	-0.667889	-0.599125	-0.490029	-0.362778	-0.246196	-0.159248	-0.115262	-0.11202	-0.148501	-0.214222	-0.30939	-0.42186	-0.540208	-0.641666	
0	-0.173012	-0.333202	-0.469147	-0.564766	-0.609197	-0.594891	-0.521931	-0.407081	-0.267871	-0.135782	-0.0302275	0.0341692	0.0530186	0.0331102	-0.0225069	-0.108552	-0.216566	-0.336611	-0.446535	
0	-0.152686	-0.293649	-0.416101	-0.500215	-0.540782	-0.522076	-0.448189	-0.327574	-0.179097	-0.0332338	0.0921306	0.174854	0.214799	0.212799	0.173963	0.10527	0.0101568	-0.100331	-0.206086	
0	-0.135708	-0.262565	-0.372968	-0.451651	-0.488749	-0.471375	-0.397049	-0.273705	-0.116349	0.0456893	0.192593	0.300637	0.366874	0.388691	0.373058	0.324082	0.245234	0.148019	0.0465602	
0	-0.121554	-0.235845	-0.33744	-0.410936	-0.447696	-0.432136	-0.360479	-0.236789	-0.0737627	0.100967	0.265877	0.397451	0.485435	0.531767	0.535341	0.507786	0.447129	0.36652	0.278172	
0	-0.106099	-0.207973	-0.298947	-0.36843	-0.405383	-0.393883	-0.330392	-0.210968	-0.0514918	0.12806	0.303333	0.448833	0.556084	0.619241	0.642904	0.634716	0.594791	0.534514	0.464632	
0	-0.095257	-0.188974	-0.273481	-0.343842	-0.383563	-0.382742	-0.329466	-0.221232	-0.0690621	0.111617	0.292266	0.452396	0.575735	0.657111	0.700193	0.710682	0.691049	0.651414	0.598255	
0	-0.0936931	-0.18672	-0.274167	-0.349843	-0.400516	-0.412869	-0.375522	-0.281682	-0.139478	0.0383889	0.223818	0.397208	0.536032	0.637161	0.69818	0.727381	0.727483	0.705898	0.671049	
0	-0.0967142	-0.195587	-0.288134	-0.375594	-0.438921	-0.46916	-0.452008	-0.376153	-0.250847	-0.0807284	0.10413	0.283917	0.437445	0.552281	0.632391	0.677758	0.698744	0.696785	0.683441	
0	-0.0987582	-0.199115	-0.298633	-0.394221	-0.471713	-0.521979	-0.525671	-0.476222	-0.371272	-0.218237	-0.0419092	0.139558	0.300089	0.428645	0.5251	0.589113	0.631792	0.654346	0.664064	
0	-0.0984922	-0.199127	-0.302484	-0.403617	-0.493721	-0.559472	-0.584651	-0.559156	-0.475735	-0.342536	-0.175794	0.0031298	0.168649	0.309709	0.419971	0.501574	0.565082	0.60859	0.641627	
0	-0.093889	-0.191555	-0.292795	-0.396535	-0.492539	-0.570024	-0.612222	-0.606197	-0.543822	-0.428274	-0.271719	-0.0979633	0.073543	0.222116	0.344883	0.439659	0.517048	0.576087	0.62478	
0	-0.0839107	-0.169628	-0.265824	-0.362465	-0.46024	-0.54357	-0.596251	-0.609284	-0.563377	-0.467352	-0.322966	-0.154752	0.0170138	0.173575	0.304536	0.411475	0.497721	0.570092	0.626492	
0	-0.0707006	-0.145335	-0.229554	-0.318762	-0.412615	-0.496184	-0.557871	-0.582686	-0.554302	-0.475551	-0.344521	-0.183869	-0.0125766	0.152049	0.292382	0.413114	0.512306	0.596217	0.662297	
0	-0.0589549	-0.12351	-0.196494	-0.279055	-0.367488	-0.450868	-0.519107	-0.552055	-0.539884	-0.473038	-0.353131	-0.197067	-0.0197902	0.154061	0.310521	0.447587	0.560096	0.655999	0.728386	
0	-0.0495513	-0.103466	-0.168962	-0.243064	-0.327433	-0.410514	-0.482263	-0.525566	-0.525857	-0.472284	-0.364062	-0.210283	-0.028908	0.158508	0.334661	0.491918	0.622627	0.733809	0.810992	
0	-0.0405693	-0.0884624	-0.143464	-0.213496	-0.291905	-0.374754	-0.451711	-0.503304	-0.519643	-0.480651	-0.387753	-0.240427	-0.0582826	0.141602	0.337375	0.516061	0.670545	0.794986	0.881818	
0	-0.0378764	-0.0829466	-0.134264	-0.201385	-0.27661	-0.359152	-0.438981	-0.496612	-0.52481	-0.497637	-0.416896	-0.277466	-0.0932691	0.113572	0.326505	0.522199	0.694062	0.828475	0.921709	
0	-0.0363525	-0.076858	-0.127801	-0.189803	-0.263824	-0.347029	-0.427885	-0.496604	-0.533968	-0.524197	-0.457694	-0.328759	-0.14785	0.0656516	0.294594	0.508082	0.698608	0.845452	0.941276	
0	-0.0319757	-0.0689198	-0.114866	-0.173886	-0.244824	-0.32861	-0.412436	-0.490977	-0.540107	-0.548741	-0.498376	-0.382261	-0.208091	0.0128914	0.254082	0.487917	0.697074	0.855086	0.953709	
0	-0.0305204	-0.0651468	-0.108802	-0.163595	-0.231606	-0.311134	-0.394858	-0.474612	-0.530147	-0.549414	-0.50937	-0.405926	-0.23652	-0.0146399	0.231966	0.480249	0.695808	0.860007	0.956044	
0	-0.0238549	-0.0504622	-0.0875454	-0.133306	-0.194469	-0.267031	-0.346881	-0.426851	-0.487054	-0.516679	-0.489729	-0.401293	-0.242861	-0.0285011	0.21702	0.467462	0.681345	0.842093	0.9251	
0	-0.0138502	-0.0318693	-0.0572034	-0.0938242	-0.143891	-0.207141	-0.280894	-0.356701	-0.420925	-0.457287	-0.446033	-0.37285	-0.233773	-0.0336589	0.20018	0.439982	0.646154	0.79287	0.860271	
0	-0.00978753	-0.0232414	-0.0429671	-0.0719072	-0.114895	-0.166979	-0.235107	-0.301206	-0.366095	-0.402768	-0.401307	-0.341289	-0.217455	-0.0347194	0.185627	0.412048	0.606734	0.740406	0.794677	
0	-0.009375	-0.0212156	-0.0396919	-0.0653777	-0.104133	-0.151569	-0.213703	-0.275112	-0.337255	-0.373634	-0.376147	-0.324811	-0.208864	-0.0406843	0.171923	0.3859	0.57038	0.692948	0.734047	
0	-0.0119588	-0.0268097	-0.0446117	-0.0720409	-0.104072	-0.151025	-0.201073	-0.259917	-0.311436	-0.346176	-0.348952	-0.302419	-0.199991	-0.0457638	0.14857	0.343776	0.514138	0.621081	0.654509	
0	-0.0112516	-0.0251039	-0.0401882	-0.0636982	-0.0892468	-0.128677	-0.167867	-0.218993	-0.259722	-0.292895	-0.296634	-0.259975	-0.179629	-0.0471455	0.112421	0.280544	0.425627	0.513536	0.542635	
0	-0.00464066	-0.0106611	-0.0199117	-0.0327204	-0.0531132	-0.0783963	-0.112083	-0.149615	-0.185256	-0.214532	-0.221012	-0.199243	-0.140245	-0.0410342	0.0796415	0.211067	0.320628	0.388796	0.40822	
0	-0.000256676	-0.000621367	-0.00511776	-0.0100178	-0.0233559	-0.0371489	-0.061516	-0.0843952	-0.112189	-0.131757	-0.13953	-0.128427	-0.0887664	-0.0268236	0.0559555	0.143525	0.2151	0.263846	0.27196	
0	0.00061192	0.00181146	-1.04204e-05	-0.00154137	-0.00720017	-0.0142329	-0.0255539	-0.0370872	-0.0518939	-0.0610744	-0.0669029	-0.0615059	-0.041781	-0.0123193	0.0308027	0.0744159	0.110052	0.136788	0.138277	
0	0	0	0	0	0	0	0	0	0	0	0	0	0	0	0	0	0	0	0	
