0	0	0	0	0	0	0	0	0	0	0	0	0	0	0	0	0	0	0	0	
0.171346	0.198453	0.225853	0.254341	0.277107	0.296723	0.314071	0.325654	0.331048	0.328369	0.323398	0.316826	0.313878	0.314486	0.313694	0.309423	0.300455	0.287532	0.268584	0.244174	
0.329851	0.378259	0.43057	0.482497	0.524721	0.561365	0.591485	0.613689	0.620624	0.614327	0.602524	0.58748	0.581542	0.581157	0.580509	0.5728	0.557383	0.534997	0.501318	0.459074	
0.460095	0.527059	0.595969	0.666673	0.722268	0.768782	0.807876	0.832127	0.838267	0.82276	0.801137	0.776896	0.765581	0.766651	0.766958	0.76021	0.742914	0.715987	0.674744	0.620584	
0.547567	0.622977	0.704331	0.785407	0.849431	0.90234	0.94338	0.96942	0.968981	0.944331	0.910362	0.874416	0.858311	0.857364	0.860673	0.855735	0.840595	0.815512	0.773386	0.719695	
0.579301	0.660509	0.747957	0.83582	0.904179	0.958792	0.999649	1.02134	1.01429	0.976738	0.929841	0.8829	0.860465	0.861403	0.868151	0.870208	0.862201	0.842468	0.80718	0.758655	
0.552457	0.634239	0.724316	0.814562	0.885864	0.940759	0.980181	0.999002	0.984537	0.938042	0.878621	0.822537	0.79637	0.797436	0.811189	0.821003	0.822448	0.813496	0.787503	0.751869	
0.479697	0.557851	0.648829	0.739402	0.811653	0.867457	0.904044	0.920103	0.900179	0.844712	0.776287	0.712743	0.683653	0.688966	0.709912	0.731784	0.747251	0.750121	0.739598	0.719761	
0.385226	0.459596	0.547841	0.63618	0.709331	0.762126	0.797353	0.808697	0.783335	0.722093	0.644325	0.576789	0.546764	0.556173	0.588305	0.62393	0.654517	0.673912	0.678862	0.676086	
0.299907	0.366914	0.452633	0.537938	0.608829	0.660462	0.690848	0.698076	0.66698	0.598569	0.513679	0.440445	0.408116	0.421218	0.461834	0.511065	0.558288	0.593573	0.617189	0.634313	
0.24301	0.307451	0.392143	0.475236	0.545564	0.592535	0.619103	0.617983	0.578736	0.502019	0.406737	0.327317	0.290183	0.304678	0.352993	0.41476	0.476361	0.527131	0.566609	0.597893	
0.215114	0.281488	0.370062	0.455662	0.527507	0.573674	0.59761	0.59041	0.543534	0.459073	0.354436	0.266405	0.221803	0.23217	0.282472	0.350471	0.420113	0.481739	0.531729	0.572937	
0.200459	0.277483	0.3785	0.47587	0.554687	0.605844	0.631687	0.619964	0.568298	0.476108	0.36371	0.267625	0.213067	0.218859	0.267505	0.337626	0.411355	0.476189	0.528847	0.568422	
0.174589	0.270426	0.393136	0.509466	0.605304	0.667877	0.703541	0.695448	0.642775	0.550788	0.435236	0.333347	0.272473	0.269832	0.314276	0.381986	0.450106	0.513073	0.558768	0.5843	
0.120223	0.241466	0.392161	0.53992	0.658549	0.743482	0.797247	0.798174	0.753748	0.664932	0.552264	0.449693	0.38168	0.37343	0.411411	0.471159	0.532408	0.58522	0.615666	0.620409	
0.0286676	0.177649	0.363941	0.547878	0.700129	0.815625	0.89496	0.915896	0.883251	0.805329	0.700419	0.597313	0.526528	0.508571	0.53608	0.585517	0.630718	0.669601	0.679975	0.654279	
-0.0992906	0.0770883	0.299114	0.525337	0.717401	0.871907	0.986633	1.03434	1.02253	0.960766	0.866046	0.766433	0.689067	0.657821	0.668818	0.696034	0.720158	0.736651	0.719634	0.664941	
-0.257366	-0.0580644	0.197832	0.468001	0.705152	0.90699	1.0638	1.14745	1.16292	1.12074	1.03915	0.940152	0.853653	0.802556	0.786594	0.785005	0.779371	0.767857	0.722383	0.637452	
-0.425104	-0.213856	0.0695134	0.376181	0.659073	0.909961	1.11172	1.23846	1.28543	1.26896	1.20205	1.10511	1.00838	0.931712	0.882179	0.842346	0.800571	0.755063	0.678658	0.568384	
-0.584058	-0.368163	-0.0707567	0.26408	0.587447	0.882317	1.12945	1.2968	1.37797	1.38696	1.33274	1.23885	1.12892	1.02509	0.939445	0.859383	0.783054	0.706394	0.603984	0.477055	
-0.708172	-0.498527	-0.197545	0.151216	0.502048	0.8319	1.11143	1.31343	1.42327	1.4522	1.41093	1.31884	1.19899	1.0731	0.953296	0.840051	0.735441	0.632093	0.513631	0.379064	
-0.794325	-0.593873	-0.298814	0.0502793	0.41722	0.764755	1.06379	1.28649	1.41271	1.45596	1.42022	1.33169	1.20749	1.06541	0.924824	0.789291	0.66768	0.551873	0.425908	0.293803	
-0.848289	-0.659077	-0.377913	-0.0379696	0.330006	0.679982	0.983242	1.20855	1.34167	1.38715	1.3549	1.27326	1.15046	1.00936	0.861087	0.720076	0.597587	0.478377	0.357342	0.234269	
-0.873386	-0.700932	-0.441184	-0.120664	0.232268	0.570786	0.859838	1.0746	1.19991	1.24009	1.21079	1.13789	1.03169	0.905546	0.770641	0.644496	0.533528	0.426982	0.318008	0.208325	
-0.866895	-0.722873	-0.495178	-0.209065	0.115439	0.425921	0.690959	0.883104	0.992441	1.02445	0.996318	0.938802	0.855809	0.758326	0.652542	0.554089	0.469176	0.38613	0.301781	0.214248	
-0.818972	-0.715074	-0.534954	-0.294184	-0.0161896	0.256084	0.488147	0.650745	0.740597	0.760142	0.734434	0.690471	0.633573	0.56949	0.500287	0.439237	0.387745	0.34186	0.294092	0.240298	
-0.731478	-0.682293	-0.560111	-0.37821	-0.158606	0.0691568	0.265366	0.40244	0.474113	0.486059	0.464142	0.430881	0.396068	0.359318	0.323155	0.29561	0.277699	0.273274	0.271815	0.263694	
-0.62947	-0.640284	-0.579904	-0.463152	-0.304359	-0.123069	0.0428391	0.162036	0.222178	0.235088	0.217345	0.192898	0.172348	0.152519	0.141245	0.137609	0.148038	0.184457	0.231011	0.272659	
-0.541877	-0.607938	-0.607816	-0.551182	-0.450069	-0.31126	-0.16861	-0.0618194	-0.003288	0.0148258	0.00568359	-0.00890854	-0.0194159	-0.0242201	-0.0178114	-0.00368444	0.0289209	0.0964305	0.182342	0.265555	
-0.489127	-0.603701	-0.651708	-0.644768	-0.59003	-0.484322	-0.362086	-0.260264	-0.201684	-0.17403	-0.171792	-0.174251	-0.169649	-0.158879	-0.134455	-0.10635	-0.0591569	0.0259272	0.132959	0.242071	
-0.484777	-0.632523	-0.71272	-0.738715	-0.7097	-0.628071	-0.518087	-0.422202	-0.362587	-0.328702	-0.31842	-0.305636	-0.285513	-0.253048	-0.210258	-0.168357	-0.110678	-0.0232073	0.087998	0.203453	
-0.520356	-0.686174	-0.786459	-0.828305	-0.810502	-0.740857	-0.638841	-0.545766	-0.48283	-0.444368	-0.424248	-0.39651	-0.357018	-0.303011	-0.244315	-0.191933	-0.134477	-0.0588598	0.0351777	0.141022	
-0.589222	-0.760576	-0.870965	-0.916768	-0.899573	-0.830287	-0.72765	-0.62861	-0.552512	-0.504472	-0.471914	-0.430614	-0.378633	-0.312084	-0.24914	-0.196988	-0.147365	-0.0949047	-0.0275411	0.0604958	
-0.671531	-0.839574	-0.950777	-0.998168	-0.977251	-0.90311	-0.794896	-0.678164	-0.580183	-0.511871	-0.461194	-0.410215	-0.351539	-0.286901	-0.232604	-0.188647	-0.156061	-0.129155	-0.091349	-0.0291501	
-0.763092	-0.919288	-1.02748	-1.07223	-1.04672	-0.965521	-0.84284	-0.70247	-0.572852	-0.474518	-0.40205	-0.340819	-0.283715	-0.233135	-0.196105	-0.171737	-0.161909	-0.160808	-0.155803	-0.12094	
-0.858547	-1.00363	-1.10185	-1.13892	-1.10658	-1.01129	-0.870381	-0.702823	-0.542716	-0.412654	-0.317	-0.246491	-0.192988	-0.159246	-0.1424	-0.142841	-0.159564	-0.187316	-0.213129	-0.208273	
-0.944246	-1.08312	-1.16848	-1.19386	-1.15026	-1.03918	-0.877913	-0.690995	-0.510406	-0.35634	-0.241936	-0.159242	-0.104458	-0.0772225	-0.0719616	-0.0928743	-0.136966	-0.194279	-0.250898	-0.282569	
-1.0003	-1.1382	-1.21072	-1.22585	-1.17267	-1.04999	-0.874778	-0.678526	-0.491221	-0.322607	-0.193561	-0.0972529	-0.0327536	-0.0019663	0.0022012	-0.0322162	-0.10044	-0.182303	-0.266441	-0.331226	
-1.01968	-1.14755	-1.20826	-1.21293	-1.15703	-1.03507	-0.856685	-0.667683	-0.483031	-0.311905	-0.17709	-0.0684802	0.00253566	0.0430684	0.0539044	0.0164102	-0.0566288	-0.14732	-0.24494	-0.332621	
-1.00198	-1.1108	-1.15603	-1.15331	-1.10681	-0.998765	-0.839139	-0.666751	-0.490546	-0.325193	-0.183105	-0.0678872	0.0106025	0.0640841	0.0815147	0.0560163	-0.00649976	-0.0918263	-0.188824	-0.295733	
-0.966451	-1.04694	-1.07431	-1.06778	-1.03303	-0.950299	-0.822801	-0.673106	-0.513874	-0.357397	-0.213477	-0.094343	-0.00339959	0.0619567	0.0939748	0.0910711	0.0508134	-0.0126572	-0.105186	-0.224557	
-0.907396	-0.961752	-0.976377	-0.970752	-0.945542	-0.891956	-0.803349	-0.685556	-0.556061	-0.418771	-0.283085	-0.157434	-0.0460812	0.042876	0.103155	0.129772	0.121817	0.0817138	-0.00611654	-0.12858	
-0.825757	-0.862279	-0.875338	-0.870977	-0.851093	-0.823646	-0.76879	-0.691964	-0.601796	-0.497582	-0.381986	-0.250557	-0.116224	0.00659376	0.103244	0.162582	0.186926	0.167861	0.0892462	-0.026773	
-0.732218	-0.761647	-0.777197	-0.773469	-0.762268	-0.750493	-0.724083	-0.685687	-0.634615	-0.568121	-0.473668	-0.344487	-0.193727	-0.0407609	0.0868432	0.175312	0.224935	0.223058	0.161664	0.0618677	
-0.64063	-0.670293	-0.686448	-0.687126	-0.686526	-0.687249	-0.681664	-0.671005	-0.650622	-0.607752	-0.531707	-0.412924	-0.260229	-0.0965099	0.0518384	0.163189	0.232156	0.251945	0.215307	0.133345	
-0.543675	-0.583084	-0.600202	-0.610786	-0.627038	-0.642386	-0.650719	-0.658604	-0.653561	-0.620629	-0.556634	-0.45007	-0.310881	-0.149691	0.00757524	0.133445	0.219499	0.262142	0.254027	0.190028	
-0.438756	-0.491087	-0.515281	-0.541927	-0.575858	-0.602743	-0.615459	-0.631392	-0.633017	-0.609225	-0.556934	-0.469469	-0.350094	-0.20044	-0.0457545	0.0887111	0.18514	0.253427	0.279194	0.240111	
-0.322629	-0.388025	-0.42967	-0.472097	-0.518561	-0.548077	-0.559546	-0.575388	-0.583436	-0.57636	-0.543298	-0.479309	-0.378688	-0.243282	-0.0951367	0.0378901	0.141309	0.23056	0.283728	0.280323	
-0.207002	-0.286457	-0.344961	-0.394509	-0.440317	-0.468883	-0.479951	-0.491748	-0.508711	-0.521735	-0.514016	-0.475834	-0.393726	-0.273006	-0.134809	-0.00607026	0.105874	0.20762	0.278199	0.303515	
-0.107646	-0.1967	-0.260829	-0.30155	-0.335187	-0.363981	-0.378549	-0.392659	-0.419283	-0.450193	-0.468719	-0.454673	-0.394695	-0.288961	-0.15884	-0.0297057	0.0953611	0.203035	0.274905	0.311451	
