0	0	0	0	0	0	0	0	0	0	0	0	0	0	0	0	0	0	0	0	
0	0.0075967	0.0125775	0.0102758	0.0017517	-0.0109078	-0.0211046	-0.026029	-0.0192021	0.00105256	0.0291087	0.0548024	0.0715687	0.0782302	0.078197	0.0765282	0.0791547	0.0859884	0.0975249	0.113655	
0	0.0125775	0.0206394	0.0197045	0.00681426	-0.00907867	-0.0235934	-0.0281469	-0.0160015	0.0190809	0.0665445	0.109905	0.139376	0.153455	0.157849	0.159569	0.16786	0.18086	0.202157	0.231754	
0	0.0102758	0.0197045	0.0198256	0.0134827	0.00249276	-0.00320095	-0.00393756	0.0131761	0.0535849	0.1082	0.158336	0.195012	0.218456	0.23411	0.247289	0.265907	0.286718	0.314097	0.354502	
0	0.0017517	0.00681426	0.0134827	0.0175117	0.0258139	0.0341858	0.0438844	0.0608862	0.0983428	0.147336	0.192961	0.229776	0.260504	0.289329	0.317358	0.350201	0.37983	0.414761	0.46138	
0	-0.0109078	-0.00907867	0.00249276	0.0258139	0.0536902	0.0825909	0.09795	0.111937	0.136829	0.171556	0.203368	0.232341	0.26389	0.301281	0.34328	0.391675	0.436757	0.482051	0.536789	
0	-0.0211046	-0.0235934	-0.00320095	0.0341858	0.0825909	0.122158	0.139858	0.14178	0.150159	0.163919	0.175751	0.187558	0.209299	0.245455	0.294928	0.360045	0.424408	0.488551	0.552545	
0	-0.026029	-0.0281469	-0.00393756	0.0438844	0.09795	0.139858	0.146982	0.1341	0.121842	0.11508	0.103554	0.0933211	0.0977347	0.125084	0.178592	0.25837	0.345983	0.42959	0.50512	
0	-0.0192021	-0.0160015	0.0131761	0.0608862	0.111937	0.14178	0.1341	0.10155	0.0715965	0.043688	0.0095406	-0.0257693	-0.0425925	-0.0282025	0.0228038	0.111835	0.213634	0.311377	0.393905	
0	0.00105256	0.0190809	0.0535849	0.0983428	0.136829	0.150159	0.121842	0.0715965	0.0225852	-0.0239642	-0.0809609	-0.139562	-0.176497	-0.177336	-0.133739	-0.0484594	0.0547609	0.154119	0.239361	
0	0.0291087	0.0665445	0.1082	0.147336	0.171556	0.163919	0.11508	0.043688	-0.0239642	-0.091068	-0.167877	-0.245496	-0.299057	-0.313839	-0.284816	-0.212945	-0.120268	-0.0254958	0.063612	
0	0.0548024	0.109905	0.158336	0.192961	0.203368	0.175751	0.103554	0.0095406	-0.0809609	-0.167877	-0.261419	-0.352925	-0.418716	-0.449484	-0.438716	-0.387122	-0.307909	-0.215871	-0.118686	
0	0.0715687	0.139376	0.195012	0.229776	0.232341	0.187558	0.0933211	-0.0257693	-0.139562	-0.245496	-0.352925	-0.45522	-0.535809	-0.585445	-0.598397	-0.567955	-0.499854	-0.407256	-0.298627	
0	0.0782302	0.153455	0.218456	0.260504	0.26389	0.209299	0.0977347	-0.0425925	-0.176497	-0.299057	-0.418716	-0.535809	-0.636346	-0.712837	-0.752729	-0.744217	-0.687131	-0.594556	-0.479541	
0	0.078197	0.157849	0.23411	0.289329	0.301281	0.245455	0.125084	-0.0282025	-0.177336	-0.313839	-0.449484	-0.585445	-0.712837	-0.817439	-0.883566	-0.894429	-0.84847	-0.759538	-0.643722	
0	0.0765282	0.159569	0.247289	0.317358	0.34328	0.294928	0.178592	0.0228038	-0.133739	-0.284816	-0.438716	-0.598397	-0.752729	-0.883566	-0.972513	-1.00313	-0.972665	-0.894889	-0.783406	
0	0.0791547	0.16786	0.265907	0.350201	0.391675	0.360045	0.25837	0.111835	-0.0484594	-0.212945	-0.387122	-0.567955	-0.744217	-0.894429	-1.00313	-1.05424	-1.04663	-0.985558	-0.887891	
0	0.0859884	0.18086	0.286718	0.37983	0.436757	0.424408	0.345983	0.213634	0.0547609	-0.120268	-0.307909	-0.499854	-0.687131	-0.84847	-0.972665	-1.04663	-1.06439	-1.03026	-0.953612	
0	0.0975249	0.202157	0.314097	0.414761	0.482051	0.488551	0.42959	0.311377	0.154119	-0.0254958	-0.215871	-0.407256	-0.594556	-0.759538	-0.894889	-0.985558	-1.03026	-1.02241	-0.977501	
0	0.113655	0.231754	0.354502	0.46138	0.536789	0.552545	0.50512	0.393905	0.239361	0.063612	-0.118686	-0.298627	-0.479541	-0.643722	-0.783406	-0.887891	-0.953612	-0.977501	-0.965028	
0	0.132247	0.269417	0.406654	0.522731	0.599079	0.614117	0.564399	0.453107	0.302646	0.1379	-0.026457	-0.189307	-0.359171	-0.517623	-0.657873	-0.768978	-0.856548	-0.9085	-0.930525	
0	0.151863	0.309982	0.464406	0.587058	0.657046	0.658641	0.594835	0.476839	0.329865	0.180457	0.0379806	-0.10335	-0.256105	-0.403185	-0.535356	-0.64919	-0.749549	-0.823745	-0.869608	
0	0.173931	0.354227	0.524614	0.648723	0.705266	0.685109	0.600953	0.470826	0.324144	0.186968	0.0648649	-0.0530127	-0.184268	-0.313165	-0.432883	-0.541364	-0.644925	-0.726375	-0.785159	
0	0.201797	0.407041	0.589562	0.711637	0.75044	0.709625	0.604312	0.459524	0.306304	0.172387	0.0649693	-0.0328475	-0.140521	-0.250229	-0.353731	-0.450355	-0.545059	-0.622067	-0.685054	
0	0.233425	0.461216	0.652162	0.765725	0.789567	0.731869	0.610886	0.450711	0.284852	0.147895	0.0481265	-0.0313607	-0.116055	-0.203948	-0.285269	-0.362057	-0.438883	-0.507606	-0.574488	
0	0.267005	0.51812	0.714729	0.822838	0.836552	0.770745	0.639341	0.463361	0.282126	0.133939	0.0349496	-0.0350298	-0.100991	-0.165283	-0.219525	-0.268963	-0.325839	-0.387145	-0.456435	
0	0.297667	0.569715	0.774817	0.88231	0.893884	0.82565	0.686057	0.496588	0.297595	0.135691	0.0274961	-0.0422386	-0.0946002	-0.134856	-0.15688	-0.179017	-0.21816	-0.274049	-0.342566	
0	0.318063	0.605783	0.821374	0.933452	0.948143	0.876535	0.729757	0.525422	0.311678	0.131761	0.00740627	-0.0710237	-0.115551	-0.131619	-0.124546	-0.122823	-0.147449	-0.196012	-0.254571	
0	0.324132	0.619346	0.843257	0.962588	0.978289	0.901138	0.74171	0.524419	0.295289	0.0984593	-0.0458797	-0.135473	-0.174213	-0.169326	-0.137749	-0.115079	-0.122359	-0.153325	-0.195297	
0	0.323783	0.622173	0.854592	0.98139	0.999304	0.913771	0.742316	0.511066	0.269393	0.0559208	-0.106	-0.207779	-0.245973	-0.230776	-0.185363	-0.1464	-0.13168	-0.140583	-0.163235	
0	0.327712	0.63127	0.873084	1.00819	1.03094	0.9405	0.759922	0.517946	0.265436	0.0410745	-0.135146	-0.248059	-0.296752	-0.285263	-0.240354	-0.190097	-0.157129	-0.146439	-0.159102	
0	0.339661	0.652793	0.900017	1.04354	1.0697	0.980304	0.793156	0.544562	0.28559	0.0555726	-0.127965	-0.254638	-0.320551	-0.325261	-0.287666	-0.233182	-0.188434	-0.169231	-0.178363	
0	0.357732	0.678512	0.928679	1.07064	1.10029	1.00844	0.819108	0.565682	0.304882	0.0740756	-0.116275	-0.257229	-0.346014	-0.368898	-0.342469	-0.289312	-0.243758	-0.222058	-0.230928	
0	0.374902	0.703454	0.947476	1.08482	1.10599	1.01084	0.815389	0.561672	0.301053	0.0687755	-0.130026	-0.288142	-0.396636	-0.435087	-0.419359	-0.374284	-0.334656	-0.313309	-0.315651	
0	0.387304	0.718564	0.956886	1.0815	1.09031	0.983164	0.783362	0.531239	0.273134	0.0369138	-0.173352	-0.346553	-0.468265	-0.518317	-0.51443	-0.484362	-0.455849	-0.434508	-0.427348	
0	0.394642	0.730281	0.96551	1.08125	1.07414	0.954361	0.750089	0.501566	0.245012	0.000832837	-0.221329	-0.405837	-0.535574	-0.596142	-0.607801	-0.595504	-0.579651	-0.558198	-0.540715	
0	0.397015	0.737089	0.975474	1.08698	1.068	0.937333	0.729597	0.483792	0.225212	-0.0265761	-0.257356	-0.44676	-0.582081	-0.655563	-0.683248	-0.688173	-0.682401	-0.663324	-0.637268	
0	0.393799	0.736977	0.980709	1.09356	1.06859	0.930825	0.718863	0.4686	0.204798	-0.0547256	-0.286453	-0.47808	-0.618909	-0.706914	-0.747476	-0.76144	-0.760917	-0.74256	-0.708428	
0	0.384321	0.72384	0.972103	1.08616	1.06251	0.919583	0.700419	0.43822	0.163837	-0.0983295	-0.328087	-0.518017	-0.666661	-0.765647	-0.811633	-0.824439	-0.821264	-0.798917	-0.755979	
0	0.367758	0.69842	0.942746	1.06008	1.0374	0.893731	0.662425	0.3838	0.0975338	-0.165727	-0.390116	-0.578821	-0.731677	-0.83475	-0.876462	-0.878872	-0.863386	-0.832536	-0.77647	
0	0.347326	0.661205	0.899578	1.01328	0.995625	0.848354	0.608186	0.312108	0.0163307	-0.247851	-0.468422	-0.654472	-0.805763	-0.903513	-0.934857	-0.919761	-0.887521	-0.840229	-0.773293	
0	0.323683	0.619747	0.845409	0.955317	0.935956	0.78922	0.541561	0.237185	-0.0667431	-0.331394	-0.551709	-0.730545	-0.872529	-0.955491	-0.972367	-0.937804	-0.883747	-0.818977	-0.739809	
0	0.296893	0.570625	0.780478	0.879135	0.855254	0.707933	0.462664	0.158572	-0.145558	-0.411166	-0.627846	-0.794536	-0.916622	-0.979082	-0.979282	-0.926294	-0.851596	-0.770325	-0.680354	
0	0.26903	0.519351	0.709246	0.793792	0.761483	0.617287	0.381452	0.0881156	-0.210075	-0.472146	-0.680692	-0.829213	-0.926242	-0.964509	-0.94841	-0.878053	-0.787534	-0.689099	-0.591446	
0	0.240273	0.463668	0.630428	0.69795	0.659096	0.522215	0.302758	0.0291798	-0.254449	-0.501849	-0.69473	-0.820439	-0.892184	-0.908762	-0.877501	-0.798674	-0.697004	-0.589704	-0.484507	
0	0.210261	0.404143	0.543127	0.595965	0.554684	0.430578	0.231729	-0.0178841	-0.274814	-0.497757	-0.664921	-0.769922	-0.821235	-0.82199	-0.782629	-0.701589	-0.599087	-0.48717	-0.378614	
0	0.178819	0.338335	0.449278	0.489215	0.453709	0.345361	0.16792	-0.0539603	-0.276295	-0.463425	-0.601024	-0.689205	-0.727565	-0.722375	-0.680076	-0.604773	-0.5068	-0.393925	-0.284476	
0	0.146958	0.272345	0.358238	0.392472	0.370454	0.280653	0.12532	-0.0672186	-0.250402	-0.398043	-0.510471	-0.588239	-0.628222	-0.627626	-0.594343	-0.532101	-0.443371	-0.33551	-0.222796	
0	0.112396	0.205056	0.269654	0.305017	0.298832	0.229218	0.0959493	-0.0662562	-0.209736	-0.323714	-0.41531	-0.492384	-0.540797	-0.556656	-0.540215	-0.495578	-0.420435	-0.319967	-0.20371	
0	0.0748646	0.135382	0.184867	0.221244	0.230228	0.17679	0.0659201	-0.0675976	-0.179213	-0.26858	-0.349208	-0.426643	-0.487123	-0.520194	-0.52264	-0.49165	-0.428749	-0.330889	-0.209881	
