9.50946e-07	1.93896e-07	3.71517e-08	6.70498e-09	1.14223e-09	1.84037e-10	2.80959e-11	4.07103e-12	5.60752e-13	7.35328e-14	9.19244e-15	1.09693e-15	1.25098e-16	1.36502e-17	1.42663e-18	1.42957e-19	1.3748e-20	1.27001e-21	1.12788e-22	9.57584e-24	0	
4.14002e-07	8.17824e-08	1.52004e-08	2.66412e-09	4.41208e-10	6.91746e-11	1.02854e-11	1.45271e-12	1.95196e-13	2.49872e-14	3.05134e-15	3.55903e-16	3.96962e-17	4.23858e-18	4.33709e-19	4.25705e-20	4.01197e-21	3.63351e-22	3.16494e-23	2.63712e-24	0	
1.70064e-07	3.25436e-08	5.86679e-09	9.98475e-10	1.6074e-10	2.45212e-11	3.55077e-12	4.88814e-13	6.40671e-14	8.00553e-15	9.54912e-16	1.08862e-16	1.18746e-17	1.24066e-18	1.24285e-19	1.1949e-20	1.10352e-21	9.79802e-23	8.37039e-24	6.84459e-25	0	
6.58605e-08	1.22094e-08	2.13494e-09	3.52841e-10	5.52174e-11	8.19646e-12	1.15592e-12	1.55105e-13	1.98302e-14	2.41883e-15	2.81832e-16	3.1404e-17	3.35015e-18	3.42512e-19	3.35924e-20	3.16347e-21	2.863e-22	2.49218e-23	2.08817e-24	1.67575e-25	0	
2.40322e-08	4.31678e-09	7.32296e-10	1.17545e-10	1.78845e-11	2.58355e-12	3.54888e-13	4.64214e-14	5.79005e-15	6.89488e-16	7.84814e-17	8.54841e-18	8.91948e-19	8.92405e-20	8.56963e-21	7.90548e-22	7.0118e-23	5.98435e-24	4.91826e-25	3.87367e-26	0	
8.26025e-09	1.4381e-09	2.36741e-10	3.69171e-11	5.46235e-12	7.68082e-13	1.02789e-13	1.31095e-14	1.59547e-15	1.85513e-16	2.06318e-17	2.19707e-18	2.24252e-19	2.19598e-20	2.06499e-21	1.86629e-22	1.62246e-23	1.35781e-24	1.09468e-25	8.46257e-27	0	
2.67424e-09	4.51446e-10	7.21453e-11	1.09332e-11	1.57368e-12	2.15457e-13	2.80983e-14	3.49498e-15	4.15134e-16	4.71423e-17	5.12376e-18	5.33543e-19	5.32817e-20	5.10759e-21	4.704e-22	4.16576e-23	3.55013e-24	2.91372e-25	2.30466e-26	1.74897e-27	0	
8.15624e-10	1.33572e-10	2.07315e-11	3.05447e-12	4.27845e-13	5.70552e-14	7.25336e-15	8.80156e-16	1.02063e-16	1.13225e-17	1.20294e-18	1.22518e-19	1.19735e-20	1.12381e-21	1.01389e-22	8.79964e-24	7.35273e-25	5.9192e-26	4.59413e-27	3.42293e-28	0	
2.34434e-10	3.72652e-11	5.62017e-12	8.05416e-13	1.09834e-13	1.4272e-14	1.76934e-15	2.09524e-16	2.37271e-17	2.57219e-18	2.67206e-19	2.66251e-20	2.54703e-21	2.34124e-22	2.0696e-23	1.76074e-24	1.44278e-25	1.13948e-26	8.67975e-28	6.35028e-29	0	
6.35361e-11	9.80886e-12	1.43824e-12	2.00578e-13	2.66419e-14	3.37471e-15	4.08149e-16	4.71853e-17	5.21999e-18	5.5316e-19	5.62045e-20	5.48063e-21	5.13345e-22	4.62243e-23	4.00459e-24	3.34044e-25	2.68485e-26	2.08071e-27	1.5558e-28	1.11791e-29	0	
1.62472e-11	2.43758e-12	3.47683e-13	4.72112e-14	6.11092e-15	7.54913e-16	8.91079e-17	1.00609e-17	1.08771e-18	1.12711e-19	1.12047e-20	1.06956e-21	9.81174e-23	8.6571e-24	7.35221e-25	6.01455e-26	4.74278e-27	3.60745e-28	2.64836e-29	1.86931e-30	0	
3.92309e-12	5.72359e-13	7.94619e-14	1.05115e-14	1.32654e-15	1.59894e-16	1.8428e-17	2.03287e-18	2.14862e-19	2.1779e-20	2.11902e-21	1.98071e-22	1.78013e-23	1.53944e-24	1.28198e-25	1.02877e-26	7.96091e-28	5.94436e-29	4.28556e-30	2.97199e-31	0	
8.95243e-13	1.27092e-13	1.71843e-14	2.21575e-15	2.72768e-16	3.20945e-17	3.6132e-18	3.89595e-19	4.02724e-20	3.99456e-21	3.80517e-22	3.48402e-23	3.06854e-24	2.60169e-25	2.12503e-26	1.67325e-27	1.27095e-28	9.31851e-30	6.59889e-31	4.49713e-32	0	
1.93247e-13	2.6712e-14	3.51967e-15	4.426e-16	5.31766e-17	6.1107e-18	6.72298e-19	7.08845e-20	7.16899e-21	6.96084e-22	6.49418e-23	5.82631e-24	5.03037e-25	4.18274e-26	3.35182e-27	2.59029e-28	1.93173e-29	1.39105e-30	9.67802e-32	6.48284e-33	0	
3.9497e-14	5.31922e-15	6.83406e-16	8.3858e-17	9.83809e-18	1.10464e-18	1.18821e-19	1.22555e-20	1.21316e-21	1.15351e-22	1.05437e-23	9.27185e-25	7.84984e-26	6.40303e-27	5.0354e-28	3.82024e-29	2.79787e-30	1.97926e-31	1.35321e-32	8.91145e-34	0	
7.65105e-15	1.00454e-15	1.25916e-16	1.50847e-17	1.72893e-18	1.8977e-19	1.9966e-20	2.01538e-21	1.95342e-22	1.81952e-23	1.62999e-24	1.4054e-25	1.16713e-26	9.34182e-28	7.21157e-29	5.37264e-30	3.86518e-31	2.68677e-32	1.80554e-33	1.16919e-34	0	
1.40612e-15	1.8009e-16	2.20361e-17	2.57875e-18	2.88892e-19	3.10117e-20	3.19278e-21	3.15527e-22	2.99564e-23	2.73443e-24	2.40159e-25	2.03094e-26	1.65488e-27	1.30016e-28	9.85512e-30	7.21164e-31	5.09764e-32	3.48269e-33	2.30093e-34	1.46545e-35	0	
2.45416e-16	3.06796e-17	3.66661e-18	4.19351e-19	4.59409e-20	4.8253e-21	4.86327e-22	4.7073e-23	4.37926e-24	3.91873e-25	3.3754e-26	2.80056e-27	2.23974e-28	1.72768e-29	1.28622e-30	9.24727e-32	6.42404e-33	4.31461e-34	2.80311e-35	1.75624e-36	0	
4.07197e-17	4.97137e-18	5.80617e-19	6.49319e-20	6.95949e-21	7.15529e-22	7.0627e-23	6.69819e-24	6.10832e-25	5.36024e-26	4.52955e-27	3.68832e-28	2.89595e-29	2.1939e-30	1.60461e-31	1.13371e-32	7.74215e-34	5.11306e-35	3.26727e-36	2.01416e-37	0	
6.42923e-18	7.66999e-19	8.7585e-20	9.58213e-21	1.00525e-21	1.01212e-22	9.7879e-24	9.09877e-25	8.13649e-26	7.00428e-27	5.80849e-28	4.64326e-29	3.58032e-30	2.66456e-31	1.9151e-32	1.33005e-33	8.93085e-35	5.80093e-36	3.64669e-37	2.21239e-38	0	
9.66928e-19	1.12778e-19	1.25978e-20	1.34894e-21	1.38575e-22	1.36688e-23	1.2956e-24	1.18094e-25	1.03591e-26	8.75099e-28	7.12394e-29	5.59236e-30	4.23595e-31	3.09776e-32	2.18846e-33	1.49439e-34	9.8686e-36	6.30582e-37	3.90062e-38	2.32935e-39	0	
1.38653e-19	1.58187e-20	1.72936e-21	1.81318e-22	1.82474e-23	1.76403e-24	1.63942e-25	1.46578e-26	1.26168e-27	1.04623e-28	8.36348e-30	6.44913e-31	4.79991e-32	3.45015e-33	2.3964e-34	1.6093e-35	1.04543e-36	6.57287e-38	4.00155e-39	2.35262e-40	0	
1.89748e-20	2.11856e-21	2.26775e-22	2.32916e-23	2.29721e-24	2.17737e-25	1.9848e-26	1.74127e-27	1.47121e-28	1.19793e-29	9.40618e-31	7.12669e-32	5.21329e-33	3.68412e-34	2.51648e-35	1.66234e-36	1.06253e-37	6.5746e-39	3.94012e-40	2.28108e-41	0	
2.48047e-21	2.7116e-22	2.84323e-23	2.86181e-24	2.76728e-25	2.5726e-26	2.30097e-27	1.9814e-28	1.64379e-29	1.31465e-30	1.01424e-31	7.55254e-33	5.43152e-34	3.77457e-35	2.5361e-36	1.64833e-37	1.03686e-38	6.31545e-40	3.72648e-41	2.12479e-42	0	
3.10023e-22	3.31975e-23	3.41118e-24	3.36615e-25	3.19242e-26	2.91193e-27	2.55635e-28	2.16139e-29	1.76118e-30	1.3839e-31	1.0493e-32	7.68148e-34	5.43233e-35	3.71331e-36	2.4547e-37	1.57008e-38	9.72171e-40	5.83004e-41	3.38769e-42	1.90276e-43	0	
3.70795e-23	3.8909e-24	3.91958e-25	3.79343e-26	3.5298e-27	3.1601e-28	2.72384e-29	2.26194e-30	1.81082e-31	1.39841e-32	1.04234e-33	7.50343e-35	5.21939e-36	3.51014e-37	2.28348e-38	1.43766e-39	8.76423e-41	5.17572e-42	2.96225e-43	1.63925e-44	0	
4.2474e-24	4.36939e-25	4.31685e-26	4.09906e-27	3.74355e-28	3.29054e-29	2.78565e-30	2.2727e-31	1.78807e-32	1.35742e-33	9.9492e-35	7.04445e-36	4.8209e-37	3.19051e-38	2.04297e-39	1.26634e-40	7.60197e-42	4.42175e-43	2.49312e-44	1.35951e-45	0	
4.66354e-25	4.70507e-26	4.56069e-27	4.25033e-28	3.81109e-29	3.29007e-30	2.73636e-31	2.19396e-32	1.69683e-33	1.26665e-34	9.13129e-36	6.3607e-37	4.28357e-38	2.79035e-39	1.75906e-40	1.0737e-41	6.3484e-43	3.63767e-44	2.02091e-45	1.08611e-46	0	
4.91201e-26	4.8621e-27	4.62551e-28	4.23228e-29	3.72707e-30	3.16101e-31	2.58362e-32	2.03632e-33	1.54859e-34	1.13698e-35	8.06372e-37	5.52741e-38	3.66386e-39	2.34967e-40	1.4586e-41	8.7687e-43	5.10743e-44	2.88357e-45	1.57872e-46	8.36355e-48	0	
4.96691e-27	4.82527e-28	4.50689e-29	4.04999e-30	3.50386e-31	2.92036e-32	2.34636e-33	1.8184e-34	1.3601e-35	9.82402e-37	6.85617e-38	4.62572e-39	3.01859e-40	1.90623e-41	1.16546e-42	6.90203e-44	3.96103e-45	2.20384e-46	1.18926e-47	6.21141e-49	0	
4.82527e-28	4.6023e-29	4.22174e-30	3.72706e-31	3.16874e-32	2.59614e-33	2.05098e-34	1.5633e-35	1.15033e-36	8.17611e-38	5.61624e-39	3.73033e-40	2.39702e-41	1.49084e-42	8.97902e-44	5.23923e-45	2.96305e-46	1.62491e-47	8.64403e-49	4.45169e-50	0	
4.50689e-29	4.22174e-30	3.80456e-31	3.3007e-32	2.75852e-33	2.22224e-34	1.72666e-35	1.29475e-36	9.37492e-38	6.55833e-39	4.43499e-40	2.90061e-41	1.83569e-42	1.12468e-43	6.67396e-45	3.83759e-46	2.13916e-47	1.15644e-48	6.06555e-50	3.08062e-51	0	
4.04999e-30	3.72706e-31	3.3007e-32	2.81486e-33	2.31312e-34	1.83272e-35	1.4009e-36	1.03367e-37	7.36659e-39	5.0733e-40	3.37817e-41	2.17601e-42	1.35656e-43	8.18881e-45	4.78859e-46	2.7139e-47	1.49129e-48	7.94875e-50	4.11126e-51	2.05951e-52	0	
3.50386e-31	3.16874e-32	2.75852e-33	2.31312e-34	1.86949e-35	1.45718e-36	1.09603e-37	7.95971e-39	5.58439e-40	3.78695e-41	2.48348e-42	1.57581e-43	9.67904e-45	5.75765e-46	3.31849e-47	1.85399e-48	1.00446e-49	5.2795e-51	2.69315e-52	1.33086e-53	0	
2.92036e-32	2.59614e-33	2.22224e-34	1.83272e-35	1.45718e-36	1.11763e-37	8.27384e-39	5.9153e-40	4.08643e-41	2.7292e-42	1.76307e-43	1.10221e-44	6.67143e-46	3.91145e-47	2.22235e-48	1.22414e-49	6.54001e-51	3.39021e-52	1.70588e-53	8.31689e-55	0	
2.34636e-33	2.05098e-34	1.72666e-35	1.4009e-36	1.09603e-37	8.27384e-39	6.02988e-40	4.24489e-41	2.88809e-42	1.90005e-43	1.20933e-44	7.45016e-46	4.44452e-47	2.56875e-48	1.43895e-49	7.81604e-51	4.11831e-52	2.10581e-53	1.04533e-54	5.02882e-56	0	
1.8184e-34	1.5633e-35	1.29475e-36	1.03367e-37	7.95971e-39	5.9153e-40	4.24489e-41	2.94307e-42	1.97245e-43	1.27852e-44	8.01889e-46	4.86895e-47	2.86333e-48	1.63161e-49	9.01283e-51	4.8282e-52	2.50939e-53	1.26584e-54	6.19994e-56	2.94343e-57	0	
1.3601e-35	1.15033e-36	9.37492e-38	7.36659e-39	5.58439e-40	4.08643e-41	2.88809e-42	1.97245e-43	1.30244e-44	8.31924e-46	5.14272e-47	3.07815e-48	1.78474e-49	1.00285e-50	5.46341e-52	2.88693e-53	1.48023e-54	7.36737e-56	3.56081e-57	1.66849e-58	0	
9.82402e-37	8.17611e-38	6.55833e-39	5.0733e-40	3.78695e-41	2.7292e-42	1.90005e-43	1.27852e-44	8.31924e-46	5.23733e-47	3.1915e-48	1.88339e-49	1.07681e-50	5.96739e-52	3.20671e-53	1.67163e-54	8.45675e-56	4.1535e-57	1.98123e-58	9.16371e-60	0	
6.85617e-38	5.61624e-39	4.43499e-40	3.37817e-41	2.48348e-42	1.76307e-43	1.20933e-44	8.01889e-46	5.14272e-47	3.1915e-48	1.91746e-49	1.1158e-50	6.29171e-52	3.43922e-53	1.82324e-54	9.37766e-56	4.68149e-57	2.26923e-58	1.06841e-59	4.87847e-61	0	
4.62572e-39	3.73033e-40	2.90061e-41	2.17601e-42	1.57581e-43	1.10221e-44	7.45016e-46	4.86895e-47	3.07815e-48	1.88339e-49	1.1158e-50	6.40366e-52	3.5617e-53	1.92069e-54	1.00464e-55	5.099e-57	2.51222e-58	1.20195e-59	5.58644e-61	2.51851e-62	0	
3.01859e-40	2.39702e-41	1.83569e-42	1.35656e-43	9.67904e-45	6.67143e-46	4.44452e-47	2.86333e-48	1.78474e-49	1.07681e-50	6.29171e-52	3.5617e-53	1.95431e-54	1.03983e-55	5.36708e-57	2.68842e-58	1.30739e-59	6.17481e-61	2.83342e-62	1.26133e-63	0	
1.90623e-41	1.49084e-42	1.12468e-43	8.18881e-45	5.75765e-46	3.91145e-47	2.56875e-48	1.63161e-49	1.00285e-50	5.96739e-52	3.43922e-53	1.92069e-54	1.03983e-55	5.45953e-57	2.78108e-58	1.37502e-59	6.6009e-61	3.07795e-62	1.39455e-63	6.13066e-65	0	
1.16546e-42	8.97902e-44	6.67396e-45	4.78859e-46	3.31849e-47	2.22235e-48	1.43895e-49	9.01283e-51	5.46341e-52	3.20671e-53	1.82324e-54	1.00464e-55	5.36708e-57	2.78108e-58	1.39832e-59	6.82479e-61	3.23462e-62	1.48925e-63	6.66312e-65	2.893e-66	0	
6.90203e-44	5.23923e-45	3.83759e-46	2.7139e-47	1.85399e-48	1.22414e-49	7.81604e-51	4.8282e-52	2.88693e-53	1.67163e-54	9.37766e-56	5.099e-57	2.68842e-58	1.37502e-59	6.82479e-61	3.28859e-62	1.53897e-63	6.99698e-65	3.09172e-66	1.32591e-67	0	
3.96103e-45	2.96305e-46	2.13916e-47	1.49129e-48	1.00446e-49	6.54001e-51	4.11831e-52	2.50939e-53	1.48023e-54	8.45675e-56	4.68149e-57	2.51222e-58	1.30739e-59	6.6009e-61	3.23462e-62	1.53897e-63	7.11191e-65	3.19335e-66	1.39367e-67	5.90418e-69	0	
2.20384e-46	1.62491e-47	1.15644e-48	7.94875e-50	5.2795e-51	3.39021e-52	2.10581e-53	1.26584e-54	7.36737e-56	4.1535e-57	2.26923e-58	1.20195e-59	6.17481e-61	3.07795e-62	1.48925e-63	6.99698e-65	3.19335e-66	1.41622e-67	6.10537e-69	2.55528e-70	0	
1.18926e-47	8.64403e-49	6.06555e-50	4.11126e-51	2.69315e-52	1.70588e-53	1.04533e-54	6.19994e-56	3.56081e-57	1.98123e-58	1.06841e-59	5.58644e-61	2.83342e-62	1.39455e-63	6.66312e-65	3.09172e-66	1.39367e-67	6.10537e-69	2.60018e-70	1.07521e-71	0	
6.21141e-49	4.45169e-50	3.08062e-51	2.05951e-52	1.33086e-53	8.31689e-55	5.02882e-56	2.94343e-57	1.66849e-58	9.16371e-60	4.87847e-61	2.51851e-62	1.26133e-63	6.13066e-65	2.893e-66	1.32591e-67	5.90418e-69	2.55528e-70	1.07521e-71	4.39346e-73	0	
0	0	0	0	0	0	0	0	0	0	0	0	0	0	0	0	0	0	0	0	0	
