0	0	0	0	0	0	0	0	0	0	0	0	0	0	0	0	0	0	0	0	
0	0.00131722	0.00135536	0.00184146	0.00180684	-0.00197496	0.000290765	-0.00160542	-0.00406758	0.00226793	0.00155214	-0.00296428	-0.000868378	-0.000170882	-0.000449606	0.00295722	0.000908394	-0.00242242	0.00176197	0.00205163	
0	0.00135536	-0.00587288	-0.000308833	-0.000717456	-0.00240832	0.00436989	6.25581e-05	0.00314661	-0.000578847	-0.00288778	0.00111324	0.00319647	-1.35223e-05	-0.00317757	-0.00265672	5.20196e-05	-0.00283891	0.00019627	-0.00157263	
0	0.00184146	-0.000308833	0.000809148	0.00218742	-0.00356415	0.00158478	-0.00219902	-0.00302073	0.00327313	-0.000707983	-0.00256143	-0.000202592	-0.00048717	-0.00111481	0.00277692	0.00286605	-0.00497508	0.000738191	0.00283108	
0	0.00180684	-0.000717456	0.00218742	0.00216309	-0.00304889	0.00224834	-0.00171913	-0.00417567	0.000378131	-0.000136358	-0.000785054	0.000736731	-0.00209454	-0.00143595	0.000203994	-0.00224034	-0.00162231	0.00172668	0.000803324	
0	-0.00197496	-0.00240832	-0.00356415	-0.00304889	7.00374e-05	0.00129633	0.0012277	0.00545636	0.00151733	-0.00347109	-0.00102227	0.000297485	2.69493e-06	-0.00159221	-0.00252363	-0.000278604	-0.00289577	-0.00357441	-0.0019893	
0	0.000290765	0.00436989	0.00158478	0.00224834	0.00129633	-0.00382238	-0.00301674	-0.00516002	-0.00397405	0.000683887	0.00158593	-0.00180896	-0.00102216	0.000351208	0.000363772	-0.000326	0.0014529	-0.000823553	0.00177187	
0	-0.00160542	6.25581e-05	-0.00219902	-0.00171913	0.0012277	-0.00301674	0.00474014	0.0012793	-0.00167864	0.0028611	-0.00282312	-0.00350614	-0.00163746	-0.00118931	-0.00231313	-0.00527549	0.000754586	-0.00523747	-0.00296764	
0	-0.00406758	0.00314661	-0.00302073	-0.00417567	0.00545636	-0.00516002	0.0012793	0.00213626	-0.00339649	0.000717379	-0.00326757	-0.00194516	0.00438571	-0.00233186	-0.00371242	-4.83748e-05	0.000688372	-0.00452149	-0.0046655	
0	0.00226793	-0.000578847	0.00327313	0.000378131	0.00151733	-0.00397405	-0.00167864	-0.00339649	-0.00688345	0.00204739	0.000746305	-0.00021787	-0.00246466	-0.00138562	-0.00170267	0.000157099	-0.00122734	-0.000762909	-0.00241489	
0	0.00155214	-0.00288778	-0.000707983	-0.000136358	-0.00347109	0.000683887	0.0028611	0.000717379	0.00204739	0.00195369	-0.00542856	-0.00460298	-0.00379149	-0.00123991	-0.00390231	-0.00205983	-0.00292997	-0.00740087	-0.00332356	
0	-0.00296428	0.00111324	-0.00256143	-0.000785054	-0.00102227	0.00158593	-0.00282312	-0.00326757	0.000746305	-0.00542856	-0.00245949	0.00320794	0.00160604	-0.000143107	-0.00211366	-0.00410243	-0.000481524	-0.00170299	-2.40626e-05	
0	-0.000868378	0.00319647	-0.000202592	0.000736731	0.000297485	-0.00180896	-0.00350614	-0.00194516	-0.00021787	-0.00460298	0.00320794	0.000504325	-0.00867967	-0.00391552	-0.000244695	-0.00236673	-0.00189429	-0.00274525	-0.00435993	
0	-0.000170882	-1.35223e-05	-0.00048717	-0.00209454	2.69493e-06	-0.00102216	-0.00163746	0.00438571	-0.00246466	-0.00379149	0.00160604	-0.00867967	-0.00448047	0.00241286	-0.00261126	-0.00596871	-0.00354963	-0.00221104	-0.00521969	
0	-0.000449606	-0.00317757	-0.00111481	-0.00143595	-0.00159221	0.000351208	-0.00118931	-0.00233186	-0.00138562	-0.00123991	-0.000143107	-0.00391552	0.00241286	0.000655696	-0.00535928	-0.00484316	-0.00365266	0.000502321	-0.00690501	
0	0.00295722	-0.00265672	0.00277692	0.000203994	-0.00252363	0.000363772	-0.00231313	-0.00371242	-0.00170267	-0.00390231	-0.00211366	-0.000244695	-0.00261126	-0.00535928	-0.00659281	8.728e-05	0.000163064	-0.00346566	-0.00890349	
0	0.000908394	5.20196e-05	0.00286605	-0.00224034	-0.000278604	-0.000326	-0.00527549	-4.83748e-05	0.000157099	-0.00205983	-0.00410243	-0.00236673	-0.00596871	-0.00484316	8.728e-05	-0.00111519	-0.00836428	-0.00594358	-0.00408944	
0	-0.00242242	-0.00283891	-0.00497508	-0.00162231	-0.00289577	0.0014529	0.000754586	0.000688372	-0.00122734	-0.00292997	-0.000481524	-0.00189429	-0.00354963	-0.00365266	0.000163064	-0.00836428	-0.00905447	-0.00211371	-0.0030129	
0	0.00176197	0.00019627	0.000738191	0.00172668	-0.00357441	-0.000823553	-0.00523747	-0.00452149	-0.000762909	-0.00740087	-0.00170299	-0.00274525	-0.00221104	0.000502321	-0.00346566	-0.00594358	-0.00211371	0.00221212	-0.00622531	
0	0.00205163	-0.00157263	0.00283108	0.000803324	-0.0019893	0.00177187	-0.00296764	-0.0046655	-0.00241489	-0.00332356	-2.40626e-05	-0.00435993	-0.00521969	-0.00690501	-0.00890349	-0.00408944	-0.0030129	-0.00622531	-0.00926348	
0	0.000497324	-0.00438157	-0.00117755	-0.00452216	-0.0033543	-0.00117162	-0.00171695	0.00357764	0.00188437	-0.000900969	-0.00471375	-0.00497273	-0.00442517	-0.00626388	-0.00221822	-0.000395949	-0.00972578	-0.00907024	-0.00736312	
0	-0.00189265	-0.00213649	-0.00263874	-0.00157894	-0.0017672	4.42174e-05	-0.00272226	-0.00529764	-0.00552384	-0.00479452	-0.00429656	-0.00144539	0.000665998	-0.00210598	0.00101409	-0.00667273	-0.00997875	-0.00200608	-0.00337115	
0	0.00379015	0.00256966	0.00422925	0.00419478	-0.00176385	-0.00129587	-0.00440416	-0.00535396	-0.00367401	-0.006424	-0.00423292	-0.00245813	-0.00691684	-0.00875182	-0.00838452	-0.00982058	-0.00568426	-0.00164454	-0.00502575	
0	-0.00156807	-0.00280091	-0.00358889	-0.00355848	-0.00410945	-0.00114001	-0.00169827	-0.000731199	0.00205482	0.000939103	-0.000526566	-0.00581211	-0.00699469	-0.00758736	-0.00658869	-0.00414562	-0.00428435	-0.00868957	-0.0132113	
0	-0.000865524	-0.00513234	-0.00352629	-0.00356843	-0.00404798	-0.000873129	-0.000661774	-0.000870747	-0.00307303	-0.00548638	-0.00790439	-0.00542724	-0.00251969	-0.00271683	-5.90858e-05	-0.00246951	-0.0103382	-0.0113001	-0.00727192	
0	0.00161936	0.00295748	0.00298666	0.00304077	0.000280902	-0.00174595	-0.00571086	-0.0088774	-0.00831673	-0.00687911	-0.00571361	-0.00286589	-0.0017535	-0.00686621	-0.00762481	-0.0100384	-0.0106736	-0.00507685	-0.00356851	
0	0.000675482	-0.00101702	-0.000376668	-0.0011791	-0.00367263	-0.0021285	-0.00253269	-0.00209602	-0.000545706	-0.00113705	-0.00348683	-0.00433593	-0.00896869	-0.0123172	-0.0089145	-0.00969456	-0.00943761	-0.00690215	-0.00865921	
0	-0.00163586	-0.00342284	-0.00488415	-0.00384753	-0.00457877	-0.00284295	-0.00173774	-0.00185461	-0.00151601	-0.00283896	-0.00505356	-0.00632869	-0.00629096	-0.00686632	-0.00546111	-0.00520112	-0.00608886	-0.00923354	-0.0126449	
0	-0.00105599	-0.00233073	-0.00210021	-0.00225056	-0.00282008	-0.00177306	-0.00295589	-0.00451549	-0.00532841	-0.0059704	-0.00835755	-0.00672031	-0.00507085	-0.00597217	-0.00375861	-0.0062585	-0.0110912	-0.0121037	-0.0112003	
0	0.00186257	0.00159392	0.00168717	0.00225288	-0.00115292	-0.00254159	-0.00441882	-0.00750192	-0.00853907	-0.00839921	-0.00832601	-0.00576328	-0.00516511	-0.0084441	-0.0089462	-0.0107071	-0.0126632	-0.0123961	-0.00942627	
0	-7.34659e-05	0.00026028	-9.41572e-05	-0.00126334	-0.00278031	-0.00315538	-0.00479676	-0.005211	-0.00334573	-0.00222412	-0.00462362	-0.00521254	-0.00759586	-0.0124008	-0.011967	-0.0143112	-0.0158568	-0.0115481	-0.00953274	
0	-0.00135669	-0.00527516	-0.0062167	-0.00557262	-0.00715186	-0.00447356	-0.00194921	-0.0010687	-0.0010064	-0.00219765	-0.00488252	-0.00628749	-0.00938299	-0.0125659	-0.0109181	-0.00946305	-0.00792996	-0.00854827	-0.0114223	
0	-0.0029023	-0.00363626	-0.00471835	-0.0046909	-0.00407938	-0.00305947	-0.00422643	-0.00587375	-0.0061376	-0.00727183	-0.0111945	-0.011315	-0.0090179	-0.00827332	-0.00345205	-0.00368861	-0.00852442	-0.0121523	-0.017659	
0	0.00402264	0.00338096	0.00532979	0.00535129	0.000717885	-0.00124828	-0.00526248	-0.00968436	-0.0135702	-0.0155473	-0.0148486	-0.0102323	-0.00812875	-0.00896188	-0.00925551	-0.0139655	-0.019677	-0.0220559	-0.0187171	
0	-0.000226688	0.00098253	-5.611e-05	-0.00128272	-0.00333744	-0.0045422	-0.00693555	-0.00778945	-0.00461008	-0.00155106	-0.00241742	-0.00378997	-0.00658697	-0.0145907	-0.0182598	-0.0229467	-0.0250487	-0.0195264	-0.0158292	
0	-0.00255325	-0.00932476	-0.0100817	-0.0108776	-0.0122706	-0.00768915	-0.00450885	-0.000495077	0.000796897	-0.00124398	-0.00436356	-0.00669585	-0.0121053	-0.0166211	-0.0152527	-0.013618	-0.0118584	-0.0092138	-0.0101866	
0	-0.00326736	-0.00452479	-0.0056233	-0.00505624	-0.00503738	-0.00336415	-0.00536053	-0.00832485	-0.00951474	-0.0115675	-0.0151395	-0.0171676	-0.0153456	-0.0148527	-0.00910847	-0.00751169	-0.00890009	-0.0103157	-0.0179557	
0	0.00489989	0.00417181	0.00728633	0.0060205	0.00136828	-0.000497101	-0.00664494	-0.0102999	-0.0145035	-0.0195385	-0.0206213	-0.0173069	-0.0156018	-0.0145729	-0.0122566	-0.0148475	-0.0217247	-0.0252997	-0.0291805	
0	0.000132951	-0.000132478	-0.000117991	-0.000699074	-0.00373705	-0.00367871	-0.00774441	-0.0102016	-0.00969483	-0.00870339	-0.00706686	-0.00773938	-0.00816016	-0.013392	-0.0165165	-0.0239856	-0.0299878	-0.0311286	-0.0341454	
0	-0.00148491	-0.00692177	-0.00737873	-0.0101363	-0.0129519	-0.0105399	-0.0111697	-0.00750994	-0.00408132	-0.00513338	-0.00556226	-0.00599725	-0.0101485	-0.0157032	-0.0188704	-0.0234978	-0.0292733	-0.0272993	-0.0266624	
0	-0.00398067	-0.00929521	-0.0103322	-0.011209	-0.0126324	-0.008326	-0.00957249	-0.00820368	-0.00770057	-0.00954389	-0.00935611	-0.0138118	-0.0176665	-0.0231111	-0.0247201	-0.0275053	-0.0257394	-0.0190927	-0.0177881	
0	9.93969e-05	-0.00267192	-0.00173016	-0.00303485	-0.00552943	-0.00412605	-0.00786688	-0.00925103	-0.0103436	-0.0168269	-0.0215933	-0.0260031	-0.0298312	-0.0309479	-0.0270371	-0.0227017	-0.020673	-0.0156663	-0.0204314	
0	0.00266265	0.00194065	0.00502175	0.00424586	0.00147099	0.00184005	-0.00641346	-0.0104005	-0.0172927	-0.0261189	-0.0271557	-0.0297433	-0.0283012	-0.0249518	-0.0203464	-0.019973	-0.0214029	-0.0243103	-0.0379505	
0	0.00300915	0.00284888	0.00437052	0.00281273	-0.00262281	-0.00485799	-0.0123773	-0.0174924	-0.0188729	-0.0220445	-0.019418	-0.0177948	-0.0159171	-0.0143072	-0.0151934	-0.021572	-0.0335054	-0.0449855	-0.0612571	
0	-0.00360224	-0.00918343	-0.0113578	-0.0166681	-0.0197295	-0.0186539	-0.0221952	-0.016636	-0.0127099	-0.0115539	-0.00463156	-0.00395633	-0.00525999	-0.0102574	-0.0208731	-0.0355448	-0.0489768	-0.0558934	-0.0643759	
0	-0.00806784	-0.0177585	-0.0223773	-0.0250504	-0.0274581	-0.0228831	-0.0202451	-0.0154624	-0.0101683	-0.00966878	-0.00656683	-0.0122954	-0.0215788	-0.0306513	-0.0416027	-0.0500745	-0.0545612	-0.0545063	-0.053852	
0	-0.0037614	-0.00618469	-0.00756677	-0.0102464	-0.00953234	-0.00855778	-0.011813	-0.0110159	-0.013969	-0.0220363	-0.0287185	-0.0402749	-0.0490714	-0.0546875	-0.0599953	-0.0620614	-0.0588791	-0.0510939	-0.0472234	
0	0.00527718	0.00813012	0.0113389	0.0124982	0.0104514	0.00706169	-0.000460783	-0.00893052	-0.0213706	-0.03634	-0.0440431	-0.0548703	-0.0627327	-0.0643519	-0.0662694	-0.0618217	-0.0549861	-0.0495528	-0.0464338	
0	0.00321314	0.00791081	0.00911204	0.00802712	0.00584924	-0.000543403	-0.00894261	-0.0183693	-0.0273683	-0.0350419	-0.0414833	-0.0487291	-0.0510745	-0.0485337	-0.0468408	-0.0444085	-0.0391429	-0.0388831	-0.044455	
0	-0.00301699	-0.00423337	-0.00984217	-0.0151671	-0.0186224	-0.0266731	-0.0310723	-0.0335403	-0.0383758	-0.0419167	-0.0405199	-0.0388379	-0.0338368	-0.0274455	-0.0255718	-0.0210342	-0.0220505	-0.0333805	-0.0532319	
