0	0	0	0	0	0	0	0	0	0	0	0	0	0	0	0	0	0	0	0	
0	0.000424514	-0.000493873	0.000590536	-0.000368994	-0.000125054	-7.66048e-06	-0.000473964	0.000334111	-8.82539e-05	0.00101735	0.000431025	0.000665855	0.000988504	-0.00179562	-0.000669563	-0.00349011	-0.00601269	-0.00670379	-0.0116498	
0	-0.000493873	0.000265683	-0.000351135	-0.00025549	0.000789499	-0.000270926	0.000406884	0.000294449	-0.000996914	-0.0011656	-0.000865562	-0.00328731	-0.000834855	-0.00222582	-0.00260105	-0.00332425	-0.00747864	-0.0131664	-0.0229534	
0	0.000590536	-0.000351135	0.00096488	-0.000460606	0.000150351	-0.000375172	-0.000605906	0.000428385	-0.000550391	0.00198641	0.000469488	0.000986458	0.00163451	-0.00404077	-0.00300001	-0.00906311	-0.0165462	-0.020698	-0.0348548	
0	-0.000368994	-0.00025549	-0.000460606	-0.00038203	0.000109771	0.000135553	3.57219e-05	0.000501056	-0.000591664	-0.00116426	-0.000682598	-0.00373891	-0.0012578	-0.00480178	-0.00484283	-0.00881919	-0.0166797	-0.0262147	-0.0452055	
0	-0.000125054	0.000789499	0.000150351	0.000109771	0.000688157	-0.000783432	6.45922e-05	-0.00012922	-0.00103951	0.000761026	-0.000462985	-0.000540233	-0.000254265	-0.00417622	-0.00663333	-0.0125201	-0.0239538	-0.0349675	-0.0575037	
0	-7.66048e-06	-0.000270926	-0.000375172	0.000135553	-0.000783432	0.000461508	-0.000285177	0.000199115	0.000270325	-9.98034e-05	-0.00035251	-0.00167199	-0.00186405	-0.00641457	-0.0080123	-0.0155663	-0.0270368	-0.040951	-0.0662175	
0	-0.000473964	0.000406884	-0.000605906	3.57219e-05	6.45922e-05	-0.000285177	-5.40559e-05	-0.000280535	-0.000737636	-0.00115972	-0.00106686	-0.00233825	-0.00307672	-0.00445143	-0.00989665	-0.0162449	-0.0295659	-0.0486657	-0.0779049	
0	0.000334111	0.000294449	0.000428385	0.000501056	-0.00012922	0.000199115	-0.000280535	-0.000193374	-7.32564e-05	0.00018565	-0.000712056	-0.000521804	-0.00350108	-0.00624255	-0.0126303	-0.0212685	-0.0361546	-0.0570697	-0.0867699	
0	-8.82539e-05	-0.000996914	-0.000550391	-0.000591664	-0.00103951	0.000270325	-0.000737636	-7.32564e-05	-0.000280236	-0.00134172	-0.00138299	-0.00253989	-0.00482674	-0.006388	-0.0128584	-0.0220702	-0.0364473	-0.0635643	-0.0950582	
0	0.00101735	-0.0011656	0.00198641	-0.00116426	0.000761026	-9.98034e-05	-0.00115972	0.00018565	-0.00134172	-0.00107692	-0.001298	-0.00240459	-0.00551688	-0.00700093	-0.0165742	-0.0259145	-0.0433191	-0.0712426	-0.106908	
0	0.000431025	-0.000865562	0.000469488	-0.000682598	-0.000462985	-0.00035251	-0.00106686	-0.000712056	-0.00138299	-0.001298	-0.00260219	-0.00291558	-0.00636449	-0.00928062	-0.0176315	-0.0295468	-0.0467367	-0.0802418	-0.113608	
0	0.000665855	-0.00328731	0.000986458	-0.00373891	-0.000540233	-0.00167199	-0.00233825	-0.000521804	-0.00253989	-0.00240459	-0.00291558	-0.0055686	-0.00780898	-0.0114589	-0.0205824	-0.031977	-0.0520011	-0.0848647	-0.125999	
0	0.000988504	-0.000834855	0.00163451	-0.0012578	-0.000254265	-0.00186405	-0.00307672	-0.00350108	-0.00482674	-0.00551688	-0.00636449	-0.00780898	-0.0110472	-0.0155593	-0.0251619	-0.0396911	-0.061585	-0.0964587	-0.139615	
0	-0.00179562	-0.00222582	-0.00404077	-0.00480178	-0.00417622	-0.00641457	-0.00445143	-0.00624255	-0.006388	-0.00700093	-0.00928062	-0.0114589	-0.0155593	-0.02052	-0.0318317	-0.0446821	-0.0691593	-0.105711	-0.152317	
0	-0.000669563	-0.00260105	-0.00300001	-0.00484283	-0.00663333	-0.0080123	-0.00989665	-0.0126303	-0.0128584	-0.0165742	-0.0176315	-0.0205824	-0.0251619	-0.0318317	-0.041797	-0.0592175	-0.0855954	-0.120559	-0.174657	
0	-0.00349011	-0.00332425	-0.00906311	-0.00881919	-0.0125201	-0.0155663	-0.0162449	-0.0212685	-0.0220702	-0.0259145	-0.0295468	-0.031977	-0.0396911	-0.0446821	-0.0592175	-0.0760976	-0.104838	-0.144537	-0.201539	
0	-0.00601269	-0.00747864	-0.0165462	-0.0166797	-0.0239538	-0.0270368	-0.0295659	-0.0361546	-0.0364473	-0.0433191	-0.0467367	-0.0520011	-0.061585	-0.0691593	-0.0855954	-0.104838	-0.134432	-0.175976	-0.233609	
0	-0.00670379	-0.0131664	-0.020698	-0.0262147	-0.0349675	-0.040951	-0.0486657	-0.0570697	-0.0635643	-0.0712426	-0.0802418	-0.0848647	-0.0964587	-0.105711	-0.120559	-0.144537	-0.175976	-0.222384	-0.285094	
0	-0.0116498	-0.0229534	-0.0348548	-0.0452055	-0.0575037	-0.0662175	-0.0779049	-0.0867699	-0.0950582	-0.106908	-0.113608	-0.125999	-0.139615	-0.152317	-0.174657	-0.201539	-0.233609	-0.285094	-0.347093	
0	-0.0171598	-0.0332911	-0.0504948	-0.0664216	-0.0819115	-0.0985708	-0.112583	-0.128517	-0.143502	-0.156951	-0.172952	-0.186354	-0.201865	-0.219299	-0.24022	-0.268152	-0.305136	-0.359676	-0.423239	
0	-0.0225407	-0.0468078	-0.0680988	-0.0920767	-0.113631	-0.135712	-0.156898	-0.1775	-0.19681	-0.216131	-0.234341	-0.25275	-0.271959	-0.294254	-0.318334	-0.353123	-0.39305	-0.449817	-0.518764	
0	-0.0307653	-0.0614831	-0.0914496	-0.121279	-0.149875	-0.177776	-0.204471	-0.230456	-0.253967	-0.279127	-0.299985	-0.324469	-0.346593	-0.372902	-0.401056	-0.437572	-0.481401	-0.538442	-0.611898	
0	-0.0379773	-0.0716945	-0.110806	-0.144256	-0.177851	-0.214067	-0.241889	-0.276644	-0.304231	-0.333341	-0.361476	-0.387917	-0.414744	-0.441993	-0.474618	-0.508206	-0.558441	-0.614539	-0.693194	
0	-0.0403917	-0.0754432	-0.119344	-0.152564	-0.193672	-0.229891	-0.263392	-0.301309	-0.33054	-0.361802	-0.393738	-0.416603	-0.45008	-0.477211	-0.511127	-0.552575	-0.602982	-0.662274	-0.742919	
0	-0.0385841	-0.0750348	-0.114818	-0.147401	-0.187164	-0.216969	-0.252731	-0.283728	-0.313007	-0.345438	-0.372592	-0.4024	-0.432924	-0.462759	-0.497035	-0.53917	-0.585004	-0.648907	-0.726613	
0	-0.0266929	-0.0543907	-0.0806903	-0.108221	-0.135993	-0.161593	-0.191239	-0.21575	-0.243684	-0.270356	-0.293847	-0.322641	-0.346287	-0.376782	-0.407966	-0.450104	-0.497968	-0.564413	-0.644808	
0	-0.00998217	-0.0199945	-0.0303599	-0.0419711	-0.0525581	-0.0664052	-0.0785454	-0.0931164	-0.108766	-0.123849	-0.142059	-0.161819	-0.182016	-0.210295	-0.240495	-0.281081	-0.332351	-0.397613	-0.477918	
0	0.0124322	0.028758	0.0373709	0.0513881	0.060068	0.0663901	0.0748143	0.0745128	0.0771547	0.0733568	0.0663237	0.057394	0.0411777	0.0211099	-0.00612756	-0.043881	-0.0935678	-0.158032	-0.242082	
0	0.0393416	0.0790942	0.115574	0.15244	0.184912	0.214193	0.242229	0.261386	0.281259	0.29298	0.299735	0.30412	0.298447	0.287181	0.267452	0.232515	0.184538	0.119272	0.0318385	
0	0.0617231	0.122783	0.181805	0.239119	0.292344	0.343239	0.388701	0.430143	0.466765	0.496294	0.520456	0.537728	0.543599	0.544159	0.529613	0.501425	0.459281	0.395981	0.30888	
0	0.0734912	0.14881	0.218396	0.29234	0.356891	0.424947	0.483798	0.541292	0.592691	0.636705	0.676904	0.705835	0.72931	0.740252	0.739001	0.723692	0.688599	0.632609	0.55426	
0	0.0748782	0.153724	0.224731	0.301884	0.372046	0.44258	0.510507	0.573957	0.634923	0.689797	0.741108	0.782552	0.820282	0.843903	0.858349	0.856542	0.834535	0.792875	0.723159	
0	0.0678191	0.13558	0.202943	0.270073	0.336989	0.401582	0.468321	0.529656	0.592766	0.653006	0.707526	0.762695	0.808553	0.845142	0.876515	0.884886	0.881087	0.853615	0.799859	
0	0.0515261	0.103357	0.15589	0.208616	0.263526	0.317916	0.375377	0.431625	0.490576	0.547379	0.603887	0.659561	0.707313	0.755081	0.790527	0.814647	0.827191	0.815585	0.780614	
0	0.0337955	0.0704698	0.103468	0.143345	0.178827	0.220361	0.261327	0.303704	0.350021	0.395345	0.444252	0.493316	0.541829	0.589227	0.629996	0.663596	0.682821	0.684102	0.666557	
0	0.0168898	0.0371412	0.0527602	0.0749133	0.0936768	0.117075	0.141611	0.16828	0.199551	0.230968	0.268851	0.305101	0.3455	0.384403	0.419943	0.451682	0.47112	0.480062	0.467754	
0	-0.00133924	-0.000861153	-0.00174065	0.00171768	0.00464196	0.010927	0.0206603	0.0311057	0.0468995	0.0654514	0.0854381	0.111546	0.137615	0.164011	0.192938	0.213312	0.230146	0.235387	0.225969	
0	-0.0179162	-0.034733	-0.0512192	-0.0652309	-0.0776279	-0.0873019	-0.0936852	-0.0979981	-0.0969419	-0.095149	-0.0873337	-0.077309	-0.0653986	-0.0485757	-0.0333075	-0.0198635	-0.00890394	-0.00961383	-0.0231537	
0	-0.0312924	-0.0602191	-0.0914625	-0.117562	-0.144779	-0.168314	-0.188182	-0.206919	-0.219179	-0.228273	-0.233349	-0.23159	-0.228569	-0.221125	-0.21437	-0.210201	-0.211334	-0.222859	-0.243617	
0	-0.0401071	-0.0781239	-0.117728	-0.152308	-0.187733	-0.217795	-0.245406	-0.269952	-0.287636	-0.305469	-0.31513	-0.324477	-0.330747	-0.33368	-0.338724	-0.343887	-0.35323	-0.370039	-0.397653	
0	-0.0371592	-0.072648	-0.109551	-0.14308	-0.176928	-0.209022	-0.238224	-0.267625	-0.293053	-0.316454	-0.33819	-0.354327	-0.369868	-0.381081	-0.392176	-0.404572	-0.421444	-0.447319	-0.484133	
0	-0.0238597	-0.0473564	-0.0728731	-0.0972984	-0.12477	-0.151121	-0.178852	-0.207363	-0.232909	-0.26124	-0.284728	-0.308597	-0.33183	-0.35218	-0.375461	-0.401036	-0.430126	-0.47002	-0.518881	
0	-0.0115437	-0.0230373	-0.035915	-0.0493209	-0.0640723	-0.0810525	-0.0983519	-0.118964	-0.140121	-0.163246	-0.188762	-0.214135	-0.243422	-0.272282	-0.306521	-0.343191	-0.387084	-0.439951	-0.502397	
0	-0.000920413	-0.00131166	-0.00412201	-0.00579945	-0.0113377	-0.0169437	-0.0254834	-0.0377374	-0.0504327	-0.0697993	-0.08993	-0.114773	-0.144741	-0.176213	-0.214978	-0.25885	-0.309	-0.372226	-0.444828	
0	0.00629324	0.01145	0.017147	0.0202003	0.0230462	0.0228769	0.0210893	0.0160614	0.00850465	-0.00261308	-0.0170847	-0.0347343	-0.0579926	-0.0840035	-0.119442	-0.160944	-0.215171	-0.283524	-0.366969	
0	0.00689489	0.0139988	0.0197073	0.0257649	0.0298285	0.033475	0.0358322	0.0359036	0.0357588	0.0316873	0.0260765	0.0169044	0.00130495	-0.0176025	-0.0472978	-0.0856142	-0.135289	-0.203165	-0.283833	
0	0.004709	0.00760908	0.0135259	0.0162573	0.0212906	0.0248957	0.028112	0.0309767	0.0323545	0.0319665	0.0298147	0.024571	0.0151545	0.0024056	-0.0189851	-0.0466809	-0.0873424	-0.143368	-0.215917	
0	2.86451e-05	-0.000144292	0.000449034	0.00047321	0.00156213	0.00215681	0.00316357	0.00404207	0.00461405	0.00460437	0.00387463	0.00218557	-0.00286668	-0.00854407	-0.0221408	-0.0410018	-0.0705529	-0.116945	-0.178068	
0	-0.00580955	-0.0134569	-0.0172439	-0.0239171	-0.0270839	-0.0305511	-0.0329551	-0.0335307	-0.033892	-0.0327598	-0.0312127	-0.0297024	-0.0289143	-0.0299991	-0.036022	-0.0471207	-0.0688743	-0.104883	-0.154689	
