0.072185	0.134639	0.19345	0.22272	0.220545	0.182604	0.108689	0.0202471	-0.0781596	-0.171162	-0.243466	-0.298307	-0.328295	-0.328617	-0.304466	-0.238325	-0.123641	0.010906	0.159316	0.305837	
-0.0265861	0.0698323	0.147552	0.201984	0.227312	0.211859	0.16322	0.0971641	0.0194416	-0.0556338	-0.120801	-0.174659	-0.211155	-0.223153	-0.208771	-0.151692	-0.0475903	0.0728033	0.200239	0.33293	
-0.125425	-0.00280465	0.1023	0.184135	0.229471	0.235867	0.212453	0.157614	0.0921992	0.0286206	-0.0368179	-0.08958	-0.129142	-0.150941	-0.13839	-0.0899449	-0.00447138	0.108004	0.226289	0.341392	
-0.228953	-0.0906834	0.0396385	0.149545	0.218265	0.245606	0.23223	0.182904	0.118553	0.0558291	-0.00623289	-0.0571285	-0.0963508	-0.115457	-0.101387	-0.0597576	0.012786	0.111866	0.218324	0.313006	
-0.328461	-0.17612	-0.0327348	0.0836102	0.166802	0.201978	0.187175	0.14204	0.0805918	0.0212682	-0.0337487	-0.082735	-0.121121	-0.133191	-0.123369	-0.0851571	-0.0160287	0.0735561	0.176062	0.260366	
-0.40079	-0.257751	-0.122914	-0.00942601	0.0594322	0.0791905	0.0608686	0.0173043	-0.0395739	-0.0906127	-0.129604	-0.17796	-0.219494	-0.227043	-0.214706	-0.175413	-0.100841	0.00339538	0.108175	0.184803	
-0.453811	-0.33903	-0.231737	-0.147756	-0.109597	-0.113407	-0.144413	-0.188202	-0.237819	-0.28115	-0.315385	-0.352387	-0.382785	-0.383318	-0.35648	-0.303753	-0.214348	-0.0930122	0.0200993	0.105721	
-0.49962	-0.424418	-0.355021	-0.31661	-0.316239	-0.34824	-0.395651	-0.449026	-0.49885	-0.538148	-0.567574	-0.589401	-0.602019	-0.581847	-0.529986	-0.448737	-0.336239	-0.200214	-0.0704961	0.0376429	
-0.539349	-0.513721	-0.492593	-0.505326	-0.546087	-0.603321	-0.66896	-0.729344	-0.782392	-0.82399	-0.846429	-0.849046	-0.834267	-0.788641	-0.707869	-0.594892	-0.45922	-0.306743	-0.150735	-0.0117401	
-0.575726	-0.603867	-0.640877	-0.699594	-0.772809	-0.857803	-0.940299	-1.00141	-1.05199	-1.0885	-1.09573	-1.07875	-1.04251	-0.978993	-0.878147	-0.741734	-0.577975	-0.403319	-0.221027	-0.0476102	
-0.603867	-0.687158	-0.783229	-0.887141	-0.98416	-1.08546	-1.17221	-1.23158	-1.27409	-1.29759	-1.28985	-1.25809	-1.21062	-1.13892	-1.02838	-0.876559	-0.694472	-0.498018	-0.286443	-0.080134	
-0.640877	-0.783229	-0.921849	-1.0514	-1.16406	-1.27191	-1.34741	-1.39751	-1.42949	-1.43994	-1.42113	-1.38305	-1.33332	-1.25602	-1.14222	-0.985354	-0.79481	-0.577752	-0.349782	-0.133657	
-0.699594	-0.887141	-1.0514	-1.18599	-1.3034	-1.40017	-1.46756	-1.50815	-1.51569	-1.50264	-1.48328	-1.44733	-1.40273	-1.33864	-1.2229	-1.05767	-0.863309	-0.638617	-0.412771	-0.209661	
-0.772809	-0.98416	-1.16406	-1.3034	-1.41401	-1.48658	-1.52806	-1.54659	-1.53458	-1.5107	-1.49966	-1.47166	-1.42773	-1.36727	-1.25127	-1.09163	-0.905456	-0.688393	-0.4727	-0.284628	
-0.857803	-1.08546	-1.27191	-1.40017	-1.48658	-1.53774	-1.54947	-1.53628	-1.51229	-1.48676	-1.46701	-1.45226	-1.41699	-1.3467	-1.23483	-1.09061	-0.909928	-0.707356	-0.520836	-0.357175	
-0.940299	-1.17221	-1.34741	-1.46756	-1.52806	-1.54947	-1.5403	-1.5038	-1.46354	-1.43568	-1.41264	-1.401	-1.36926	-1.29973	-1.19943	-1.06244	-0.891623	-0.710902	-0.547629	-0.408133	
-1.00141	-1.23158	-1.39751	-1.50815	-1.54659	-1.53628	-1.5038	-1.45492	-1.4062	-1.37712	-1.35859	-1.33761	-1.29885	-1.23339	-1.14114	-1.01197	-0.858723	-0.703898	-0.557296	-0.439192	
-1.05199	-1.27409	-1.42949	-1.51569	-1.53458	-1.51229	-1.46354	-1.4062	-1.35934	-1.32466	-1.29639	-1.26688	-1.22821	-1.16384	-1.07103	-0.950112	-0.80894	-0.673166	-0.547043	-0.452033	
-1.0885	-1.29759	-1.43994	-1.50264	-1.5107	-1.48676	-1.43568	-1.37712	-1.32466	-1.28143	-1.24521	-1.20705	-1.16107	-1.10059	-1.00372	-0.879768	-0.74611	-0.619811	-0.513265	-0.430967	
-1.09573	-1.28985	-1.42113	-1.48328	-1.49966	-1.46701	-1.41264	-1.35859	-1.29639	-1.24521	-1.21065	-1.16156	-1.10018	-1.0405	-0.933979	-0.800054	-0.680636	-0.558168	-0.446434	-0.362596	
-1.07875	-1.25809	-1.38305	-1.44733	-1.47166	-1.45226	-1.401	-1.33761	-1.26688	-1.20705	-1.16156	-1.10713	-1.04092	-0.970222	-0.861396	-0.725288	-0.591852	-0.457891	-0.340501	-0.256367	
-1.04251	-1.21062	-1.33332	-1.40273	-1.42773	-1.41699	-1.36926	-1.29885	-1.22821	-1.16107	-1.10018	-1.04092	-0.97233	-0.879148	-0.760466	-0.619211	-0.461	-0.318312	-0.199416	-0.119646	
-0.978993	-1.13892	-1.25602	-1.33864	-1.36727	-1.3467	-1.29973	-1.23339	-1.16384	-1.10059	-1.0405	-0.970222	-0.879148	-0.759921	-0.624372	-0.46575	-0.295992	-0.149889	-0.028752	0.0470863	
-0.878147	-1.02838	-1.14222	-1.2229	-1.25127	-1.23483	-1.19943	-1.14114	-1.07103	-1.00372	-0.933979	-0.861396	-0.760466	-0.624372	-0.472926	-0.297724	-0.113646	0.0395278	0.152209	0.225544	
-0.741734	-0.876559	-0.985354	-1.05767	-1.09163	-1.09061	-1.06244	-1.01197	-0.950112	-0.879768	-0.800054	-0.725288	-0.619211	-0.46575	-0.297724	-0.118109	0.0685792	0.227046	0.337381	0.408683	
-0.577975	-0.694472	-0.79481	-0.863309	-0.905456	-0.909928	-0.891623	-0.858723	-0.80894	-0.74611	-0.680636	-0.591852	-0.461	-0.295992	-0.113646	0.0685792	0.242721	0.394625	0.506487	0.577243	
-0.403319	-0.498018	-0.577752	-0.638617	-0.688393	-0.707356	-0.710902	-0.703898	-0.673166	-0.619811	-0.558168	-0.457891	-0.318312	-0.149889	0.0395278	0.227046	0.394625	0.538441	0.646471	0.705613	
-0.221027	-0.286443	-0.349782	-0.412771	-0.4727	-0.520836	-0.547629	-0.557296	-0.547043	-0.513265	-0.446434	-0.340501	-0.199416	-0.028752	0.152209	0.337381	0.506487	0.646471	0.742155	0.790984	
-0.0476102	-0.080134	-0.133657	-0.209661	-0.284628	-0.357175	-0.408133	-0.439192	-0.452033	-0.430967	-0.362596	-0.256367	-0.119646	0.0470863	0.225544	0.408683	0.577243	0.705613	0.790984	0.834665	
0.0922442	0.0819386	0.0383352	-0.0392499	-0.12849	-0.224149	-0.307514	-0.363338	-0.394069	-0.383764	-0.320927	-0.218505	-0.0842461	0.0801972	0.262912	0.449122	0.61582	0.729721	0.797973	0.827713	
0.202927	0.202755	0.168329	0.0890698	-0.0152581	-0.128015	-0.23657	-0.317092	-0.365028	-0.371379	-0.323909	-0.22909	-0.091389	0.0798627	0.270774	0.454837	0.607558	0.711642	0.768178	0.785726	
0.274111	0.286485	0.261912	0.178497	0.0566268	-0.0776483	-0.201651	-0.304201	-0.369114	-0.384949	-0.348344	-0.259975	-0.125118	0.0545103	0.249632	0.425467	0.565549	0.669658	0.725079	0.731362	
0.306846	0.331095	0.303824	0.223132	0.0953667	-0.0557191	-0.197416	-0.314363	-0.393863	-0.424092	-0.396606	-0.308743	-0.165323	0.0188231	0.211774	0.379378	0.515568	0.619502	0.666649	0.666708	
0.312562	0.343134	0.317507	0.240776	0.111705	-0.0451789	-0.197399	-0.331996	-0.43703	-0.484607	-0.457643	-0.368461	-0.22064	-0.0313528	0.16424	0.328623	0.459686	0.55954	0.604526	0.599306	
0.292215	0.334761	0.314663	0.236491	0.111829	-0.0444314	-0.20829	-0.362491	-0.4816	-0.537545	-0.511871	-0.417073	-0.267501	-0.0809223	0.110034	0.278656	0.407761	0.497309	0.542688	0.538525	
0.262723	0.311267	0.296639	0.224844	0.106638	-0.048271	-0.225185	-0.39544	-0.520999	-0.576169	-0.556222	-0.457186	-0.304839	-0.12865	0.0628134	0.235442	0.36386	0.444524	0.484638	0.481393	
0.230815	0.283101	0.277678	0.2211	0.103438	-0.0595312	-0.239287	-0.417674	-0.548134	-0.602933	-0.585813	-0.489251	-0.339541	-0.167539	0.0253029	0.195255	0.320445	0.40335	0.436754	0.427043	
0.19545	0.258635	0.259123	0.207282	0.0975803	-0.0644592	-0.250403	-0.427906	-0.553856	-0.614762	-0.605719	-0.513537	-0.360467	-0.186231	-0.00291998	0.164679	0.289122	0.36208	0.386731	0.381809	
0.164578	0.229866	0.243252	0.195826	0.0922123	-0.0657911	-0.252668	-0.419665	-0.545984	-0.614577	-0.608892	-0.522144	-0.371247	-0.193447	-0.0192671	0.140061	0.264714	0.324644	0.343869	0.341584	
0.141621	0.209067	0.233721	0.190595	0.0844325	-0.0673551	-0.242283	-0.400176	-0.5246	-0.599584	-0.596061	-0.513288	-0.367619	-0.194128	-0.0300187	0.117651	0.230166	0.290444	0.315354	0.311245	
0.129421	0.193094	0.215519	0.176381	0.0783051	-0.0593266	-0.224823	-0.380662	-0.502198	-0.574396	-0.570702	-0.49044	-0.354428	-0.192871	-0.0366947	0.10496	0.20543	0.263069	0.290653	0.284082	
0.124184	0.175441	0.190083	0.15783	0.0752349	-0.0460801	-0.19559	-0.344815	-0.468451	-0.538578	-0.532695	-0.457048	-0.334363	-0.181576	-0.0330742	0.0931189	0.181743	0.23404	0.25907	0.24947	
0.114233	0.160815	0.169902	0.141366	0.0733773	-0.0299837	-0.166099	-0.308524	-0.425533	-0.490541	-0.483594	-0.416893	-0.306137	-0.167167	-0.03268	0.0805007	0.158277	0.206001	0.22748	0.218984	
0.102501	0.14103	0.14689	0.125941	0.0743716	-0.018492	-0.147357	-0.279627	-0.382854	-0.431753	-0.420639	-0.364441	-0.272171	-0.154426	-0.0373089	0.0684002	0.146638	0.187125	0.196616	0.186904	
0.0875752	0.119651	0.125605	0.109365	0.0655823	-0.0138145	-0.118916	-0.232748	-0.323171	-0.36684	-0.363328	-0.314916	-0.231795	-0.129478	-0.0272489	0.0578514	0.122198	0.15678	0.161092	0.152801	
0.06635	0.0989519	0.108107	0.0950938	0.0563204	-0.00907306	-0.0908596	-0.183943	-0.260484	-0.298461	-0.299958	-0.262917	-0.191017	-0.105274	-0.0189919	0.0470322	0.0955498	0.125736	0.127481	0.121902	
0.0430987	0.0740699	0.0881549	0.0793314	0.0453638	-0.0115221	-0.0731297	-0.141244	-0.199464	-0.224839	-0.22375	-0.198031	-0.146492	-0.0813619	-0.0150359	0.0324033	0.0719778	0.10017	0.101891	0.0938254	
0.0227425	0.0493032	0.0652304	0.0560737	0.0259477	-0.0134802	-0.0484466	-0.0913713	-0.131366	-0.151504	-0.154082	-0.136079	-0.0981423	-0.0506163	-0.00362701	0.0212241	0.0419713	0.0658659	0.0748386	0.0667344	
0.0120128	0.0269001	0.0343672	0.0292234	0.0146989	-0.00405791	-0.0206425	-0.0418375	-0.0651396	-0.0771536	-0.078361	-0.0712908	-0.0519135	-0.0257185	-0.000941937	0.01077	0.0193605	0.0307253	0.0351652	0.0325122	
0	0	0	0	0	0	0	0	0	0	0	0	0	0	0	0	0	0	0	0	
