0	-0.151483	-0.288517	-0.386391	-0.446698	-0.50787	-0.581672	-0.645028	-0.670965	-0.648129	-0.553143	-0.376083	-0.135454	0.129014	0.383078	0.598606	0.750193	0.83628	0.863793	0.850494	
0	-0.127516	-0.246621	-0.341795	-0.415665	-0.494481	-0.581911	-0.660243	-0.710703	-0.718042	-0.649898	-0.487977	-0.252084	0.0155393	0.275161	0.502202	0.675978	0.795258	0.861773	0.883396	
0	-0.0981769	-0.192711	-0.279413	-0.369081	-0.466678	-0.569033	-0.658991	-0.729409	-0.756817	-0.709698	-0.567852	-0.352052	-0.0992565	0.147409	0.372022	0.558669	0.708817	0.809694	0.859061	
0	-0.0678677	-0.132483	-0.206126	-0.302673	-0.418001	-0.532704	-0.633976	-0.714483	-0.748742	-0.713905	-0.595668	-0.413378	-0.192331	0.0282827	0.237376	0.428649	0.595831	0.717449	0.77897	
0	-0.0373076	-0.0728943	-0.128419	-0.222463	-0.345247	-0.467533	-0.574595	-0.654444	-0.686819	-0.657953	-0.566607	-0.421552	-0.241206	-0.0538098	0.128383	0.307142	0.469719	0.589873	0.648241	
0	-0.00947543	-0.0234001	-0.0624394	-0.147167	-0.264905	-0.386878	-0.491583	-0.56467	-0.59443	-0.571739	-0.505827	-0.392204	-0.251771	-0.100289	0.0438702	0.191277	0.327296	0.429858	0.475485	
0	0.0119597	0.0116658	-0.0176576	-0.0845875	-0.18909	-0.299485	-0.397171	-0.460764	-0.49133	-0.478193	-0.430132	-0.343934	-0.23741	-0.129339	-0.0287543	0.0699313	0.16731	0.24038	0.27171	
0	0.0246567	0.0302356	0.0107386	-0.0341566	-0.116819	-0.213375	-0.29821	-0.353561	-0.381563	-0.379068	-0.341838	-0.284081	-0.211759	-0.150243	-0.0947367	-0.046795	0.00450136	0.0446919	0.0570429	
0	0.0262138	0.0330134	0.0265229	0.00539982	-0.0545719	-0.137989	-0.208298	-0.248104	-0.268022	-0.266042	-0.243768	-0.21395	-0.184355	-0.162276	-0.148014	-0.143867	-0.138513	-0.137089	-0.14393	
0	0.0222995	0.0309007	0.0419035	0.0411424	0.00265184	-0.0698013	-0.119035	-0.138962	-0.140081	-0.137631	-0.132698	-0.139421	-0.153404	-0.167165	-0.186221	-0.217626	-0.253015	-0.286774	-0.30955	
0	0.0196889	0.0344602	0.059669	0.0749802	0.0527954	-1.22086e-05	-0.025684	-0.0203431	-0.00419088	-0.00123892	-0.017552	-0.0630049	-0.11779	-0.168478	-0.216906	-0.278537	-0.343381	-0.399757	-0.43248	
0	0.0225546	0.0465121	0.0799727	0.105797	0.100701	0.0779415	0.0779098	0.104567	0.129337	0.130127	0.0909419	0.0122423	-0.0843979	-0.175024	-0.259535	-0.346976	-0.428977	-0.494981	-0.525137	
0	0.0247625	0.0551181	0.090778	0.123021	0.136902	0.146672	0.168215	0.204424	0.228821	0.222901	0.164247	0.0587222	-0.0762666	-0.207124	-0.33017	-0.435542	-0.522681	-0.579073	-0.593807	
0	0.0217118	0.0543339	0.0945826	0.134301	0.169862	0.204507	0.240712	0.274812	0.294178	0.274942	0.199638	0.0686035	-0.0961966	-0.266264	-0.421954	-0.543148	-0.624177	-0.657107	-0.641472	
0	0.0154281	0.0497198	0.102372	0.155359	0.213508	0.263762	0.307967	0.335884	0.345218	0.308637	0.212583	0.0597957	-0.130013	-0.330997	-0.51426	-0.648803	-0.719121	-0.722541	-0.668705	
0	0.0102476	0.0481854	0.111314	0.183248	0.257139	0.321024	0.365836	0.387658	0.379556	0.322345	0.204322	0.034247	-0.17399	-0.394381	-0.594434	-0.73376	-0.78989	-0.764876	-0.673	
0	0.0146473	0.0556587	0.123218	0.208455	0.296123	0.371849	0.41663	0.426871	0.395608	0.313312	0.177326	-0.00881089	-0.228165	-0.45911	-0.66043	-0.794591	-0.837074	-0.787775	-0.668345	
0	0.0316439	0.075526	0.141659	0.230217	0.331391	0.416283	0.461474	0.454294	0.394815	0.287495	0.133487	-0.0630173	-0.291385	-0.519642	-0.712077	-0.833638	-0.862801	-0.797145	-0.651765	
0	0.0530401	0.10186	0.162827	0.249149	0.356148	0.445284	0.487448	0.46108	0.374581	0.241895	0.073744	-0.128949	-0.356058	-0.572978	-0.750631	-0.855797	-0.871094	-0.787448	-0.620709	
0	0.070001	0.127848	0.187229	0.270769	0.371651	0.456952	0.488642	0.446744	0.33622	0.182473	0.00262879	-0.199429	-0.417178	-0.620632	-0.78344	-0.870954	-0.867815	-0.763678	-0.585052	
0	0.0778018	0.145375	0.209842	0.287492	0.373721	0.441467	0.456114	0.39723	0.27106	0.103218	-0.0810625	-0.27737	-0.480893	-0.669831	-0.813425	-0.877589	-0.848616	-0.727407	-0.541567	
0	0.0803158	0.156169	0.228655	0.296811	0.365685	0.406941	0.397651	0.319617	0.186467	0.0177501	-0.165562	-0.35409	-0.545486	-0.716048	-0.835298	-0.872817	-0.821789	-0.69095	-0.501859	
0	0.0804264	0.163067	0.23343	0.292429	0.337074	0.354454	0.312244	0.21782	0.0847231	-0.0730603	-0.249041	-0.431003	-0.605557	-0.752377	-0.841064	-0.854365	-0.788404	-0.650515	-0.457523	
0	0.0808161	0.163051	0.224068	0.264497	0.285024	0.276457	0.206429	0.0983786	-0.0280986	-0.170247	-0.333481	-0.501958	-0.6513	-0.76773	-0.824942	-0.815928	-0.733953	-0.586306	-0.389418	
0	0.0826807	0.160397	0.210321	0.225093	0.222671	0.188502	0.105536	-0.00893913	-0.125659	-0.252743	-0.397784	-0.540998	-0.662429	-0.747435	-0.779256	-0.745569	-0.644746	-0.490596	-0.298684	
0	0.0811026	0.152545	0.186823	0.177854	0.146842	0.0945742	0.00797151	-0.10023	-0.206575	-0.317344	-0.434777	-0.54807	-0.638801	-0.69712	-0.699916	-0.6375	-0.520545	-0.367235	-0.19747	
0	0.0746334	0.134832	0.151149	0.121843	0.0632176	-0.00391476	-0.0898214	-0.18294	-0.275803	-0.363296	-0.452966	-0.535952	-0.602062	-0.628274	-0.597329	-0.505977	-0.380842	-0.239652	-0.0950315	
0	0.0619143	0.10173	0.0973107	0.0507629	-0.0282731	-0.111355	-0.195933	-0.270717	-0.340454	-0.401288	-0.465745	-0.526661	-0.567165	-0.557619	-0.490492	-0.38162	-0.257465	-0.135046	-0.0160738	
0	0.0421133	0.0513309	0.0235789	-0.040621	-0.131338	-0.232842	-0.31518	-0.372781	-0.413006	-0.450182	-0.492981	-0.535348	-0.544732	-0.500442	-0.402332	-0.285404	-0.164976	-0.059351	0.0297491	
0	0.0132352	-0.0122959	-0.0695188	-0.150434	-0.252457	-0.364818	-0.44357	-0.484508	-0.49994	-0.517844	-0.538528	-0.554512	-0.531823	-0.457605	-0.341661	-0.216836	-0.101278	-0.013172	0.0436931	
0	-0.0228955	-0.0838232	-0.17164	-0.272891	-0.385402	-0.496439	-0.56626	-0.592856	-0.596006	-0.595252	-0.588819	-0.567943	-0.514866	-0.420255	-0.293364	-0.162696	-0.0525204	0.0146416	0.0402957	
0	-0.0630995	-0.156057	-0.273162	-0.39609	-0.517012	-0.614849	-0.67042	-0.688636	-0.686654	-0.667664	-0.62628	-0.56597	-0.480986	-0.3706	-0.234923	-0.102674	-0.000445449	0.0491129	0.0496363	
0	-0.103187	-0.223895	-0.365523	-0.505702	-0.629471	-0.707357	-0.747491	-0.758769	-0.751154	-0.711228	-0.636019	-0.537419	-0.419322	-0.29115	-0.153711	-0.0291947	0.0599118	0.095721	0.076468	
0	-0.140328	-0.288677	-0.444593	-0.598171	-0.71432	-0.779362	-0.803396	-0.80702	-0.787363	-0.724942	-0.624971	-0.486671	-0.336374	-0.183698	-0.0522492	0.0596178	0.134883	0.158961	0.127299	
0	-0.174662	-0.345722	-0.512039	-0.664774	-0.774298	-0.830167	-0.84376	-0.834556	-0.796579	-0.71781	-0.593984	-0.424539	-0.239302	-0.0683184	0.0582209	0.156307	0.215741	0.229155	0.188026	
0	-0.203856	-0.393673	-0.56416	-0.708244	-0.810916	-0.862726	-0.868672	-0.844165	-0.788469	-0.695583	-0.548629	-0.354188	-0.142624	0.0389405	0.167243	0.253425	0.296968	0.295164	0.247936	
0	-0.225821	-0.431225	-0.600501	-0.735953	-0.829085	-0.880476	-0.878986	-0.842954	-0.773098	-0.663978	-0.494873	-0.280907	-0.0588079	0.130376	0.265929	0.345977	0.372543	0.352175	0.29838	
0	-0.239131	-0.453068	-0.62272	-0.746963	-0.832618	-0.878326	-0.875868	-0.831718	-0.752859	-0.62518	-0.437697	-0.214763	0.0071356	0.200266	0.345683	0.423227	0.433848	0.395417	0.333152	
0	-0.243248	-0.461197	-0.63071	-0.746782	-0.822178	-0.862917	-0.861798	-0.816018	-0.72807	-0.584297	-0.387748	-0.163713	0.0520284	0.249151	0.399162	0.476258	0.474941	0.420489	0.349535	
0	-0.239609	-0.4553	-0.622738	-0.730855	-0.796752	-0.833087	-0.835363	-0.789928	-0.693002	-0.542985	-0.347841	-0.133589	0.0779548	0.270671	0.418142	0.489242	0.478554	0.412776	0.327003	
0	-0.233786	-0.442763	-0.605773	-0.707836	-0.770955	-0.805722	-0.81311	-0.767068	-0.667529	-0.521331	-0.339629	-0.139405	0.0676751	0.251091	0.39017	0.45096	0.436318	0.362754	0.264342	
0	-0.22706	-0.425554	-0.578409	-0.678864	-0.744224	-0.78251	-0.791261	-0.747426	-0.653548	-0.521218	-0.362427	-0.178644	0.0150256	0.187787	0.309447	0.359204	0.33842	0.260391	0.151763	
0	-0.218845	-0.402895	-0.542974	-0.643704	-0.716172	-0.757964	-0.766923	-0.728882	-0.649526	-0.53824	-0.405028	-0.245294	-0.071716	0.0836104	0.186732	0.221877	0.191892	0.110662	-0.00661248	
0	-0.207692	-0.376932	-0.506125	-0.609189	-0.688591	-0.7338	-0.74412	-0.717934	-0.657535	-0.569831	-0.462	-0.330979	-0.182886	-0.0475977	0.039351	0.0608796	0.0231249	-0.0613889	-0.178245	
0	-0.188302	-0.341844	-0.461941	-0.564827	-0.644152	-0.690557	-0.705288	-0.694152	-0.65279	-0.587548	-0.506078	-0.405562	-0.287274	-0.174288	-0.103616	-0.0921233	-0.136934	-0.220768	-0.332138	
0	-0.159195	-0.294867	-0.405743	-0.501972	-0.571824	-0.615991	-0.63712	-0.639377	-0.612598	-0.566993	-0.510715	-0.43948	-0.349928	-0.262448	-0.20718	-0.203926	-0.250799	-0.33156	-0.430816	
0	-0.122953	-0.236247	-0.333994	-0.415722	-0.46947	-0.508348	-0.534222	-0.545284	-0.527797	-0.498649	-0.464407	-0.417185	-0.353728	-0.290403	-0.250598	-0.250307	-0.292562	-0.362883	-0.442859	
0	-0.0827807	-0.165939	-0.241402	-0.300685	-0.336117	-0.365311	-0.390485	-0.402871	-0.392208	-0.375321	-0.358123	-0.329381	-0.288737	-0.247813	-0.222318	-0.221743	-0.253643	-0.304208	-0.361698	
0	-0.040698	-0.0846131	-0.12549	-0.156271	-0.172675	-0.188348	-0.203273	-0.211312	-0.205457	-0.198479	-0.191659	-0.179051	-0.159164	-0.140594	-0.128542	-0.129563	-0.14681	-0.175118	-0.204884	
0	0	0	0	0	0	0	0	0	0	0	0	0	0	0	0	0	0	0	0	
