0	0.0236654	0.045749	0.0542739	0.0432877	0.00854981	-0.0284648	-0.0484455	-0.0388807	-0.00858677	0.0276289	0.0602287	0.0893175	0.109661	0.114906	0.0930781	0.0452206	-0.0156292	-0.0616249	-0.0623661	
0	-0.00671464	-0.0147292	-0.0305819	-0.056234	-0.090141	-0.112095	-0.109905	-0.0769952	-0.0318366	0.00814016	0.0309763	0.0360068	0.0245862	-0.00551357	-0.0543798	-0.115266	-0.175262	-0.211748	-0.20111	
0	-0.0376027	-0.0779267	-0.117598	-0.161313	-0.192707	-0.201886	-0.175853	-0.121334	-0.0646944	-0.0249769	-0.0196144	-0.0405449	-0.0862707	-0.148179	-0.220364	-0.28937	-0.342412	-0.364824	-0.339529	
0	-0.0630232	-0.128658	-0.187721	-0.243197	-0.269298	-0.263809	-0.213315	-0.140531	-0.0751073	-0.0431539	-0.0601273	-0.112224	-0.191613	-0.283953	-0.374154	-0.449942	-0.491884	-0.49794	-0.455229	
0	-0.082965	-0.164328	-0.238976	-0.294842	-0.314851	-0.289038	-0.216023	-0.12646	-0.0532679	-0.0336514	-0.0727678	-0.156737	-0.268011	-0.383889	-0.493027	-0.571258	-0.608443	-0.597025	-0.538537	
0	-0.0976651	-0.19125	-0.272684	-0.325578	-0.335422	-0.289052	-0.199324	-0.0927688	-0.0185147	-0.00689202	-0.0667006	-0.176245	-0.308538	-0.44186	-0.558934	-0.639851	-0.671206	-0.646132	-0.569899	
0	-0.110143	-0.213826	-0.296698	-0.346111	-0.342415	-0.283441	-0.179699	-0.0663902	0.00795788	0.0128469	-0.0622052	-0.185239	-0.3299	-0.467506	-0.584144	-0.66336	-0.685633	-0.648055	-0.550188	
0	-0.12134	-0.232667	-0.315062	-0.358813	-0.344658	-0.278488	-0.171327	-0.0607857	0.00815861	0.00506469	-0.0785381	-0.208949	-0.357093	-0.491723	-0.602995	-0.674063	-0.685723	-0.630863	-0.506583	
0	-0.133074	-0.250196	-0.334165	-0.37141	-0.352978	-0.286945	-0.187307	-0.0905196	-0.0316165	-0.0429633	-0.127431	-0.257293	-0.399876	-0.526211	-0.625632	-0.684173	-0.680894	-0.604368	-0.454022	
0	-0.143449	-0.266353	-0.351542	-0.3848	-0.367415	-0.308217	-0.227602	-0.15178	-0.109318	-0.127024	-0.206347	-0.327652	-0.45846	-0.571019	-0.65632	-0.695901	-0.674761	-0.574722	-0.399889	
0	-0.149868	-0.276995	-0.361234	-0.394042	-0.379404	-0.334338	-0.278565	-0.229625	-0.2088	-0.230379	-0.303111	-0.410139	-0.526008	-0.626143	-0.693342	-0.71543	-0.671243	-0.550131	-0.355246	
0	-0.151211	-0.277617	-0.361671	-0.393966	-0.386729	-0.359622	-0.331854	-0.316038	-0.316593	-0.346094	-0.408704	-0.499347	-0.599162	-0.68203	-0.73183	-0.730082	-0.661436	-0.520185	-0.312822	
0	-0.148938	-0.274642	-0.358456	-0.395443	-0.398491	-0.391505	-0.393297	-0.407332	-0.430426	-0.463815	-0.514417	-0.584836	-0.661862	-0.724703	-0.751255	-0.723704	-0.631257	-0.473869	-0.264318	
0	-0.141939	-0.261782	-0.347326	-0.388037	-0.404431	-0.416213	-0.443858	-0.486196	-0.528021	-0.568218	-0.607725	-0.659055	-0.712775	-0.75232	-0.753392	-0.699717	-0.584329	-0.414755	-0.209648	
0	-0.126932	-0.237988	-0.319909	-0.367306	-0.394821	-0.42439	-0.474612	-0.539603	-0.600954	-0.64804	-0.681126	-0.714588	-0.743186	-0.754513	-0.726951	-0.645148	-0.510818	-0.334138	-0.137641	
0	-0.111714	-0.212504	-0.294236	-0.348075	-0.388393	-0.432693	-0.499435	-0.58147	-0.657547	-0.711415	-0.740482	-0.757259	-0.759565	-0.741112	-0.681801	-0.576797	-0.427727	-0.249868	-0.0658477	
0	-0.0984876	-0.192167	-0.275183	-0.338547	-0.391965	-0.449956	-0.529289	-0.624561	-0.71195	-0.774424	-0.80102	-0.803997	-0.780989	-0.729892	-0.641213	-0.513281	-0.354997	-0.179081	-0.00608432	
0	-0.0896658	-0.180434	-0.266772	-0.342232	-0.408962	-0.48056	-0.571409	-0.676366	-0.775829	-0.844737	-0.872421	-0.862231	-0.814163	-0.73158	-0.611238	-0.461355	-0.292906	-0.115651	0.0506809	
0	-0.0845303	-0.172651	-0.263832	-0.347548	-0.427196	-0.509968	-0.610539	-0.725638	-0.834198	-0.912284	-0.941028	-0.921763	-0.853664	-0.74407	-0.597048	-0.4275	-0.247155	-0.0663683	0.0985515	
0	-0.0816883	-0.170044	-0.260369	-0.350647	-0.434929	-0.525587	-0.631723	-0.752067	-0.867997	-0.950129	-0.981017	-0.955192	-0.876173	-0.751138	-0.590443	-0.408553	-0.221615	-0.0373331	0.128633	
0	-0.0794369	-0.163098	-0.250124	-0.336019	-0.420808	-0.512595	-0.62212	-0.74629	-0.866766	-0.952086	-0.984289	-0.956006	-0.873797	-0.745448	-0.579446	-0.392279	-0.197881	-0.00934014	0.156433	
0	-0.080748	-0.163021	-0.242842	-0.322655	-0.401352	-0.492215	-0.601466	-0.727099	-0.847584	-0.931935	-0.961674	-0.931382	-0.85148	-0.726982	-0.565493	-0.376723	-0.176829	0.0146754	0.180096	
0	-0.0896498	-0.175087	-0.250576	-0.322642	-0.393951	-0.480527	-0.587398	-0.709843	-0.827106	-0.905279	-0.931751	-0.900537	-0.828139	-0.715585	-0.565348	-0.379615	-0.175966	0.0217138	0.189102	
0	-0.101442	-0.190978	-0.263996	-0.32661	-0.391075	-0.471705	-0.574994	-0.693282	-0.804108	-0.8771	-0.899223	-0.870126	-0.806042	-0.707245	-0.568082	-0.386895	-0.177208	0.0270957	0.2006	
0	-0.112288	-0.207071	-0.275328	-0.330357	-0.384546	-0.458416	-0.553607	-0.664005	-0.766543	-0.834389	-0.856909	-0.834101	-0.783179	-0.69926	-0.575263	-0.400221	-0.190002	0.0211171	0.204298	
0	-0.122155	-0.219858	-0.286666	-0.33204	-0.378416	-0.440282	-0.52375	-0.619522	-0.710039	-0.773164	-0.799029	-0.787941	-0.75129	-0.684565	-0.575896	-0.414033	-0.210912	0.000752668	0.190058	
0	-0.128812	-0.23003	-0.295211	-0.335984	-0.373802	-0.424101	-0.489609	-0.566186	-0.639486	-0.697602	-0.728064	-0.730147	-0.706231	-0.652478	-0.556752	-0.410526	-0.220456	-0.0171283	0.173819	
0	-0.12973	-0.230992	-0.295534	-0.333527	-0.365563	-0.403193	-0.449156	-0.502733	-0.558471	-0.612549	-0.651832	-0.669355	-0.658256	-0.613013	-0.527658	-0.393816	-0.221103	-0.027916	0.15889	
0	-0.128465	-0.229699	-0.297892	-0.337441	-0.368865	-0.394134	-0.420233	-0.447011	-0.482735	-0.530006	-0.575834	-0.607111	-0.603812	-0.564821	-0.48368	-0.363938	-0.208752	-0.0331468	0.14116	
0	-0.12366	-0.225036	-0.298075	-0.345525	-0.378561	-0.396918	-0.402576	-0.405205	-0.418613	-0.457532	-0.506212	-0.545974	-0.548056	-0.509037	-0.430446	-0.319267	-0.18155	-0.0257647	0.127957	
0	-0.113324	-0.211185	-0.289104	-0.345617	-0.384363	-0.398535	-0.389855	-0.371339	-0.366178	-0.39467	-0.442793	-0.486429	-0.490396	-0.449582	-0.370772	-0.26365	-0.140807	-0.00392978	0.122685	
0	-0.0985756	-0.190957	-0.271413	-0.339166	-0.384086	-0.399368	-0.380976	-0.346708	-0.325459	-0.338991	-0.380377	-0.419295	-0.420607	-0.377875	-0.295736	-0.194745	-0.08158	0.0312803	0.128006	
0	-0.079973	-0.16257	-0.243924	-0.320298	-0.373687	-0.39325	-0.372839	-0.330046	-0.295728	-0.291855	-0.317974	-0.342605	-0.336841	-0.287235	-0.204558	-0.105949	-0.00572879	0.0817028	0.142388	
0	-0.059974	-0.130174	-0.211044	-0.292943	-0.357312	-0.383503	-0.371098	-0.326064	-0.284775	-0.261054	-0.264506	-0.267745	-0.247309	-0.190701	-0.106347	-0.0122783	0.0719138	0.132236	0.152901	
0	-0.0412118	-0.0988227	-0.177928	-0.265301	-0.340065	-0.381352	-0.381253	-0.347369	-0.300449	-0.258994	-0.231964	-0.204491	-0.161524	-0.0906408	-0.000660684	0.0893723	0.159258	0.190555	0.174848	
0	-0.0229478	-0.0684286	-0.142242	-0.234544	-0.319128	-0.380275	-0.399941	-0.385162	-0.339071	-0.281049	-0.220055	-0.154167	-0.080315	0.0144791	0.114436	0.205403	0.260582	0.264198	0.218027	
0	-0.00325667	-0.0346024	-0.0976863	-0.190741	-0.283157	-0.362997	-0.409473	-0.414945	-0.38	-0.305882	-0.214918	-0.109609	0.000411557	0.118097	0.232942	0.31916	0.35843	0.332367	0.258663	
0	0.0152344	0.0030729	-0.0502319	-0.134903	-0.235881	-0.331194	-0.404501	-0.435583	-0.411495	-0.33155	-0.211378	-0.0710474	0.0749677	0.218298	0.344198	0.426183	0.44433	0.390429	0.289053	
0	0.0303447	0.0348012	-0.00815941	-0.0844723	-0.192598	-0.303356	-0.402864	-0.460856	-0.450104	-0.37011	-0.224774	-0.0516779	0.13215	0.306265	0.445718	0.529784	0.529445	0.454566	0.328836	
0	0.0406669	0.0544604	0.0233817	-0.0506616	-0.161323	-0.28919	-0.411202	-0.49225	-0.499217	-0.417417	-0.256523	-0.0502283	0.172026	0.376122	0.538678	0.623529	0.617425	0.526641	0.382551	
0	0.049933	0.0738592	0.0548371	-0.0131285	-0.123538	-0.262422	-0.40072	-0.501823	-0.525277	-0.450677	-0.283059	-0.0562061	0.193481	0.421307	0.598267	0.68735	0.678106	0.583586	0.428419	
0	0.0598046	0.0943057	0.0892947	0.0299764	-0.0760388	-0.219051	-0.367112	-0.48264	-0.521444	-0.460729	-0.295161	-0.0614	0.20316	0.446062	0.62658	0.722934	0.712167	0.623417	0.465845	
0	0.062969	0.103584	0.106558	0.0550371	-0.0458461	-0.188142	-0.337915	-0.460168	-0.510407	-0.460884	-0.305006	-0.0686523	0.200646	0.44976	0.633828	0.730774	0.731843	0.648941	0.499294	
0	0.0602397	0.103525	0.108156	0.065837	-0.0310302	-0.164565	-0.310871	-0.430933	-0.488982	-0.449857	-0.309719	-0.0802397	0.181274	0.425407	0.606664	0.701079	0.718515	0.647285	0.512042	
0	0.0564959	0.0975157	0.10641	0.0700172	-0.0163646	-0.136497	-0.272093	-0.381571	-0.443683	-0.41353	-0.293224	-0.0828849	0.158851	0.384845	0.551221	0.642996	0.667593	0.616539	0.496643	
0	0.0517815	0.0896868	0.102696	0.0728651	0.00255073	-0.101467	-0.216387	-0.313998	-0.371932	-0.354518	-0.256453	-0.0787941	0.130136	0.324594	0.467231	0.551777	0.580369	0.551096	0.452772	
0	0.0418335	0.0749952	0.085233	0.0649513	0.008873	-0.0731041	-0.162471	-0.244272	-0.28905	-0.284782	-0.206063	-0.0699617	0.0984749	0.252312	0.365965	0.436596	0.46632	0.451554	0.378201	
0	0.027635	0.0499583	0.0559233	0.0418805	0.00222702	-0.0543542	-0.115384	-0.172746	-0.201939	-0.201964	-0.144235	-0.051215	0.0695008	0.176295	0.255452	0.306356	0.328091	0.321509	0.270382	
0	0.014814	0.0259329	0.0306164	0.0224819	0.00384372	-0.0259931	-0.0564495	-0.0863003	-0.102145	-0.103068	-0.0749028	-0.0283319	0.033	0.0867288	0.126417	0.153606	0.164107	0.164057	0.137508	
0	0	0	0	0	0	0	0	0	0	0	0	0	0	0	0	0	0	0	0	
