0	0	0	0	0	0	0	0	0	0	0	0	0	0	0	0	0	0	0	0	0	
-0.156836	-0.19537	-0.230104	-0.259563	-0.278752	-0.285838	-0.28192	-0.265219	-0.234301	-0.189274	-0.136278	-0.07993	-0.0232028	0.0265736	0.0651239	0.0906965	0.0989418	0.0898076	0.0687719	0.0380213	0	
-0.294341	-0.36758	-0.430566	-0.483943	-0.518103	-0.529158	-0.518156	-0.485026	-0.429483	-0.351884	-0.261803	-0.164035	-0.0665067	0.0176339	0.0847288	0.130775	0.147949	0.136685	0.106263	0.0599395	0	
-0.394907	-0.494406	-0.580899	-0.650135	-0.690216	-0.699081	-0.683371	-0.642192	-0.573702	-0.478339	-0.369984	-0.256919	-0.142817	-0.0418565	0.0391901	0.0989195	0.126751	0.121813	0.0976834	0.0565985	0	
-0.452658	-0.568388	-0.665288	-0.744243	-0.789269	-0.798032	-0.778371	-0.733803	-0.6658	-0.573984	-0.471638	-0.361708	-0.249176	-0.150155	-0.0651741	0.0045599	0.04501	0.0564449	0.0535221	0.0352242	0	
-0.459941	-0.577587	-0.680021	-0.762375	-0.810253	-0.822845	-0.811871	-0.780348	-0.72665	-0.65004	-0.564037	-0.473207	-0.377205	-0.287209	-0.205447	-0.129854	-0.0745204	-0.0423549	-0.0166163	-0.00047061	0	
-0.429182	-0.531954	-0.624696	-0.709237	-0.764622	-0.788792	-0.79307	-0.780122	-0.750376	-0.701283	-0.644739	-0.580479	-0.506148	-0.435112	-0.36345	-0.285356	-0.218729	-0.163843	-0.102908	-0.0452252	0	
-0.375064	-0.451379	-0.528304	-0.60402	-0.662882	-0.700056	-0.72373	-0.73729	-0.736533	-0.718167	-0.69236	-0.65991	-0.618832	-0.574228	-0.520025	-0.448957	-0.373979	-0.296723	-0.20052	-0.0962791	0	
-0.327783	-0.367033	-0.416051	-0.478689	-0.533055	-0.575434	-0.615186	-0.649965	-0.676726	-0.691727	-0.70228	-0.706691	-0.697528	-0.681723	-0.650973	-0.590315	-0.514176	-0.421843	-0.293631	-0.146011	0	
-0.301299	-0.305582	-0.322422	-0.356677	-0.396862	-0.436847	-0.481252	-0.533873	-0.587214	-0.633263	-0.675743	-0.710918	-0.735092	-0.747074	-0.732876	-0.682074	-0.604246	-0.497585	-0.349253	-0.175883	0	
-0.303376	-0.269215	-0.25135	-0.257081	-0.274032	-0.301901	-0.349355	-0.412819	-0.48495	-0.558521	-0.62958	-0.690597	-0.731682	-0.752568	-0.745207	-0.696536	-0.617529	-0.510512	-0.359926	-0.181028	0	
-0.325216	-0.260861	-0.21141	-0.187661	-0.185577	-0.201973	-0.241666	-0.308642	-0.392972	-0.480836	-0.565676	-0.637242	-0.688201	-0.713981	-0.701855	-0.649117	-0.567274	-0.458054	-0.317701	-0.159241	0	
-0.36229	-0.273318	-0.204054	-0.161807	-0.144095	-0.150071	-0.183767	-0.244939	-0.324609	-0.413234	-0.499414	-0.569746	-0.615609	-0.631806	-0.61239	-0.558268	-0.478433	-0.380668	-0.262522	-0.12937	0	
-0.411081	-0.315428	-0.238591	-0.190128	-0.168146	-0.167482	-0.19024	-0.236909	-0.300001	-0.369606	-0.436326	-0.490578	-0.525565	-0.534637	-0.509871	-0.457223	-0.383356	-0.29507	-0.199232	-0.0973529	0	
-0.480629	-0.394202	-0.324927	-0.277545	-0.255246	-0.252051	-0.263296	-0.291956	-0.330124	-0.369238	-0.405065	-0.428703	-0.438319	-0.430165	-0.397847	-0.352749	-0.292849	-0.221767	-0.151131	-0.0743338	0	
-0.572334	-0.514146	-0.464822	-0.429705	-0.410928	-0.402884	-0.404342	-0.409411	-0.413223	-0.413944	-0.406093	-0.388853	-0.366275	-0.335695	-0.296196	-0.258967	-0.21256	-0.159312	-0.111527	-0.0555706	0	
-0.684275	-0.667407	-0.65085	-0.634772	-0.624189	-0.613108	-0.59454	-0.572538	-0.541513	-0.494024	-0.439021	-0.378679	-0.318047	-0.262662	-0.210956	-0.177516	-0.144894	-0.105853	-0.0775326	-0.0420822	0	
-0.793149	-0.825346	-0.850923	-0.863671	-0.864876	-0.849759	-0.817103	-0.762155	-0.687597	-0.6	-0.50163	-0.399055	-0.304605	-0.220664	-0.152434	-0.115948	-0.0853842	-0.05572	-0.0435482	-0.0245974	0	
-0.887717	-0.95865	-1.0203	-1.06246	-1.08031	-1.06801	-1.02185	-0.945276	-0.841741	-0.713409	-0.580528	-0.452402	-0.330462	-0.222648	-0.134502	-0.0798901	-0.038495	-0.00566825	-0.00152555	-0.00287987	0	
-0.957804	-1.05109	-1.13424	-1.19222	-1.2195	-1.21148	-1.16528	-1.07811	-0.959269	-0.819229	-0.670434	-0.523632	-0.385617	-0.258452	-0.149717	-0.0766877	-0.0189889	0.0240731	0.0277332	0.0142142	0	
-1.00388	-1.10052	-1.18381	-1.24292	-1.26877	-1.26049	-1.21713	-1.1338	-1.01536	-0.871306	-0.722593	-0.579681	-0.439728	-0.307387	-0.192878	-0.106626	-0.0354627	0.0159045	0.0268036	0.0155937	0	
-1.01315	-1.10623	-1.18209	-1.22706	-1.23413	-1.21138	-1.16238	-1.08307	-0.978761	-0.852987	-0.719456	-0.590061	-0.461564	-0.33744	-0.229802	-0.146546	-0.0762929	-0.0207645	0.00117315	0.00120161	0	
-0.975906	-1.05635	-1.11268	-1.13384	-1.11559	-1.07176	-1.01305	-0.937403	-0.846594	-0.746243	-0.643228	-0.539887	-0.432414	-0.32475	-0.231134	-0.159276	-0.100769	-0.0546933	-0.0295809	-0.0159587	0	
-0.887331	-0.939999	-0.967733	-0.959864	-0.909678	-0.841039	-0.772512	-0.702826	-0.632052	-0.558905	-0.485826	-0.415532	-0.337258	-0.254646	-0.185085	-0.130712	-0.0878865	-0.0557935	-0.0345009	-0.0188394	0	
-0.749957	-0.756596	-0.742323	-0.698841	-0.627193	-0.546511	-0.470706	-0.404194	-0.344508	-0.292691	-0.247512	-0.206663	-0.164984	-0.121027	-0.0849136	-0.0609101	-0.0447249	-0.0325096	-0.0230572	-0.0133282	0	
-0.558408	-0.516616	-0.460857	-0.389642	-0.299503	-0.209034	-0.134177	-0.0700926	-0.011605	0.0336734	0.0629915	0.0744195	0.0722961	0.0634978	0.0489433	0.0323947	0.0178988	0.00791447	0.0030952	0.00161323	0	
-0.325472	-0.238798	-0.151361	-0.0578364	0.0409588	0.134745	0.216539	0.281233	0.334717	0.372198	0.38636	0.371451	0.328704	0.270777	0.206794	0.1454	0.0982648	0.063524	0.0381567	0.0215988	0	
-0.0781063	0.043297	0.158423	0.267799	0.372323	0.469318	0.548606	0.608316	0.652494	0.671031	0.661487	0.622302	0.549523	0.457907	0.365702	0.27335	0.192604	0.131734	0.0814761	0.0404283	0	
0.14569	0.29592	0.432333	0.554062	0.660341	0.752438	0.825564	0.871553	0.893395	0.887562	0.851789	0.788861	0.699854	0.597375	0.492938	0.383857	0.285033	0.198415	0.120069	0.0602586	0	
0.319124	0.486315	0.635854	0.762159	0.862379	0.943825	1.00232	1.02947	1.02584	0.993016	0.935983	0.859313	0.764585	0.664423	0.566081	0.454089	0.343083	0.244047	0.147952	0.0685923	0	
0.433043	0.590142	0.735809	0.858195	0.949183	1.01406	1.05152	1.05691	1.03087	0.979497	0.909057	0.827502	0.737921	0.646945	0.558959	0.458092	0.356949	0.263329	0.16482	0.0769814	0	
0.479256	0.610924	0.731002	0.831747	0.907877	0.956992	0.974894	0.957598	0.908118	0.84344	0.771999	0.695431	0.618119	0.545524	0.474826	0.394227	0.319614	0.251462	0.167407	0.0801616	0	
0.457344	0.555874	0.643727	0.714127	0.760925	0.781441	0.77539	0.742103	0.681638	0.611102	0.542638	0.476848	0.419377	0.371929	0.326016	0.27602	0.235993	0.201482	0.144052	0.0698745	0	
0.385842	0.451495	0.502592	0.532773	0.541473	0.524853	0.488373	0.438907	0.37706	0.315497	0.259048	0.207392	0.169971	0.148558	0.134205	0.120322	0.1152	0.115094	0.0893463	0.0408476	0	
0.273037	0.311411	0.326668	0.317933	0.287013	0.23031	0.163909	0.102744	0.0473118	-0.00131027	-0.0420084	-0.0777081	-0.0950067	-0.0865555	-0.0718103	-0.0536508	-0.0235201	0.00210697	0.00609478	0.000120513	0	
0.152642	0.15401	0.132831	0.0904148	0.0269028	-0.057138	-0.145696	-0.218518	-0.268437	-0.299662	-0.318058	-0.329637	-0.324196	-0.295489	-0.256864	-0.216258	-0.170195	-0.121259	-0.0840567	-0.0504394	0	
0.0413968	0.00530021	-0.0594673	-0.135408	-0.217536	-0.311459	-0.403613	-0.474769	-0.51635	-0.535902	-0.536961	-0.520852	-0.488821	-0.442705	-0.394095	-0.346681	-0.288618	-0.224098	-0.159374	-0.0834556	0	
-0.0655642	-0.130417	-0.226732	-0.326658	-0.418763	-0.502329	-0.57917	-0.640842	-0.672888	-0.681906	-0.668361	-0.631514	-0.579788	-0.518948	-0.461548	-0.413232	-0.352613	-0.277839	-0.195618	-0.0980011	0	
-0.168933	-0.254852	-0.364081	-0.467121	-0.552554	-0.618972	-0.671936	-0.708449	-0.722773	-0.718851	-0.695142	-0.647605	-0.585991	-0.52223	-0.460404	-0.408766	-0.351379	-0.27794	-0.193416	-0.094674	0	
-0.264348	-0.353088	-0.456678	-0.54726	-0.613255	-0.655744	-0.68366	-0.696494	-0.683938	-0.651417	-0.612018	-0.562746	-0.511317	-0.460254	-0.400298	-0.348449	-0.295914	-0.232556	-0.163536	-0.0802191	0	
-0.332143	-0.408725	-0.488719	-0.557645	-0.600714	-0.616411	-0.617764	-0.60361	-0.567778	-0.514523	-0.459461	-0.412915	-0.377594	-0.343542	-0.297957	-0.251694	-0.204129	-0.157	-0.111032	-0.0536867	0	
-0.367487	-0.419835	-0.465093	-0.501054	-0.51525	-0.505568	-0.477698	-0.438712	-0.39143	-0.329878	-0.276273	-0.243475	-0.22275	-0.205385	-0.173422	-0.13612	-0.102198	-0.0663871	-0.0403569	-0.0216405	0	
-0.382488	-0.399402	-0.402878	-0.398074	-0.373403	-0.333291	-0.282733	-0.228302	-0.178787	-0.132328	-0.0966643	-0.0770026	-0.0676547	-0.0589019	-0.044123	-0.0290902	-0.00931578	0.0133378	0.0209367	0.013567	0	
-0.368202	-0.343793	-0.303409	-0.262441	-0.211127	-0.147105	-0.0803461	-0.0239517	0.017567	0.0498482	0.0696202	0.0745563	0.0791405	0.0862812	0.0831411	0.0701161	0.0624097	0.0610449	0.0494044	0.0254855	0	
-0.327217	-0.267254	-0.199493	-0.132012	-0.0602336	0.014828	0.0883708	0.14742	0.179987	0.195656	0.203543	0.200503	0.195842	0.193252	0.179099	0.151055	0.126211	0.10459	0.0708319	0.0323864	0	
-0.29239	-0.20071	-0.113994	-0.030765	0.0545283	0.139737	0.211881	0.258317	0.281643	0.286283	0.281176	0.276018	0.269679	0.261475	0.245351	0.213555	0.180796	0.140249	0.0829157	0.0352691	0	
-0.265177	-0.166126	-0.0642118	0.0331252	0.117819	0.197458	0.258539	0.294918	0.313713	0.31519	0.31055	0.308049	0.30226	0.292199	0.272816	0.238526	0.202631	0.152026	0.0861862	0.0385253	0	
-0.241029	-0.148437	-0.0468092	0.0554226	0.139875	0.197275	0.231632	0.256682	0.276655	0.291663	0.293992	0.291237	0.289002	0.27592	0.254527	0.221722	0.181441	0.134592	0.0825947	0.0410934	0	
-0.210043	-0.131589	-0.0504001	0.0361943	0.110932	0.154863	0.170825	0.179747	0.197403	0.219575	0.227899	0.230187	0.226186	0.208696	0.189744	0.161159	0.126306	0.0961404	0.0695605	0.0428457	0	
-0.193155	-0.127549	-0.0654178	-0.0106974	0.0380636	0.0730064	0.0879483	0.0941242	0.104843	0.122742	0.129679	0.128825	0.125712	0.109166	0.0915545	0.0761656	0.0548948	0.0406829	0.0395622	0.0308744	0	
