0	-0.0656128	-0.125379	-0.186358	-0.24793	-0.30104	-0.356529	-0.413051	-0.455387	-0.499002	-0.546703	-0.583502	-0.615745	-0.6429	-0.674299	-0.700545	-0.713865	-0.726277	-0.747245	-0.763282	
0	-0.0386918	-0.0781937	-0.122871	-0.167074	-0.201658	-0.241226	-0.2857	-0.318565	-0.35414	-0.398992	-0.427462	-0.458715	-0.491954	-0.522662	-0.552901	-0.567886	-0.588822	-0.617497	-0.635447	
0	-0.0259758	-0.0504633	-0.0707403	-0.0974512	-0.121655	-0.150128	-0.180801	-0.203014	-0.229654	-0.264359	-0.287731	-0.310657	-0.343696	-0.369822	-0.394234	-0.411118	-0.433632	-0.46405	-0.479381	
0	-0.00939303	-0.0297368	-0.0387923	-0.051158	-0.068757	-0.0845865	-0.0995947	-0.11604	-0.138365	-0.160026	-0.175428	-0.1933	-0.218147	-0.23885	-0.254376	-0.267365	-0.290655	-0.314763	-0.324006	
0	0.000856996	-0.0123044	-0.021444	-0.0252306	-0.0320006	-0.0445621	-0.050039	-0.056949	-0.0734781	-0.0844348	-0.0927255	-0.106658	-0.127351	-0.137997	-0.147348	-0.158288	-0.177696	-0.194521	-0.194772	
0	-0.00209265	-0.00821432	-0.00281014	-0.00417867	-0.0155559	-0.0191996	-0.0182264	-0.0264988	-0.0368252	-0.0355648	-0.0419199	-0.0494962	-0.0609706	-0.0664372	-0.0665949	-0.0796556	-0.0946015	-0.100409	-0.0984916	
0	-0.000907718	-0.00340372	-0.0019526	0.00124186	-0.00280064	-0.000977242	0.00248514	-0.00674502	-0.0132137	-0.0054204	-0.0136044	-0.0216947	-0.0211835	-0.0241365	-0.0209676	-0.0295664	-0.040747	-0.0343169	-0.0287036	
0	0.00414642	0.00842994	0.000708787	0.00148544	0.00262752	0.00155325	0.00506595	0.00625191	0.00406079	0.0102876	0.00825902	-0.000737156	0.00471235	0.00504669	0.00455755	-0.00359784	-0.00699819	0.00240897	0.0108886	
0	-0.00682585	0.00600941	0.0062065	0.00467909	0.00837261	0.0129411	0.00790251	0.00454035	0.0123038	0.0125923	0.0136858	0.0108152	0.0185741	0.0236702	0.0205845	0.014691	0.0199523	0.0316976	0.0339945	
0	-0.00720158	0.00426811	0.00587631	0.00336655	0.00965388	0.0149727	0.0109341	0.0100659	0.0236969	0.0171029	0.0126647	0.0194244	0.0233198	0.0278677	0.0224009	0.0224639	0.0343743	0.0462443	0.0418581	
0	0.0116231	0.00614111	0.00523698	0.0053401	0.00703416	0.0090867	0.0108349	0.0158602	0.0224491	0.0187688	0.0177676	0.0291998	0.0306363	0.0299736	0.026539	0.0306247	0.0450178	0.0503687	0.0415244	
0	0.00928429	-0.00204735	0.00156741	0.0117939	0.0148811	0.0107579	0.0106298	0.0182709	0.0178208	0.0164076	0.0220503	0.0303413	0.0324479	0.0301821	0.0302245	0.0419625	0.0533568	0.0519488	0.043418	
0	-0.00344259	-0.00103946	0.00774008	0.0126212	0.0122329	0.00738224	0.0148827	0.0247885	0.0164457	0.0167459	0.0268989	0.0313412	0.0291302	0.029106	0.0335803	0.0496132	0.0553747	0.0470796	0.0463112	
0	-0.000454389	0.00685862	0.0120403	0.00501976	0.00313559	0.0132706	0.0217503	0.0211315	0.0140205	0.0240481	0.0329397	0.0304496	0.0274285	0.0298609	0.0422579	0.0522702	0.0517393	0.04204	0.0512739	
0	0.00530913	0.0108216	0.00600718	0.00378379	0.00874693	0.0187952	0.0165868	0.0112253	0.0192529	0.0308353	0.0331322	0.0279541	0.0319005	0.0374835	0.0517843	0.0535345	0.0457923	0.0446451	0.0600318	
0	0.000664303	0.00454621	0.00134339	0.0126344	0.0196718	0.0160755	0.0146124	0.0130128	0.0239731	0.0283097	0.0258669	0.0259069	0.034256	0.0457263	0.0546401	0.0523176	0.0444552	0.056367	0.0754616	
0	-0.0010249	-0.00286315	0.00430933	0.0141386	0.0158364	0.0132477	0.017657	0.0230292	0.0310559	0.0304456	0.0238795	0.0286039	0.0374772	0.0487948	0.0484	0.0427981	0.0450224	0.0660456	0.086314	
0	0.0076554	0.008461	0.0151959	0.00874971	0.00455513	0.0092394	0.0144968	0.0282706	0.0324578	0.0264526	0.0279817	0.0412108	0.0502872	0.0530375	0.0460872	0.042187	0.0568526	0.0782649	0.0927844	
0	0.00565988	0.011486	0.0120641	0.00760762	0.0109287	0.0188165	0.0231051	0.0265573	0.0184702	0.0169009	0.0339008	0.0472758	0.0508306	0.0483668	0.0456791	0.0540488	0.077799	0.0949102	0.100749	
0	-0.00347008	-0.00131409	-0.00022723	0.011007	0.0225202	0.0275824	0.0292365	0.0209978	0.0180517	0.03198	0.0445142	0.0437785	0.0415584	0.0394111	0.0448827	0.0655142	0.0887256	0.0979023	0.0963468	
0	0.0010343	0.00261008	0.00672926	0.0152555	0.0182922	0.0169448	0.0174484	0.0196278	0.0341176	0.0486716	0.0473235	0.0434382	0.0430507	0.0441395	0.0585717	0.0825868	0.0940404	0.0920348	0.085341	
0	0.00802666	0.01343	0.0175588	0.015376	0.0117613	0.0114109	0.0151658	0.0277781	0.0408996	0.042735	0.0408551	0.0430937	0.0458101	0.0576034	0.0816713	0.0980247	0.0955069	0.0878168	0.0826465	
0	0.00666132	0.0117223	0.0141159	0.0126598	0.0139369	0.0195236	0.0271643	0.036477	0.0384994	0.035251	0.0365519	0.0402851	0.0511379	0.0757491	0.0958698	0.0959601	0.0876659	0.0836956	0.087588	
0	0.00126059	0.00274937	0.00540137	0.0116879	0.0205014	0.0302018	0.0383979	0.0398747	0.0356295	0.0332902	0.0362718	0.047445	0.0699581	0.0903899	0.0918268	0.0825253	0.0791513	0.0838118	0.10378	
0	-0.00280433	-0.00248192	0.00295177	0.0139205	0.0257953	0.0347456	0.038327	0.0353847	0.0332934	0.0385263	0.051665	0.0721458	0.0893149	0.0894188	0.0789387	0.0739738	0.0785077	0.0957167	0.139347	
0	0.00466207	0.0106275	0.017078	0.0222573	0.0249077	0.0241588	0.0218695	0.0239003	0.0351661	0.0545482	0.0763474	0.0916209	0.0921473	0.0826162	0.0770872	0.0807596	0.0957796	0.13445	0.202264	
0	0.0148996	0.0260206	0.0305923	0.02815	0.0218504	0.0163054	0.017119	0.0285957	0.0478349	0.0673864	0.0803374	0.0823847	0.07735	0.0750788	0.0807669	0.0976786	0.136041	0.202048	0.282855	
0	0.00810386	0.0139027	0.0170825	0.0189003	0.0218553	0.0290686	0.0417362	0.0569428	0.0690609	0.0740821	0.0717825	0.0657736	0.0625771	0.0676633	0.0858999	0.125983	0.192272	0.273259	0.350961	
0	-0.00406189	-0.0054655	-0.00179898	0.00818408	0.0239821	0.0435382	0.0625762	0.0757958	0.0805867	0.0778832	0.0709894	0.0652462	0.0670647	0.0836686	0.12274	0.18612	0.263147	0.337839	0.402264	
0	-0.0022217	-0.00129645	0.00472898	0.0163052	0.0319949	0.0484076	0.0614508	0.0684825	0.0695894	0.0670827	0.0653428	0.0711709	0.0924	0.134827	0.197617	0.270709	0.341086	0.401882	0.449706	
0	0.00813746	0.0172123	0.0274082	0.0379763	0.0471944	0.0528071	0.0535995	0.0505547	0.0466993	0.0470352	0.0583095	0.0870234	0.135999	0.201567	0.274118	0.343363	0.403454	0.450095	0.47334	
0	0.0182261	0.0347748	0.04785	0.0555707	0.0565995	0.0512197	0.0421145	0.0341935	0.0337196	0.0471751	0.079211	0.130044	0.194536	0.264223	0.331175	0.390056	0.435138	0.456135	0.441237	
0	0.0219165	0.0396723	0.0501157	0.051926	0.0463359	0.0373373	0.0308428	0.0332191	0.0497514	0.0830446	0.131798	0.191067	0.254297	0.315519	0.36941	0.408861	0.423496	0.403419	0.345991	
0	0.00903943	0.0154986	0.018098	0.017704	0.0173546	0.0213927	0.0340754	0.0583041	0.0947989	0.141791	0.195533	0.251459	0.304828	0.349978	0.378995	0.382253	0.352301	0.288298	0.195537	
0	-0.0130658	-0.0234783	-0.0285627	-0.0257558	-0.013012	0.010701	0.0451467	0.0888565	0.139311	0.193189	0.246542	0.294565	0.33095	0.347778	0.337185	0.294602	0.220994	0.12117	-0.000959866	
0	-0.0216516	-0.0381635	-0.0452431	-0.0400775	-0.0216126	0.00955499	0.0515158	0.101317	0.155004	0.207507	0.252503	0.282541	0.289955	0.268784	0.216837	0.136124	0.0305917	-0.0971795	-0.246606	
0	-0.01266	-0.0216954	-0.0239593	-0.0171746	-0.000201433	0.0267578	0.0619175	0.101669	0.140538	0.171566	0.187226	0.180852	0.148212	0.0883935	0.00313351	-0.10525	-0.235627	-0.387343	-0.556916	
0	-1.20161e-06	0.00203787	0.00787026	0.0186106	0.0343105	0.0535332	0.0730999	0.0882384	0.0932543	0.0826165	0.0521273	-0.000290554	-0.0746566	-0.169948	-0.28542	-0.420953	-0.575524	-0.74457	-0.918697	
0	0.00971368	0.0200854	0.0312322	0.0422824	0.0511275	0.054488	0.048359	0.028762	-0.00744006	-0.0620006	-0.135285	-0.226838	-0.336215	-0.463404	-0.608188	-0.768437	-0.938404	-1.10871	-1.26884	
0	0.0131841	0.0242608	0.0308782	0.0303462	0.0197796	-0.00354047	-0.0417261	-0.0959838	-0.166642	-0.253526	-0.356479	-0.47564	-0.611097	-0.761802	-0.924213	-1.09162	-1.25505	-1.40577	-1.53784	
0	-0.000830045	-0.00565931	-0.0181311	-0.041216	-0.0769931	-0.126605	-0.190442	-0.268517	-0.360892	-0.467878	-0.589797	-0.726219	-0.874947	-1.03128	-1.18822	-1.33784	-1.4734	-1.59087	-1.68869	
0	-0.0350494	-0.0728225	-0.115747	-0.165771	-0.224363	-0.29268	-0.371792	-0.462787	-0.566592	-0.68345	-0.812187	-0.949631	-1.09057	-1.22852	-1.35715	-1.47176	-1.56979	-1.65007	-1.71095	
0	-0.0711577	-0.143033	-0.216486	-0.29264	-0.372927	-0.459005	-0.552475	-0.654395	-0.764694	-0.881698	-1.00202	-1.121	-1.23366	-1.33578	-1.42467	-1.49894	-1.55744	-1.59784	-1.61582	
0	-0.0894255	-0.180033	-0.273041	-0.369657	-0.470891	-0.577246	-0.688331	-0.802581	-0.917201	-1.02849	-1.1325	-1.22581	-1.30617	-1.37248	-1.42421	-1.46022	-1.47787	-1.47288	-1.44047	
0	-0.0892228	-0.1816	-0.279747	-0.385253	-0.498292	-0.617431	-0.739706	-0.861011	-0.97676	-1.08267	-1.17541	-1.25285	-1.31381	-1.35728	-1.38158	-1.38385	-1.36047	-1.3082	-1.22602	
0	-0.0811382	-0.165985	-0.257502	-0.3573	-0.465293	-0.579693	-0.697321	-0.814154	-0.925933	-1.02864	-1.11866	-1.19266	-1.2472	-1.27852	-1.28262	-1.25602	-1.19688	-1.10626	-0.988854	
0	-0.0697288	-0.141767	-0.21809	-0.30006	-0.388252	-0.482362	-0.581195	-0.682652	-0.783678	-0.880192	-0.967047	-1.03817	-1.087	-1.10738	-1.09467	-1.04699	-0.966115	-0.857647	-0.730368	
0	-0.0524115	-0.105478	-0.160031	-0.217168	-0.278174	-0.344247	-0.416031	-0.493039	-0.573111	-0.652113	-0.724041	-0.781665	-0.817667	-0.826075	-0.80364	-0.75076	-0.67164	-0.573601	-0.465712	
0	-0.0281806	-0.0563087	-0.0846147	-0.113779	-0.144898	-0.179211	-0.217636	-0.260217	-0.305657	-0.35111	-0.392373	-0.424508	-0.442789	-0.44374	-0.42599	-0.390662	-0.341191	-0.282612	-0.220545	
0	0	0	0	0	0	0	0	0	0	0	0	0	0	0	0	0	0	0	0	
