-0.694891	-0.775897	-0.802407	-0.777573	-0.707336	-0.602383	-0.475194	-0.338512	-0.211499	-0.119664	-0.0759595	-0.0645494	-0.0792149	-0.127039	-0.189616	-0.251781	-0.306895	-0.320643	-0.266111	-0.151434	0	
-0.644472	-0.753448	-0.808929	-0.813463	-0.76467	-0.665974	-0.534982	-0.397607	-0.278225	-0.200131	-0.172105	-0.175695	-0.20675	-0.270099	-0.338064	-0.389076	-0.418045	-0.399648	-0.315828	-0.175745	0	
-0.528465	-0.663016	-0.745799	-0.777355	-0.750619	-0.667499	-0.547782	-0.421596	-0.316793	-0.259221	-0.254206	-0.276631	-0.322135	-0.398733	-0.478726	-0.533448	-0.548379	-0.500007	-0.380932	-0.207112	0	
-0.36458	-0.520799	-0.621192	-0.669744	-0.665447	-0.607892	-0.511592	-0.406386	-0.321013	-0.283672	-0.301146	-0.346304	-0.41096	-0.501518	-0.594544	-0.660921	-0.676702	-0.613861	-0.466666	-0.253247	0	
-0.166091	-0.335328	-0.453192	-0.519607	-0.531499	-0.494057	-0.426016	-0.350851	-0.288433	-0.267722	-0.301704	-0.367826	-0.45504	-0.563657	-0.67282	-0.755426	-0.781413	-0.718048	-0.55451	-0.304298	0	
0.0557791	-0.126131	-0.263227	-0.344121	-0.369037	-0.348817	-0.302782	-0.254263	-0.218268	-0.214968	-0.257166	-0.334612	-0.441526	-0.572497	-0.70523	-0.808654	-0.844445	-0.780139	-0.606153	-0.33395	0	
0.277586	0.0946462	-0.0551769	-0.155645	-0.197135	-0.187349	-0.154635	-0.126997	-0.112913	-0.124479	-0.174024	-0.260226	-0.381223	-0.529232	-0.682513	-0.802838	-0.842271	-0.773869	-0.597408	-0.32725	0	
0.487343	0.313482	0.155276	0.0416003	-0.0122695	-0.0147558	0.00839353	0.0269684	0.0247844	-0.0064464	-0.0697874	-0.166245	-0.294345	-0.44307	-0.596379	-0.718027	-0.757585	-0.694271	-0.533957	-0.291204	0	
0.657747	0.503148	0.35981	0.251525	0.191535	0.179841	0.192724	0.195399	0.172455	0.122925	0.0463499	-0.0603824	-0.187899	-0.320259	-0.453692	-0.563263	-0.603442	-0.558755	-0.434018	-0.23793	0	
0.778751	0.66253	0.550982	0.463841	0.413253	0.394025	0.385853	0.366261	0.323425	0.258539	0.175358	0.068454	-0.0523806	-0.169443	-0.284787	-0.381442	-0.42258	-0.39962	-0.315809	-0.174539	0	
0.866941	0.785343	0.709203	0.65514	0.621993	0.602095	0.582201	0.544111	0.481968	0.409833	0.331968	0.229578	0.108646	-0.00874749	-0.122828	-0.217937	-0.26335	-0.257027	-0.205435	-0.113248	0	
0.921521	0.8696	0.826591	0.801134	0.791985	0.788905	0.773065	0.731835	0.66661	0.592896	0.513212	0.406839	0.277099	0.143618	0.0115634	-0.0978119	-0.157086	-0.167185	-0.136722	-0.0748767	0	
0.954195	0.926627	0.905889	0.90664	0.927485	0.951378	0.958751	0.934642	0.873019	0.791901	0.701046	0.580721	0.429799	0.267151	0.106489	-0.0282093	-0.113485	-0.144859	-0.12598	-0.070362	0	
0.964993	0.963171	0.974436	1.00704	1.05681	1.10861	1.13933	1.13	1.07471	0.988137	0.876076	0.726196	0.542614	0.343438	0.149479	-0.012878	-0.123709	-0.171394	-0.153643	-0.0876576	0	
0.959869	1.00402	1.05993	1.1262	1.20151	1.27003	1.31087	1.31035	1.25742	1.15519	1.01041	0.823201	0.598659	0.355753	0.13081	-0.046093	-0.16396	-0.210499	-0.182952	-0.10345	0	
0.958289	1.05114	1.1552	1.2627	1.36508	1.44415	1.48338	1.47221	1.40216	1.27313	1.08847	0.85569	0.586115	0.306146	0.0652484	-0.107153	-0.210351	-0.237475	-0.193394	-0.106133	0	
0.960381	1.09994	1.25811	1.41102	1.53941	1.62172	1.64412	1.60524	1.50372	1.33318	1.0979	0.821741	0.521838	0.22421	-0.0160432	-0.171007	-0.248751	-0.25139	-0.192852	-0.103027	0	
0.979884	1.16434	1.36625	1.55367	1.69966	1.77774	1.77591	1.69794	1.54992	1.33098	1.05361	0.749896	0.43759	0.142538	-0.0830375	-0.218733	-0.276818	-0.263583	-0.197102	-0.104688	0	
1.01991	1.23433	1.46337	1.67331	1.82622	1.88994	1.85504	1.73412	1.54509	1.2909	0.985804	0.667602	0.359167	0.0829693	-0.123496	-0.246738	-0.294237	-0.274131	-0.206185	-0.111123	0	
1.05606	1.28883	1.53263	1.74941	1.89338	1.93598	1.87558	1.72783	1.51192	1.23513	0.917511	0.596966	0.298372	0.0433115	-0.144405	-0.255985	-0.293657	-0.269839	-0.204924	-0.111755	0	
1.07673	1.31381	1.55211	1.75723	1.88668	1.91737	1.84646	1.6871	1.46148	1.1821	0.865879	0.543912	0.251306	0.0167217	-0.150481	-0.246822	-0.270126	-0.239881	-0.179708	-0.0971999	0	
1.08753	1.30801	1.52198	1.70416	1.81473	1.83253	1.75926	1.60885	1.39556	1.12865	0.823244	0.506724	0.223503	0.0074237	-0.14121	-0.219589	-0.225264	-0.187964	-0.134962	-0.0706257	0	
1.10028	1.29373	1.47259	1.6143	1.68696	1.6852	1.61648	1.48325	1.2897	1.04954	0.774299	0.480095	0.215439	0.0200891	-0.108645	-0.170312	-0.166693	-0.131005	-0.0884199	-0.0431812	0	
1.13064	1.29114	1.42035	1.50216	1.52776	1.50227	1.42736	1.30258	1.1317	0.925747	0.689668	0.436311	0.212769	0.0522218	-0.0514404	-0.100406	-0.100537	-0.0784888	-0.050812	-0.0226896	0	
1.1741	1.28989	1.36197	1.38597	1.36588	1.30615	1.21292	1.08742	0.925785	0.740086	0.543911	0.350003	0.18781	0.0757274	0.00928248	-0.0199804	-0.0265438	-0.0239842	-0.0151304	-0.00507163	0	
1.21202	1.28404	1.3088	1.2807	1.21078	1.11315	0.994483	0.849319	0.678282	0.502348	0.340129	0.204711	0.10905	0.0569148	0.0433697	0.0483327	0.0477179	0.0408266	0.0338534	0.0208936	0	
1.24337	1.2815	1.26306	1.18285	1.06708	0.929493	0.769737	0.591722	0.406277	0.230455	0.0898693	0.00667943	-0.0251088	-0.0183705	0.0242075	0.0755788	0.102865	0.107203	0.0928773	0.0543638	0	
1.25786	1.26246	1.20494	1.08746	0.93132	0.743126	0.534795	0.323213	0.119705	-0.0584163	-0.177341	-0.217858	-0.201808	-0.145969	-0.0515997	0.0476519	0.113731	0.14219	0.130378	0.0765706	0	
1.23985	1.20756	1.11873	0.969149	0.768272	0.535117	0.292391	0.0562348	-0.157578	-0.330765	-0.435028	-0.453054	-0.402453	-0.302918	-0.169546	-0.0380083	0.0598504	0.112542	0.112685	0.0669965	0	
1.19417	1.11341	0.978828	0.787059	0.553016	0.300932	0.0470345	-0.193816	-0.40452	-0.570604	-0.666226	-0.671874	-0.598338	-0.471215	-0.321	-0.177186	-0.0602269	0.0123509	0.0347144	0.0234576	0	
1.11341	0.969698	0.779343	0.554814	0.305559	0.0478966	-0.202526	-0.4332	-0.629755	-0.774804	-0.85132	-0.85003	-0.770747	-0.637179	-0.491642	-0.353566	-0.22839	-0.134892	-0.0768808	-0.0359702	0	
0.978828	0.779343	0.552392	0.309032	0.0486639	-0.208974	-0.4498	-0.666531	-0.840205	-0.952275	-1.00178	-0.987998	-0.904813	-0.779753	-0.655497	-0.533379	-0.405803	-0.289758	-0.188988	-0.0928237	0	
0.787059	0.554814	0.309032	0.054359	-0.201017	-0.444908	-0.676768	-0.88364	-1.03725	-1.11803	-1.13142	-1.09001	-1.00159	-0.890556	-0.780673	-0.666481	-0.542107	-0.413905	-0.279659	-0.13907	0	
0.553016	0.305559	0.0486639	-0.201017	-0.433514	-0.661868	-0.886109	-1.07745	-1.20483	-1.25206	-1.23093	-1.16652	-1.0735	-0.96195	-0.84234	-0.723045	-0.605624	-0.478092	-0.32985	-0.166941	0	
0.300932	0.0478966	-0.208974	-0.444908	-0.661868	-0.878822	-1.07936	-1.23106	-1.31802	-1.33669	-1.29473	-1.2102	-1.10295	-0.980272	-0.844427	-0.713581	-0.59586	-0.470055	-0.323684	-0.164752	0	
0.0470345	-0.202526	-0.4498	-0.676768	-0.886109	-1.07936	-1.23304	-1.33321	-1.38189	-1.37504	-1.30674	-1.19463	-1.07195	-0.943061	-0.798935	-0.658675	-0.533207	-0.404196	-0.267399	-0.132869	0	
-0.193816	-0.4332	-0.666531	-0.88364	-1.07745	-1.23106	-1.33321	-1.39014	-1.4	-1.35424	-1.25503	-1.12437	-0.989023	-0.85213	-0.710134	-0.572313	-0.439956	-0.310364	-0.1939	-0.0939972	0	
-0.40452	-0.629755	-0.840205	-1.03725	-1.20483	-1.31802	-1.38189	-1.4	-1.36094	-1.27387	-1.15588	-1.01523	-0.864715	-0.721842	-0.592335	-0.463761	-0.332386	-0.219421	-0.13659	-0.0683948	0	
-0.570604	-0.774804	-0.952275	-1.11803	-1.25206	-1.33669	-1.37504	-1.35424	-1.27387	-1.15935	-1.02525	-0.874441	-0.718092	-0.577536	-0.458697	-0.343874	-0.234988	-0.155412	-0.101064	-0.050893	0	
-0.666226	-0.85132	-1.00178	-1.13142	-1.23093	-1.29473	-1.30674	-1.25503	-1.15588	-1.02525	-0.876984	-0.725084	-0.57267	-0.432757	-0.321382	-0.234223	-0.167094	-0.118836	-0.0759358	-0.034001	0	
-0.671874	-0.85003	-0.987998	-1.09001	-1.16652	-1.2102	-1.19463	-1.12437	-1.01523	-0.874441	-0.725084	-0.581142	-0.438051	-0.307442	-0.209791	-0.150446	-0.11812	-0.0910972	-0.0574023	-0.0248112	0	
-0.598338	-0.770747	-0.904813	-1.00159	-1.0735	-1.10295	-1.07195	-0.989023	-0.864715	-0.718092	-0.57267	-0.438051	-0.320541	-0.22137	-0.141651	-0.0949436	-0.0769877	-0.0615633	-0.0413252	-0.0216951	0	
-0.471215	-0.637179	-0.779753	-0.890556	-0.96195	-0.980272	-0.943061	-0.85213	-0.721842	-0.577536	-0.432757	-0.307442	-0.22137	-0.159008	-0.105095	-0.0704639	-0.0512702	-0.0329392	-0.0199372	-0.0124856	0	
-0.321	-0.491642	-0.655497	-0.780673	-0.84234	-0.844427	-0.798935	-0.710134	-0.592335	-0.458697	-0.321382	-0.209791	-0.141651	-0.105095	-0.0834976	-0.0629414	-0.0361615	-0.0127257	-0.00218014	-0.00015809	0	
-0.177186	-0.353566	-0.533379	-0.666481	-0.723045	-0.713581	-0.658675	-0.572313	-0.463761	-0.343874	-0.234223	-0.150446	-0.0949436	-0.0704639	-0.0629414	-0.0446791	-0.0190377	-0.00611985	-0.00124573	0.00260512	0	
-0.0602269	-0.22839	-0.405803	-0.542107	-0.605624	-0.59586	-0.533207	-0.439956	-0.332386	-0.234988	-0.167094	-0.11812	-0.0769877	-0.0512702	-0.0361615	-0.0190377	-0.00706008	-0.00680565	-0.00723798	-0.00314923	0	
0.0123509	-0.134892	-0.289758	-0.413905	-0.478092	-0.470055	-0.404196	-0.310364	-0.219421	-0.155412	-0.118836	-0.0910972	-0.0615633	-0.0329392	-0.0127257	-0.00611985	-0.00680565	-0.00623073	-0.00615585	-0.00580851	0	
0.0347144	-0.0768808	-0.188988	-0.279659	-0.32985	-0.323684	-0.267399	-0.1939	-0.13659	-0.101064	-0.0759358	-0.0574023	-0.0413252	-0.0199372	-0.00218014	-0.00124573	-0.00723798	-0.00615585	-0.00247364	-0.00151212	0	
0.0234576	-0.0359702	-0.0928237	-0.13907	-0.166941	-0.164752	-0.132869	-0.0939972	-0.0683948	-0.050893	-0.034001	-0.0248112	-0.0216951	-0.0124856	-0.00015809	0.00260512	-0.00314923	-0.00580851	-0.00151212	0.00218279	0	
0	0	0	0	0	0	0	0	0	0	0	0	0	0	0	0	0	0	0	0	0	
