0.436914	0.282419	0.111958	-0.0657493	-0.21551	-0.31932	-0.358445	-0.34038	-0.29849	-0.257598	-0.250499	-0.298707	-0.396098	-0.515662	-0.628751	-0.706094	-0.71678	-0.667585	-0.584382	-0.481571	
0.476904	0.314997	0.133222	-0.0462933	-0.195683	-0.301891	-0.34372	-0.334482	-0.302454	-0.27702	-0.295669	-0.369652	-0.491874	-0.641021	-0.784283	-0.884537	-0.913798	-0.880132	-0.800391	-0.690157	
0.499875	0.321228	0.125488	-0.0659734	-0.227686	-0.339714	-0.38405	-0.380546	-0.3604	-0.353701	-0.38937	-0.479482	-0.619702	-0.783707	-0.942006	-1.06022	-1.10691	-1.08425	-1.00384	-0.884367	
0.475609	0.275647	0.0587257	-0.146898	-0.31587	-0.429601	-0.47547	-0.480738	-0.469288	-0.468137	-0.51132	-0.60904	-0.753065	-0.924933	-1.09789	-1.22793	-1.28476	-1.27047	-1.1866	-1.05115	
0.390151	0.166924	-0.0686097	-0.283346	-0.457881	-0.569705	-0.613657	-0.615859	-0.597809	-0.597713	-0.644066	-0.741404	-0.887566	-1.06395	-1.23938	-1.37345	-1.4395	-1.42702	-1.32894	-1.17009	
0.241096	-0.00377041	-0.250941	-0.468519	-0.638531	-0.737046	-0.766895	-0.757867	-0.736306	-0.736664	-0.779528	-0.87286	-1.01313	-1.18303	-1.35601	-1.48887	-1.55155	-1.52867	-1.41233	-1.22906	
0.0384726	-0.217713	-0.465162	-0.676543	-0.832386	-0.909771	-0.925916	-0.908853	-0.878803	-0.871041	-0.905777	-0.988656	-1.11629	-1.27403	-1.43081	-1.54645	-1.59858	-1.56367	-1.42917	-1.22499	
-0.193493	-0.452595	-0.695682	-0.894855	-1.02889	-1.08563	-1.08673	-1.05076	-1.00604	-0.98948	-1.01141	-1.07569	-1.17945	-1.30908	-1.4383	-1.53563	-1.5759	-1.52741	-1.38337	-1.17334	
-0.441594	-0.701499	-0.932325	-1.11135	-1.22096	-1.25121	-1.22597	-1.16798	-1.10964	-1.07609	-1.07233	-1.10617	-1.17774	-1.27669	-1.37781	-1.4548	-1.48455	-1.43433	-1.29814	-1.09635	
-0.701096	-0.95084	-1.1603	-1.31522	-1.38764	-1.38156	-1.32875	-1.24566	-1.16291	-1.10032	-1.06611	-1.07089	-1.11181	-1.17787	-1.25157	-1.31781	-1.34951	-1.30965	-1.19444	-1.01505	
-0.95084	-1.17763	-1.36137	-1.47576	-1.50172	-1.46151	-1.37294	-1.25461	-1.14368	-1.05487	-0.99646	-0.973709	-0.98457	-1.02637	-1.08747	-1.15307	-1.19234	-1.1745	-1.09476	-0.947329	
-1.1603	-1.36137	-1.50512	-1.5695	-1.55096	-1.46653	-1.33481	-1.18843	-1.0584	-0.950174	-0.870485	-0.827225	-0.823813	-0.85413	-0.909008	-0.980196	-1.03694	-1.0511	-1.01023	-0.89689	
-1.31522	-1.47576	-1.5695	-1.58346	-1.51347	-1.38672	-1.22746	-1.06598	-0.92254	-0.799453	-0.7113	-0.665434	-0.65603	-0.679526	-0.739398	-0.823485	-0.897858	-0.943704	-0.942173	-0.865831	
-1.38764	-1.50172	-1.55096	-1.51347	-1.4038	-1.25213	-1.07406	-0.903281	-0.753343	-0.63219	-0.553313	-0.509316	-0.49823	-0.527239	-0.59554	-0.685705	-0.777358	-0.857134	-0.890804	-0.848242	
-1.38156	-1.46151	-1.46653	-1.38672	-1.25213	-1.07798	-0.890841	-0.725415	-0.586221	-0.481509	-0.411608	-0.371595	-0.368537	-0.403599	-0.474819	-0.572186	-0.682124	-0.786112	-0.845399	-0.83731	
-1.32875	-1.37294	-1.33481	-1.22746	-1.07406	-0.890841	-0.715465	-0.567235	-0.443333	-0.350938	-0.291469	-0.264284	-0.26917	-0.308235	-0.383031	-0.482544	-0.600912	-0.721174	-0.804406	-0.830801	
-1.24566	-1.25461	-1.18843	-1.06598	-0.903281	-0.725415	-0.567235	-0.431808	-0.32022	-0.247113	-0.206583	-0.189005	-0.198145	-0.239761	-0.309578	-0.406159	-0.532908	-0.663598	-0.763609	-0.820264	
-1.16291	-1.14368	-1.0584	-0.92254	-0.753343	-0.586221	-0.443333	-0.32022	-0.232723	-0.183223	-0.149529	-0.134434	-0.147993	-0.1872	-0.251504	-0.348994	-0.474923	-0.603274	-0.718353	-0.804486	
-1.10032	-1.05487	-0.950174	-0.799453	-0.63219	-0.481509	-0.350938	-0.247113	-0.183223	-0.13807	-0.104896	-0.0996224	-0.117167	-0.151742	-0.21033	-0.300041	-0.415529	-0.543256	-0.67384	-0.78026	
-1.06611	-0.99646	-0.870485	-0.7113	-0.553313	-0.411608	-0.291469	-0.206583	-0.149529	-0.104896	-0.0848284	-0.0880643	-0.0997008	-0.12454	-0.174586	-0.256481	-0.363547	-0.487872	-0.624234	-0.74337	
-1.07089	-0.973709	-0.827225	-0.665434	-0.509316	-0.371595	-0.264284	-0.189005	-0.134434	-0.0996224	-0.0880643	-0.0839782	-0.0845116	-0.104969	-0.152839	-0.224377	-0.314291	-0.431217	-0.571041	-0.69822	
-1.11181	-0.98457	-0.823813	-0.65603	-0.49823	-0.368537	-0.26917	-0.198145	-0.147993	-0.117167	-0.0997008	-0.0845116	-0.0834005	-0.105008	-0.141446	-0.191281	-0.268143	-0.383489	-0.517444	-0.642957	
-1.17787	-1.02637	-0.85413	-0.679526	-0.527239	-0.403599	-0.308235	-0.239761	-0.1872	-0.151742	-0.12454	-0.104969	-0.105008	-0.114449	-0.129772	-0.167623	-0.240136	-0.341926	-0.4571	-0.583687	
-1.25157	-1.08747	-0.909008	-0.739398	-0.59554	-0.474819	-0.383031	-0.309578	-0.251504	-0.21033	-0.174586	-0.152839	-0.141446	-0.129772	-0.134689	-0.166471	-0.222196	-0.300024	-0.401669	-0.531304	
-1.31781	-1.15307	-0.980196	-0.823485	-0.685705	-0.572186	-0.482544	-0.406159	-0.348994	-0.300041	-0.256481	-0.224377	-0.191281	-0.167623	-0.166471	-0.180563	-0.213626	-0.271952	-0.361129	-0.482962	
-1.34951	-1.19234	-1.03694	-0.897858	-0.777358	-0.682124	-0.600912	-0.532908	-0.474923	-0.415529	-0.363547	-0.314291	-0.268143	-0.240136	-0.222196	-0.213626	-0.226137	-0.26321	-0.336117	-0.442554	
-1.30965	-1.1745	-1.0511	-0.943704	-0.857134	-0.786112	-0.721174	-0.663598	-0.603274	-0.543256	-0.487872	-0.431217	-0.383489	-0.341926	-0.300024	-0.271952	-0.26321	-0.28143	-0.336603	-0.415047	
-1.19444	-1.09476	-1.01023	-0.942173	-0.890804	-0.845399	-0.804406	-0.763609	-0.718353	-0.67384	-0.624234	-0.571041	-0.517444	-0.4571	-0.401669	-0.361129	-0.336117	-0.336603	-0.359173	-0.401311	
-1.01505	-0.947329	-0.89689	-0.865831	-0.848242	-0.83731	-0.830801	-0.820264	-0.804486	-0.78026	-0.74337	-0.69822	-0.642957	-0.583687	-0.531304	-0.482962	-0.442554	-0.415047	-0.401311	-0.422908	
-0.782219	-0.739293	-0.720031	-0.723246	-0.740244	-0.766092	-0.792888	-0.813468	-0.825639	-0.824619	-0.811538	-0.787275	-0.752556	-0.713804	-0.668034	-0.613877	-0.56002	-0.511513	-0.4833	-0.491975	
-0.529513	-0.508593	-0.515279	-0.543176	-0.584786	-0.634149	-0.683141	-0.728564	-0.767449	-0.797313	-0.817929	-0.826886	-0.824438	-0.807788	-0.773201	-0.727822	-0.678497	-0.632206	-0.601266	-0.58523	
-0.286635	-0.281934	-0.303203	-0.343096	-0.396458	-0.457218	-0.520987	-0.586004	-0.648876	-0.707314	-0.75835	-0.798787	-0.825373	-0.833971	-0.82745	-0.810625	-0.784175	-0.752786	-0.719138	-0.684209	
-0.0613505	-0.0663225	-0.0944809	-0.140223	-0.198884	-0.265628	-0.338361	-0.414624	-0.491449	-0.566588	-0.636989	-0.699582	-0.751217	-0.791804	-0.822901	-0.841444	-0.845277	-0.835034	-0.810643	-0.78083	
0.138786	0.130091	0.0994229	0.0515165	-0.00871767	-0.0778325	-0.153571	-0.232952	-0.313937	-0.394861	-0.473931	-0.549917	-0.622736	-0.692469	-0.755142	-0.805156	-0.839834	-0.856894	-0.858039	-0.852253	
0.298095	0.292227	0.264665	0.220277	0.16361	0.0977533	0.0257545	-0.0499923	-0.128512	-0.209224	-0.292144	-0.377828	-0.466026	-0.55333	-0.634271	-0.705457	-0.764761	-0.811172	-0.847837	-0.877863	
0.392685	0.395812	0.379842	0.349173	0.306955	0.255388	0.19616	0.129685	0.0559354	-0.0248498	-0.112161	-0.204392	-0.298036	-0.388932	-0.475304	-0.557571	-0.636196	-0.712173	-0.784958	-0.849207	
0.412151	0.430455	0.434985	0.427859	0.409608	0.380057	0.33848	0.284252	0.217969	0.141452	0.0575978	-0.0298634	-0.117842	-0.205886	-0.295843	-0.389224	-0.486099	-0.584275	-0.677606	-0.758808	
0.379738	0.412437	0.435363	0.448531	0.45103	0.441731	0.419723	0.385112	0.339034	0.283076	0.218847	0.147226	0.067639	-0.0211501	-0.118917	-0.223142	-0.329665	-0.433071	-0.528714	-0.616323	
0.319128	0.355627	0.385109	0.407913	0.424031	0.433244	0.435252	0.429589	0.415127	0.389984	0.351791	0.298175	0.227929	0.142497	0.0461134	-0.0557398	-0.157937	-0.257305	-0.354449	-0.453172	
0.234882	0.268596	0.299771	0.329426	0.357936	0.384904	0.409075	0.428153	0.43891	0.437794	0.421664	0.388673	0.33907	0.275089	0.199769	0.115826	0.0250371	-0.0723142	-0.177051	-0.289271	
0.142358	0.174296	0.208277	0.244406	0.28187	0.319102	0.353971	0.384024	0.406925	0.420816	0.424471	0.417293	0.398949	0.368706	0.325158	0.266625	0.191732	0.100061	-0.00685469	-0.12516	
0.0704693	0.0967004	0.127189	0.161353	0.197918	0.235248	0.271649	0.305691	0.336395	0.363165	0.3855	0.402539	0.412511	0.412485	0.398688	0.367165	0.314658	0.239831	0.144346	0.0329594	
0.0354096	0.0479207	0.0647332	0.0860875	0.111822	0.141494	0.174492	0.210115	0.247556	0.285799	0.323448	0.358486	0.388108	0.408765	0.416435	0.407116	0.377717	0.327143	0.256922	0.170997	
0.0337631	0.0320272	0.032616	0.036933	0.0463798	0.0622433	0.085499	0.116542	0.154889	0.198967	0.246038	0.292362	0.333657	0.365773	0.38542	0.390782	0.381792	0.359705	0.325967	0.280867	
0.045362	0.0365652	0.0275964	0.0203008	0.01687	0.0196068	0.0305347	0.0509123	0.0807766	0.118672	0.161703	0.206015	0.247634	0.283446	0.311944	0.333387	0.349047	0.359642	0.363603	0.356059	
0.0472498	0.0400546	0.0323415	0.0253363	0.0203518	0.0186263	0.0211484	0.0285266	0.0409606	0.0583302	0.0803842	0.106953	0.138056	0.173791	0.213961	0.25747	0.301684	0.34207	0.372389	0.385467	
0.0389152	0.0398364	0.040665	0.0411468	0.0407797	0.0389378	0.0351296	0.0293737	0.0225989	0.0169177	0.0155978	0.0225886	0.0415896	0.0748346	0.121947	0.179304	0.240281	0.296429	0.339212	0.361586	
0.0326201	0.0415964	0.0489473	0.0532623	0.0532645	0.0481312	0.0378268	0.0233737	0.00696804	-0.0081359	-0.0180176	-0.0187346	-0.00712214	0.0184159	0.0573063	0.106562	0.160978	0.21373	0.257257	0.284283	
0.022847	0.031715	0.0380162	0.0405256	0.0385154	0.0319881	0.0217814	0.00949277	-0.00277513	-0.0127903	-0.0185763	-0.0186845	-0.0122824	0.000916188	0.0207456	0.0465291	0.0767622	0.108629	0.137701	0.158267	
0	0	0	0	0	0	0	0	0	0	0	0	0	0	0	0	0	0	0	0	
