0	-0.130006	-0.247263	-0.338769	-0.379373	-0.338685	-0.184821	0.0757758	0.404782	0.744698	1.04995	1.28707	1.43574	1.49336	1.47167	1.38786	1.24353	1.0285	0.752473	0.458273	
0	-0.151032	-0.293097	-0.405619	-0.456211	-0.410428	-0.246472	0.0277941	0.376362	0.743854	1.07674	1.3303	1.48356	1.53633	1.50562	1.41033	1.25346	1.02324	0.733155	0.427814	
0	-0.168973	-0.330522	-0.459373	-0.513561	-0.460155	-0.284512	-0.00391644	0.349168	0.724642	1.07009	1.33219	1.48729	1.53973	1.50874	1.41055	1.24224	1.00336	0.706617	0.405483	
0	-0.183532	-0.357198	-0.490496	-0.540713	-0.474697	-0.29001	-0.00868126	0.331423	0.696185	1.03431	1.2965	1.44903	1.50558	1.48011	1.38185	1.20685	0.964661	0.67915	0.391529	
0	-0.189511	-0.362329	-0.484596	-0.520607	-0.440441	-0.250082	0.0226715	0.339367	0.673287	0.989394	1.23706	1.3854	1.44471	1.4263	1.33039	1.154	0.923918	0.662513	0.400742	
0	-0.181362	-0.337807	-0.434969	-0.450249	-0.357656	-0.171161	0.0871866	0.3706	0.665258	0.943191	1.16746	1.307	1.36707	1.3565	1.26537	1.10195	0.897234	0.670203	0.44009	
0	-0.151923	-0.272468	-0.334782	-0.322651	-0.225888	-0.0486874	0.184494	0.433953	0.679918	0.909735	1.09866	1.22206	1.27751	1.26966	1.1875	1.04687	0.873452	0.683233	0.481437	
0	-0.100119	-0.171405	-0.191254	-0.155811	-0.0595805	0.0960955	0.297471	0.507267	0.699274	0.873692	1.01845	1.12181	1.16738	1.16114	1.09307	0.980082	0.839321	0.680045	0.50698	
0	-0.0310819	-0.0424296	-0.0195941	0.0369364	0.125806	0.252768	0.412455	0.574288	0.707431	0.821768	0.920743	0.999931	1.03306	1.02557	0.970871	0.882043	0.765327	0.632114	0.48803	
0	0.0476215	0.101853	0.166372	0.242711	0.32134	0.414883	0.523038	0.624733	0.69611	0.749395	0.808515	0.85909	0.879882	0.86398	0.817492	0.741359	0.639787	0.529968	0.418087	
0	0.126826	0.244249	0.35121	0.443083	0.514305	0.569779	0.619701	0.651988	0.660415	0.66307	0.687099	0.713214	0.717048	0.69107	0.643571	0.571509	0.48057	0.394601	0.315873	
0	0.201184	0.379092	0.527476	0.634658	0.70062	0.719633	0.710257	0.672488	0.623352	0.587856	0.580799	0.584154	0.56541	0.528546	0.472318	0.398526	0.318377	0.251914	0.205214	
0	0.269882	0.506669	0.693273	0.81775	0.877881	0.869175	0.806474	0.709758	0.613644	0.547168	0.511878	0.485798	0.445587	0.395282	0.330082	0.254296	0.181754	0.13512	0.106457	
0	0.33282	0.624146	0.844552	0.984091	1.03905	1.01241	0.912379	0.775623	0.645169	0.551295	0.48514	0.426542	0.367585	0.306191	0.236385	0.157861	0.0927102	0.0566828	0.0381493	
0	0.390868	0.730776	0.981939	1.1327	1.18735	1.15088	1.03639	0.877281	0.725991	0.601572	0.501621	0.410053	0.333357	0.26452	0.188374	0.108532	0.0440668	0.0104721	-0.00551017	
0	0.438541	0.817906	1.09347	1.25474	1.30983	1.27276	1.15577	0.99345	0.825222	0.674524	0.537972	0.422646	0.328957	0.255506	0.173966	0.0939908	0.0289115	-0.00820685	-0.0274885	
0	0.4711	0.878613	1.17394	1.34754	1.40511	1.37044	1.25688	1.09993	0.922324	0.748714	0.585963	0.451443	0.346408	0.262235	0.178639	0.0969063	0.0299668	-0.015753	-0.0445722	
0	0.48968	0.915193	1.23188	1.41996	1.48623	1.45016	1.34229	1.19083	1.01289	0.82372	0.647119	0.498823	0.383353	0.283994	0.196646	0.110993	0.0366878	-0.0219343	-0.0648018	
0	0.494984	0.932184	1.26636	1.47336	1.54697	1.50971	1.40322	1.25842	1.08671	0.894231	0.71421	0.560412	0.434081	0.320995	0.222581	0.128077	0.037973	-0.039016	-0.09382	
0	0.491411	0.932236	1.2776	1.49817	1.57688	1.53916	1.43122	1.29457	1.13094	0.947908	0.77084	0.620569	0.486594	0.361629	0.244783	0.132237	0.0201559	-0.0739735	-0.139363	
0	0.484023	0.921335	1.26775	1.49092	1.57301	1.53696	1.43106	1.29876	1.14546	0.9748	0.80802	0.663346	0.527772	0.388717	0.247996	0.108158	-0.0236254	-0.132325	-0.203311	
0	0.474035	0.900882	1.23705	1.45256	1.53717	1.50872	1.40924	1.27843	1.13499	0.976329	0.824004	0.681198	0.546186	0.388132	0.220446	0.0507018	-0.0992301	-0.219177	-0.301491	
0	0.45363	0.858366	1.17279	1.37289	1.45906	1.4431	1.35129	1.22408	1.08664	0.94616	0.80253	0.663932	0.520948	0.349237	0.155391	-0.0387957	-0.205275	-0.341947	-0.441294	
0	0.416569	0.787999	1.07309	1.25874	1.34577	1.34369	1.26017	1.13683	1.00735	0.881213	0.744101	0.602147	0.449134	0.26901	0.0589396	-0.149772	-0.332683	-0.486862	-0.60041	
0	0.361414	0.687177	0.94489	1.11913	1.21322	1.22251	1.1524	1.03601	0.918073	0.800901	0.667337	0.517603	0.356476	0.17081	-0.0456128	-0.265773	-0.465237	-0.633947	-0.753433	
0	0.290681	0.563778	0.794552	0.967265	1.07122	1.0975	1.04472	0.945165	0.838593	0.727177	0.596042	0.442523	0.277096	0.0857165	-0.134663	-0.365161	-0.577178	-0.751496	-0.865811	
0	0.212077	0.426067	0.631571	0.805225	0.925729	0.973674	0.947365	0.872418	0.777153	0.671749	0.546278	0.400555	0.233666	0.0353403	-0.190193	-0.424194	-0.636571	-0.802221	-0.90141	
0	0.13468	0.288462	0.468212	0.642083	0.785327	0.860376	0.873056	0.827417	0.749831	0.65285	0.540771	0.4107	0.241015	0.0339148	-0.199492	-0.427589	-0.627259	-0.776524	-0.851649	
0	0.0651216	0.165073	0.315464	0.491349	0.654303	0.76659	0.82285	0.817416	0.766047	0.685123	0.593907	0.475543	0.306441	0.087485	-0.147033	-0.363344	-0.543695	-0.670227	-0.723322	
0	0.0063061	0.0593787	0.181396	0.354911	0.534128	0.685134	0.789754	0.835633	0.82228	0.768963	0.696128	0.584657	0.414617	0.190953	-0.0399401	-0.2444	-0.406548	-0.509947	-0.544274	
0	-0.0438106	-0.0313478	0.062375	0.226448	0.413991	0.598822	0.753768	0.858327	0.894775	0.87752	0.819298	0.712039	0.542463	0.328394	0.104914	-0.0877654	-0.233653	-0.315039	-0.329844	
0	-0.08366	-0.107006	-0.0384479	0.107508	0.299497	0.510686	0.715909	0.88001	0.971039	0.994647	0.949559	0.845817	0.679053	0.48	0.266898	0.0818643	-0.0497861	-0.113417	-0.113017	
0	-0.114033	-0.166733	-0.126483	0.000519957	0.192103	0.427671	0.676582	0.892229	1.03689	1.10007	1.07623	0.97463	0.812458	0.624141	0.421658	0.243892	0.120345	0.0686471	0.0740786	
0	-0.139437	-0.222215	-0.215906	-0.110785	0.0784826	0.333964	0.613767	0.86769	1.05846	1.16392	1.17158	1.07903	0.92359	0.742775	0.556615	0.389647	0.273273	0.224477	0.227312	
0	-0.158548	-0.271705	-0.296323	-0.214587	-0.0228969	0.243287	0.541887	0.818983	1.04619	1.19427	1.23457	1.15845	1.00669	0.831307	0.661325	0.506408	0.395348	0.340035	0.334098	
0	-0.177091	-0.315213	-0.370377	-0.304132	-0.117893	0.153678	0.45534	0.748769	1.00486	1.18867	1.26106	1.20384	1.063	0.89376	0.738383	0.597284	0.487349	0.421784	0.395588	
0	-0.196482	-0.355343	-0.432052	-0.381414	-0.207551	0.0558356	0.354871	0.660768	0.939583	1.14806	1.24383	1.21114	1.09005	0.934261	0.791704	0.663192	0.555139	0.472904	0.419838	
0	-0.213554	-0.38602	-0.473244	-0.440885	-0.287248	-0.0429777	0.25391	0.570785	0.864509	1.08364	1.19231	1.18639	1.09269	0.957544	0.826121	0.707093	0.596829	0.495169	0.409168	
0	-0.224757	-0.401532	-0.496842	-0.483242	-0.360606	-0.135898	0.156974	0.483596	0.781403	0.999924	1.11624	1.13451	1.07487	0.965486	0.848898	0.734948	0.617368	0.496688	0.380853	
0	-0.223617	-0.399893	-0.501718	-0.512727	-0.418691	-0.215301	0.0749998	0.400251	0.693091	0.904821	1.02498	1.0654	1.03578	0.958605	0.858384	0.746748	0.619516	0.482423	0.349015	
0	-0.209796	-0.383289	-0.495369	-0.531739	-0.460657	-0.274948	0.00665503	0.319748	0.599368	0.804762	0.928972	0.986909	0.982592	0.935643	0.852574	0.74162	0.604185	0.457933	0.3098	
0	-0.18564	-0.352553	-0.477285	-0.531779	-0.477405	-0.306212	-0.0442247	0.245509	0.506604	0.704419	0.833756	0.902118	0.918464	0.892789	0.826072	0.718614	0.580516	0.430717	0.273638	
0	-0.158776	-0.317418	-0.449466	-0.514857	-0.470299	-0.317944	-0.0838146	0.174009	0.41427	0.603627	0.735222	0.8127	0.842202	0.830803	0.774399	0.678036	0.549653	0.400435	0.237288	
0	-0.135465	-0.281137	-0.409298	-0.474808	-0.439213	-0.309227	-0.110374	0.11501	0.330941	0.509616	0.637941	0.721073	0.759117	0.752389	0.701403	0.618039	0.505731	0.361983	0.19497	
0	-0.118159	-0.243729	-0.355112	-0.411002	-0.38699	-0.28372	-0.122078	0.0693639	0.259506	0.418907	0.5391	0.620151	0.664429	0.658196	0.610282	0.539348	0.448025	0.318824	0.161801	
0	-0.105846	-0.207781	-0.29266	-0.336091	-0.325258	-0.251226	-0.125812	0.032314	0.191954	0.328399	0.431664	0.507346	0.552775	0.550877	0.505086	0.444373	0.374275	0.271741	0.135803	
0	-0.090804	-0.165483	-0.220286	-0.249597	-0.249864	-0.201641	-0.109977	0.0138902	0.138509	0.246395	0.326772	0.388864	0.430917	0.432357	0.390839	0.336297	0.285329	0.215175	0.108546	
0	-0.0686224	-0.115971	-0.145615	-0.162294	-0.168541	-0.141178	-0.0804513	0.00457404	0.0916433	0.164679	0.220539	0.262392	0.296388	0.299605	0.267114	0.22288	0.189694	0.150079	0.0788847	
0	-0.0378672	-0.0612894	-0.0735029	-0.0816312	-0.087327	-0.0757133	-0.0460702	-0.00200038	0.0415883	0.0800998	0.107171	0.130156	0.148561	0.153144	0.135402	0.111074	0.095554	0.080201	0.0447839	
0	0	0	0	0	0	0	0	0	0	0	0	0	0	0	0	0	0	0	0	
