0	-0.536918	-1.04628	-1.46135	-1.74573	-1.91204	-1.94654	-1.83311	-1.6013	-1.28765	-0.960992	-0.691648	-0.486368	-0.35597	-0.287156	-0.255049	-0.25021	-0.248081	-0.248278	-0.241113	
0	-0.497178	-0.957626	-1.33751	-1.60752	-1.77111	-1.81727	-1.7175	-1.50776	-1.25284	-0.98596	-0.751459	-0.567647	-0.427473	-0.336965	-0.28039	-0.252838	-0.243338	-0.242801	-0.243994	
0	-0.439493	-0.829973	-1.15928	-1.41155	-1.56153	-1.60379	-1.53349	-1.36797	-1.17303	-0.987873	-0.816981	-0.670832	-0.543806	-0.438044	-0.357699	-0.299033	-0.263059	-0.243028	-0.236424	
0	-0.360254	-0.67096	-0.936589	-1.15768	-1.29058	-1.31705	-1.26976	-1.17627	-1.06197	-0.955838	-0.857325	-0.760494	-0.665118	-0.569135	-0.480495	-0.403076	-0.341051	-0.294554	-0.262504	
0	-0.257836	-0.489209	-0.687293	-0.850746	-0.95489	-0.97887	-0.95335	-0.92435	-0.902428	-0.883193	-0.859503	-0.819948	-0.76366	-0.693496	-0.615253	-0.536561	-0.463171	-0.400465	-0.348491	
0	-0.141435	-0.29025	-0.422093	-0.512655	-0.565519	-0.59319	-0.610843	-0.641753	-0.69351	-0.751212	-0.798659	-0.823031	-0.818331	-0.787605	-0.73689	-0.673893	-0.604951	-0.53729	-0.475928	
0	-0.0318067	-0.0843952	-0.137682	-0.160794	-0.163623	-0.184923	-0.245166	-0.339343	-0.45364	-0.569862	-0.671816	-0.749945	-0.798446	-0.816574	-0.808077	-0.779094	-0.735304	-0.681822	-0.625332	
0	0.0581531	0.111207	0.157699	0.197618	0.21964	0.198103	0.11571	-0.0184625	-0.179493	-0.342547	-0.489349	-0.610685	-0.703345	-0.766517	-0.80171	-0.812961	-0.805509	-0.783216	-0.750187	
0	0.137975	0.287708	0.43166	0.533865	0.569878	0.53555	0.438001	0.291294	0.115059	-0.0703688	-0.247729	-0.405192	-0.537102	-0.6416	-0.718602	-0.769767	-0.798991	-0.810684	-0.808238	
0	0.222422	0.447538	0.653544	0.799787	0.856171	0.822257	0.719215	0.571839	0.399595	0.216414	0.0331023	-0.141076	-0.299068	-0.436637	-0.551528	-0.642691	-0.710781	-0.758484	-0.78902	
0	0.304111	0.582479	0.811344	0.969879	1.0441	1.03359	0.952787	0.823545	0.666151	0.495171	0.319992	0.147281	-0.0174422	-0.16987	-0.307079	-0.427025	-0.528266	-0.610607	-0.675239	
0	0.354417	0.662267	0.896076	1.05075	1.13291	1.15066	1.11167	1.02541	0.903668	0.758613	0.600772	0.438316	0.277547	0.123315	-0.0209899	-0.153244	-0.271986	-0.376174	-0.465501	
0	0.350703	0.657144	0.891952	1.05056	1.14398	1.18626	1.18675	1.14991	1.07903	0.978928	0.856302	0.718644	0.573201	0.4264	0.283453	0.148068	0.0225795	-0.0915713	-0.193572	
0	0.296503	0.567816	0.794423	0.966691	1.08548	1.1584	1.19411	1.19857	1.17465	1.12399	1.04881	0.952736	0.840584	0.717855	0.59014	0.462507	0.339019	0.222619	0.115294	
0	0.216587	0.428551	0.628469	0.806447	0.95348	1.06484	1.14082	1.18479	1.20077	1.19194	1.16063	1.10894	1.03929	0.95472	0.858901	0.755912	0.649849	0.544422	0.44272	
0	0.138334	0.284368	0.440712	0.602689	0.760055	0.901245	1.01744	1.10445	1.16222	1.19317	1.20052	1.18741	1.15661	1.11063	1.05192	0.983103	0.907003	0.826568	0.744673	
0	0.0781117	0.167203	0.274609	0.401565	0.542828	0.688496	0.827188	0.949136	1.04804	1.12139	1.16962	1.19499	1.20055	1.1894	1.16444	1.12831	1.08341	1.03207	0.976545	
0	0.0393735	0.0878064	0.152788	0.23873	0.345842	0.469893	0.603149	0.736223	0.860159	0.968025	1.05565	1.12153	1.16629	1.1919	1.20101	1.19647	1.181	1.15713	1.12715	
0	0.0178664	0.04149	0.076355	0.12713	0.196821	0.285912	0.391919	0.509663	0.63224	0.752335	0.863451	0.960738	1.04132	1.10419	1.14984	1.17981	1.19621	1.20137	1.19766	
0	0.00735123	0.0177588	0.0344811	0.0609626	0.100482	0.155518	0.227049	0.314079	0.4136	0.521033	0.630985	0.738097	0.837749	0.926514	1.00232	1.06436	1.11291	1.14898	1.17409	
0	0.00275989	0.00692712	0.0141526	0.0264729	0.0462678	0.0759955	0.117748	0.17275	0.240963	0.320943	0.409981	0.504491	0.600531	0.694305	0.782569	0.862884	0.9337	0.994312	1.04473	
0	0.00095061	0.00247563	0.00530797	0.0104676	0.0193239	0.0335524	0.0549654	0.0852322	0.125551	0.176363	0.237189	0.306635	0.382559	0.462346	0.543227	0.622575	0.698133	0.768151	0.831435	
0	0.000301837	0.000814495	0.00182804	0.00378826	0.00736045	0.0134607	0.0232312	0.0379439	0.0588367	0.0869124	0.122747	0.166354	0.217139	0.273949	0.335204	0.399069	0.463641	0.527118	0.587925	
0	8.87239e-05	0.000247749	0.00058067	0.00126074	0.00256983	0.00493356	0.0089406	0.0153316	0.0249479	0.0386408	0.0571535	0.0810017	0.110376	0.145091	0.184582	0.227959	0.274087	0.321697	0.369488	
0	2.42349e-05	6.99381e-05	0.000170805	0.000387499	0.000826236	0.00166021	0.0031497	0.005654	0.00962708	0.0155914	0.0240888	0.0356152	0.0505493	0.0690901	0.0912143	0.116662	0.144948	0.175403	0.207223	
0	6.17221e-06	1.83861e-05	4.6695e-05	0.000110424	0.000245657	0.000515266	0.00102064	0.00191279	0.00339909	0.00574158	0.00924364	0.0142244	0.0209833	0.0297602	0.040698	0.053814	0.0689848	0.0859464	0.104309	
0	1.47013e-06	4.51535e-06	1.19032e-05	2.92775e-05	6.77994e-05	0.000148096	0.000305548	0.000596404	0.00110348	0.00193962	0.00324675	0.00518914	0.00794015	0.0116637	0.0164932	0.02251	0.0297271	0.0380783	0.0474153	
0	3.28387e-07	1.03883e-06	2.83778e-06	7.24554e-06	1.74297e-05	3.95636e-05	8.48385e-05	0.000172104	0.000330848	0.000603897	0.00104894	0.00173788	0.00275332	0.00418186	0.00610471	0.00858687	0.0116662	0.0153442	0.0195803	
0	6.89629e-08	2.24473e-07	6.3444e-07	1.67857e-06	4.18673e-06	9.85695e-06	2.19262e-05	4.61382e-05	9.19779e-05	0.000174018	0.000313077	0.000536778	0.000879069	0.00137836	0.00207423	0.00300285	0.00419172	0.00565446	0.00738641	
0	1.36471e-08	4.56641e-08	1.33347e-07	3.64996e-07	9.4235e-07	2.29718e-06	5.29159e-06	1.153e-05	2.37955e-05	4.65857e-05	8.66713e-05	0.000153538	0.000259531	0.000419517	0.000649933	0.000967201	0.00138562	0.00191501	0.00255835	
0	2.55022e-09	8.76434e-09	2.64084e-08	7.46748e-08	1.99263e-07	5.02172e-07	1.196e-06	2.69429e-06	5.74748e-06	1.16258e-05	2.23344e-05	4.08225e-05	7.11272e-05	0.000118376	0.000188578	0.000288158	0.000423236	0.000598717	0.0008173	
0	4.50886e-10	1.59024e-09	4.93838e-09	1.44067e-08	3.96777e-08	1.03229e-07	2.53838e-07	5.90365e-07	1.29991e-06	2.71301e-06	5.37466e-06	1.01229e-05	1.81583e-05	3.10795e-05	5.08561e-05	7.97146e-05	0.000119925	0.000173498	0.000241816	
0	7.55593e-11	2.73279e-10	8.73676e-10	2.62636e-09	7.45619e-09	2.00008e-08	5.07124e-08	1.2161e-07	2.76037e-07	5.93685e-07	1.21138e-06	2.34832e-06	4.33192e-06	7.6172e-06	1.27903e-05	2.05465e-05	3.1635e-05	4.67692e-05	6.65088e-05	
0	1.20216e-11	4.45548e-11	1.46494e-10	4.53276e-10	1.32498e-09	3.66021e-09	9.55812e-09	2.36052e-08	5.51702e-08	1.22138e-07	2.56398e-07	5.11041e-07	9.6849e-07	1.74788e-06	3.00905e-06	4.94981e-06	7.79372e-06	1.17664e-05	1.70615e-05	
0	1.81873e-12	6.90272e-12	2.33196e-11	7.4192e-11	2.23063e-10	6.33906e-10	1.70303e-09	4.32682e-09	1.04017e-08	2.36782e-08	5.10878e-08	1.04592e-07	2.03447e-07	3.76525e-07	6.64029e-07	1.11769e-06	1.79847e-06	2.771e-06	4.0946e-06	
0	2.62018e-13	1.01772e-12	3.52962e-12	1.15358e-11	3.56384e-11	1.04085e-10	2.87399e-10	7.50435e-10	1.85378e-09	4.33499e-09	9.60407e-09	2.01785e-08	4.02519e-08	7.63318e-08	1.37801e-07	2.37171e-07	3.89756e-07	6.12502e-07	9.21849e-07	
0	3.59946e-14	1.42997e-13	5.08708e-13	1.70644e-12	5.41223e-12	1.62301e-11	4.60173e-11	1.23377e-10	3.12894e-10	7.50978e-10	1.70695e-09	3.67746e-09	7.51709e-09	1.45957e-08	2.69541e-08	4.74061e-08	7.95174e-08	1.27388e-07	1.95187e-07	
0	4.72108e-15	1.91724e-14	6.99096e-14	2.40498e-13	7.82434e-13	2.40716e-12	7.00225e-12	1.92605e-11	5.01056e-11	1.23328e-10	2.87366e-10	6.34346e-10	1.32775e-09	2.63787e-09	4.98e-09	8.94504e-09	1.53064e-08	2.49851e-08	3.89567e-08	
0	5.91917e-16	2.45592e-15	9.17245e-15	3.23359e-14	1.07829e-13	3.40068e-13	1.01412e-12	2.85955e-12	7.62493e-12	1.92321e-11	4.59052e-11	1.03755e-10	2.22227e-10	4.51457e-10	8.70791e-10	1.59652e-09	2.78556e-09	4.63088e-09	7.34461e-09	
0	7.10204e-17	3.00912e-16	1.15036e-15	4.15292e-15	1.41844e-14	4.58242e-14	1.3999e-13	4.04356e-13	1.10435e-12	2.85237e-12	6.96958e-12	1.61184e-11	3.53049e-11	7.32966e-11	1.44365e-10	2.70029e-10	4.80169e-10	8.1266e-10	1.31056e-09	
0	8.16339e-18	3.53041e-17	1.38062e-16	5.1007e-16	1.7832e-15	5.89719e-15	1.84428e-14	5.45332e-14	1.52447e-13	4.0294e-13	1.00722e-12	2.38202e-12	5.33247e-12	1.13075e-11	2.27304e-11	4.33546e-11	7.85377e-11	1.35265e-10	2.2173e-10	
0	8.99826e-19	3.97024e-18	1.58734e-17	5.99783e-17	2.14489e-16	7.25666e-16	2.32179e-15	7.02338e-15	2.00839e-14	5.42905e-14	1.38751e-13	3.35358e-13	7.66876e-13	1.66008e-12	3.40424e-12	6.61817e-12	1.22086e-11	2.13899e-11	3.56284e-11	
0	9.5205e-20	4.28389e-19	1.75009e-18	6.75928e-18	2.47115e-17	8.54787e-17	2.79633e-16	8.64858e-16	2.52833e-15	6.98578e-15	1.82436e-14	4.50404e-14	1.05155e-13	2.32269e-13	4.85664e-13	9.61974e-13	1.80638e-12	3.21842e-12	5.44563e-12	
0	9.67754e-21	4.43905e-20	1.85206e-19	7.30767e-19	2.72976e-18	9.64872e-18	3.22554e-17	1.01941e-16	3.04499e-16	8.59484e-16	2.29239e-15	5.77803e-15	1.3766e-14	3.10119e-14	6.60914e-14	1.33325e-13	2.54756e-13	4.6143e-13	7.92877e-13	
0	9.45904e-22	4.42132e-21	1.883e-20	7.5864e-20	2.89403e-19	1.04474e-18	3.5671e-18	1.1514e-17	3.51223e-17	1.01224e-16	2.75598e-16	7.0886e-16	1.72263e-15	3.95626e-15	8.59013e-15	1.7642e-14	3.42909e-14	6.31218e-14	1.10118e-13	
0	8.89732e-23	4.2363e-22	1.84085e-21	7.56933e-21	2.94737e-20	1.08614e-19	3.78574e-19	1.24741e-18	3.88399e-18	1.14241e-17	3.17359e-17	8.32592e-17	2.06292e-16	4.82805e-16	1.06763e-15	2.2315e-15	4.41074e-15	8.2491e-15	1.46068e-14	
0	8.06006e-24	3.90786e-23	1.73186e-22	7.26457e-22	2.886e-21	1.08515e-20	3.85933e-20	1.29753e-19	4.12189e-19	1.23676e-18	3.50398e-18	9.3725e-18	2.36672e-17	5.64245e-17	1.27027e-16	2.70122e-16	5.42782e-16	1.03109e-15	1.85273e-15	
0	7.03702e-25	3.4731e-24	1.56912e-23	6.71153e-23	2.71911e-22	1.04273e-21	3.78229e-21	1.29692e-20	4.20157e-20	1.28545e-19	3.71276e-19	1.01211e-18	2.6037e-18	6.32095e-18	1.44824e-17	3.13221e-17	6.3965e-17	1.2339e-16	2.24934e-16	
0	5.88829e-26	2.95675e-25	1.36096e-24	5.93188e-24	2.44919e-23	9.57229e-23	3.53882e-22	1.23669e-21	4.08288e-21	1.27279e-20	3.74496e-20	1.03969e-19	2.72295e-19	6.72674e-19	1.56749e-18	3.44578e-18	7.1473e-18	1.39925e-17	2.58645e-17	
0	0	0	0	0	0	0	0	0	0	0	0	0	0	0	0	0	0	0	0	
