0	-0.327835	-0.619057	-0.853828	-1.02	-1.10708	-1.11066	-1.04528	-0.941883	-0.822568	-0.700939	-0.568827	-0.432868	-0.303106	-0.204704	-0.135348	-0.0801224	-0.00891043	0.087494	0.19084	
0	-0.324884	-0.613936	-0.847443	-1.01364	-1.10538	-1.11911	-1.07242	-0.989636	-0.891803	-0.784883	-0.658984	-0.5213	-0.383374	-0.276403	-0.191666	-0.117457	-0.0258899	0.0867171	0.200986	
0	-0.329195	-0.623434	-0.856753	-1.02716	-1.11993	-1.1483	-1.12155	-1.067	-0.990615	-0.893353	-0.770772	-0.628568	-0.487299	-0.366675	-0.263476	-0.166319	-0.0583836	0.0584407	0.169977	
0	-0.342775	-0.646987	-0.890366	-1.06436	-1.16603	-1.20629	-1.20623	-1.17944	-1.12458	-1.03281	-0.909643	-0.763756	-0.617506	-0.480314	-0.354966	-0.233922	-0.114002	-0.000601612	0.0974725	
0	-0.360742	-0.679992	-0.936062	-1.11833	-1.22961	-1.28285	-1.30567	-1.30348	-1.26545	-1.17869	-1.05459	-0.908842	-0.758331	-0.608979	-0.466555	-0.330033	-0.206812	-0.103747	-0.0273881	
0	-0.381754	-0.719847	-0.990035	-1.18563	-1.30747	-1.37317	-1.41008	-1.42217	-1.39445	-1.31015	-1.18696	-1.0403	-0.886807	-0.729896	-0.578715	-0.437355	-0.317426	-0.22952	-0.178687	
0	-0.404954	-0.762718	-1.04933	-1.26021	-1.39482	-1.4696	-1.50828	-1.52215	-1.4943	-1.4128	-1.28917	-1.14185	-0.985562	-0.826795	-0.675385	-0.536801	-0.422509	-0.349898	-0.319025	
0	-0.426786	-0.802284	-1.10464	-1.3291	-1.47615	-1.55171	-1.58108	-1.5806	-1.5454	-1.46449	-1.34188	-1.19649	-1.04121	-0.889676	-0.746512	-0.616194	-0.510307	-0.446268	-0.428494	
0	-0.441976	-0.83169	-1.14278	-1.37895	-1.52859	-1.59941	-1.60532	-1.58113	-1.52999	-1.44739	-1.32825	-1.18777	-1.0408	-0.902375	-0.771543	-0.652704	-0.551648	-0.491985	-0.473918	
0	-0.445612	-0.839331	-1.15164	-1.38792	-1.52948	-1.5837	-1.55888	-1.50361	-1.43119	-1.34391	-1.23159	-1.10231	-0.973488	-0.851306	-0.739174	-0.63029	-0.53895	-0.476868	-0.454685	
0	-0.434938	-0.818745	-1.12491	-1.34418	-1.46822	-1.49173	-1.43828	-1.3476	-1.25554	-1.15972	-1.06075	-0.951126	-0.849259	-0.749449	-0.657589	-0.566015	-0.485136	-0.42593	-0.392917	
0	-0.413015	-0.779732	-1.07192	-1.26711	-1.36304	-1.35562	-1.27632	-1.15988	-1.047	-0.94545	-0.858122	-0.775178	-0.699311	-0.621803	-0.548711	-0.475008	-0.407791	-0.351415	-0.305682	
0	-0.377796	-0.718889	-0.985828	-1.15262	-1.21226	-1.17963	-1.08214	-0.953481	-0.826919	-0.723712	-0.651452	-0.597966	-0.549033	-0.495435	-0.442544	-0.390935	-0.339571	-0.284229	-0.224027	
0	-0.329585	-0.632067	-0.864471	-0.996216	-1.02026	-0.968049	-0.863427	-0.735617	-0.605781	-0.508187	-0.453343	-0.429897	-0.410172	-0.384847	-0.360901	-0.337283	-0.305657	-0.250819	-0.172278	
0	-0.27308	-0.527265	-0.718674	-0.814381	-0.810787	-0.747194	-0.647322	-0.529014	-0.409216	-0.321228	-0.285646	-0.286192	-0.29692	-0.304266	-0.316638	-0.32554	-0.312441	-0.2571	-0.154604	
0	-0.212905	-0.411108	-0.559759	-0.621299	-0.603128	-0.537883	-0.450658	-0.351088	-0.249639	-0.180855	-0.16121	-0.183474	-0.223187	-0.268363	-0.320669	-0.360449	-0.359497	-0.298408	-0.165297	
0	-0.151466	-0.29206	-0.395239	-0.430035	-0.407189	-0.349001	-0.279711	-0.201667	-0.12908	-0.084608	-0.0836287	-0.125874	-0.195177	-0.281955	-0.372704	-0.436174	-0.441338	-0.362795	-0.202974	
0	-0.093034	-0.178421	-0.23785	-0.252907	-0.231778	-0.186138	-0.135265	-0.0795266	-0.0413639	-0.0240641	-0.0469205	-0.106365	-0.206259	-0.330042	-0.450223	-0.529298	-0.528895	-0.433351	-0.248214	
0	-0.0413619	-0.0774919	-0.0990603	-0.0982887	-0.0799907	-0.0480124	-0.011248	0.0194387	0.0276118	0.00967079	-0.0358776	-0.118689	-0.243879	-0.396499	-0.535815	-0.61894	-0.611867	-0.501721	-0.299016	
0	-0.000209343	0.00185655	0.00937444	0.0229264	0.0411497	0.062093	0.0868167	0.0934606	0.0748208	0.0222533	-0.0483935	-0.154839	-0.298017	-0.464632	-0.608287	-0.687364	-0.673071	-0.555594	-0.344204	
0	0.0270656	0.0537047	0.0778673	0.103566	0.12321	0.140267	0.150352	0.13877	0.0959671	0.0172877	-0.0788	-0.204632	-0.355591	-0.519962	-0.654069	-0.724304	-0.705384	-0.587733	-0.377345	
0	0.0424575	0.0785163	0.112333	0.144755	0.17189	0.18689	0.182799	0.157988	0.0956691	0.00432929	-0.115748	-0.252019	-0.40298	-0.551631	-0.666777	-0.726854	-0.706239	-0.594223	-0.394086	
0	0.0455791	0.0819984	0.113697	0.151194	0.183093	0.197383	0.182496	0.146759	0.0802927	-0.0164011	-0.145018	-0.286865	-0.42795	-0.553257	-0.645974	-0.69386	-0.674779	-0.575129	-0.390997	
0	0.0405639	0.0697674	0.0933444	0.128	0.159773	0.170317	0.149761	0.109526	0.0517838	-0.0398588	-0.162354	-0.302338	-0.426282	-0.526153	-0.594024	-0.627536	-0.611723	-0.528252	-0.369726	
0	0.0284828	0.043537	0.0542455	0.0734685	0.0960032	0.0976674	0.0773823	0.0443474	0.00339969	-0.0678359	-0.17486	-0.296989	-0.400804	-0.471777	-0.513027	-0.531968	-0.518697	-0.458817	-0.337267	
0	0.0128081	0.012419	0.00632346	0.00188101	0.00306643	-0.00625865	-0.0214344	-0.0372678	-0.0559134	-0.101516	-0.182478	-0.278668	-0.355575	-0.399265	-0.414078	-0.418005	-0.410424	-0.375681	-0.299062	
0	-0.00628036	-0.0238138	-0.0490538	-0.0843359	-0.112051	-0.135555	-0.140582	-0.134822	-0.128831	-0.146468	-0.193404	-0.251686	-0.29438	-0.307741	-0.298047	-0.288037	-0.287011	-0.279419	-0.245753	
0	-0.0291051	-0.0621721	-0.110785	-0.172779	-0.235271	-0.268565	-0.266085	-0.23762	-0.210465	-0.199801	-0.207403	-0.218489	-0.221319	-0.203288	-0.175417	-0.156237	-0.162561	-0.181646	-0.184288	
0	-0.053112	-0.104706	-0.171378	-0.258472	-0.346682	-0.391656	-0.385473	-0.343504	-0.301932	-0.263299	-0.229622	-0.188144	-0.147147	-0.0990019	-0.0558824	-0.030328	-0.0403568	-0.0760976	-0.11037	
0	-0.0806054	-0.154922	-0.2371	-0.344555	-0.447758	-0.507745	-0.504798	-0.465426	-0.41256	-0.347827	-0.268331	-0.173929	-0.0865296	-0.00674776	0.0533156	0.0897291	0.0840675	0.0427227	-0.0172673	
0	-0.105491	-0.199158	-0.293719	-0.409001	-0.519785	-0.591921	-0.60551	-0.580634	-0.523992	-0.435767	-0.313014	-0.175048	-0.0442336	0.0650783	0.148414	0.201135	0.209346	0.168327	0.0905633	
0	-0.123019	-0.230865	-0.333169	-0.448483	-0.5605	-0.644257	-0.682744	-0.679973	-0.626376	-0.517561	-0.362093	-0.190012	-0.0250857	0.115765	0.227698	0.303094	0.32819	0.289453	0.197388	
0	-0.131957	-0.247846	-0.358618	-0.471963	-0.588252	-0.68428	-0.752338	-0.774402	-0.728732	-0.607606	-0.429616	-0.232196	-0.0358579	0.142772	0.291554	0.398124	0.441617	0.409804	0.309154	
0	-0.126134	-0.243255	-0.358019	-0.475844	-0.597732	-0.710622	-0.804552	-0.850907	-0.818843	-0.697474	-0.51109	-0.294914	-0.0687716	0.149181	0.338484	0.475808	0.540711	0.519329	0.423235	
0	-0.103783	-0.210228	-0.326184	-0.450331	-0.583159	-0.712309	-0.827301	-0.893354	-0.880293	-0.772335	-0.590665	-0.361739	-0.109989	0.142051	0.362517	0.525369	0.609672	0.606848	0.525064	
0	-0.071331	-0.159791	-0.27639	-0.409665	-0.55944	-0.70589	-0.838906	-0.92106	-0.928906	-0.842629	-0.670694	-0.431585	-0.154862	0.123758	0.367676	0.551209	0.65896	0.682986	0.624093	
0	-0.0339156	-0.102964	-0.213899	-0.360418	-0.523472	-0.693054	-0.839285	-0.938828	-0.964417	-0.901688	-0.741767	-0.497131	-0.203792	0.0897888	0.346921	0.545229	0.679318	0.734872	0.706117	
0	0.00291802	-0.0419863	-0.143831	-0.293822	-0.469892	-0.658211	-0.822777	-0.937308	-0.979193	-0.935279	-0.788676	-0.549119	-0.252133	0.0433846	0.306095	0.516609	0.675502	0.767167	0.771847	
0	0.0326567	0.0122839	-0.0766029	-0.219971	-0.404197	-0.607097	-0.791865	-0.92126	-0.974424	-0.942531	-0.808988	-0.584964	-0.299165	-0.0103358	0.254084	0.474497	0.655413	0.778569	0.820538	
0	0.051081	0.0488618	-0.0214903	-0.154507	-0.335978	-0.550414	-0.749699	-0.893678	-0.953598	-0.9276	-0.8085	-0.606401	-0.346105	-0.0693861	0.191912	0.420445	0.615461	0.763676	0.838496	
0	0.0581955	0.0701531	0.0187146	-0.0968625	-0.270301	-0.483976	-0.693156	-0.845824	-0.915367	-0.893974	-0.791548	-0.615099	-0.385822	-0.12698	0.130284	0.365869	0.571445	0.738377	0.838037	
0	0.056833	0.0798503	0.0464862	-0.0470724	-0.205265	-0.40606	-0.612159	-0.770638	-0.850429	-0.84211	-0.7571	-0.608292	-0.411654	-0.175931	0.0713001	0.311397	0.523366	0.697483	0.81204	
0	0.0473929	0.072726	0.0557059	-0.0196244	-0.154341	-0.333524	-0.522379	-0.679878	-0.771555	-0.779276	-0.714375	-0.587045	-0.420077	-0.208741	0.0229752	0.261317	0.471263	0.639504	0.750877	
0	0.0342249	0.0579567	0.0526184	-0.00415454	-0.112952	-0.261297	-0.425555	-0.574454	-0.677654	-0.704618	-0.661152	-0.55441	-0.409487	-0.223257	-0.00866009	0.217697	0.417236	0.568453	0.668648	
0	0.0202396	0.0408306	0.0417982	0.00427088	-0.0782648	-0.192423	-0.326874	-0.463102	-0.56868	-0.616733	-0.592345	-0.509378	-0.380814	-0.216963	-0.0241198	0.179062	0.354421	0.482243	0.57144	
0	0.00775333	0.0211843	0.0267205	0.00308412	-0.0526911	-0.13573	-0.240024	-0.355648	-0.456243	-0.512901	-0.509034	-0.446139	-0.334209	-0.189301	-0.0219062	0.144063	0.283771	0.384589	0.462347	
0	-0.000570975	0.00735105	0.0140324	0.00277412	-0.0314548	-0.0866961	-0.163239	-0.253727	-0.338431	-0.394845	-0.404449	-0.363599	-0.269879	-0.148314	-0.0121322	0.108547	0.206973	0.281215	0.349108	
0	-0.0048334	-0.00066363	0.00363439	0.00104296	-0.0183008	-0.0509661	-0.101165	-0.164126	-0.222807	-0.269772	-0.281854	-0.260867	-0.19062	-0.100188	-0.00340031	0.0732663	0.131626	0.181605	0.23518	
0	-0.00336219	-0.0024021	0.00118107	0.000283979	-0.0068853	-0.0226291	-0.0478237	-0.0791901	-0.111137	-0.135229	-0.146332	-0.135795	-0.0994792	-0.0496792	0.00140397	0.0372196	0.064706	0.0898839	0.120136	
0	0	0	0	0	0	0	0	0	0	0	0	0	0	0	0	0	0	0	0	
