-0.143293	-0.189252	-0.233645	-0.262855	-0.280632	-0.291136	-0.290835	-0.275623	-0.250938	-0.233974	-0.218866	-0.206099	-0.193454	-0.163516	-0.133479	-0.112612	-0.0880909	-0.0662021	-0.0535606	-0.0359351	0	
-0.11298	-0.202678	-0.28286	-0.337144	-0.373898	-0.390367	-0.393459	-0.386446	-0.360766	-0.332653	-0.307013	-0.279729	-0.249625	-0.205913	-0.159108	-0.124088	-0.0956773	-0.0706653	-0.0506592	-0.0293039	0	
-0.0771317	-0.203677	-0.308576	-0.374512	-0.421902	-0.453351	-0.465732	-0.460394	-0.443014	-0.41747	-0.38004	-0.334366	-0.283242	-0.229154	-0.181308	-0.141572	-0.107177	-0.07495	-0.0457739	-0.0222839	0	
-0.0392617	-0.172198	-0.285746	-0.365634	-0.418954	-0.466573	-0.495511	-0.496027	-0.485899	-0.466562	-0.432472	-0.380126	-0.314482	-0.256853	-0.211918	-0.171493	-0.134289	-0.0931762	-0.0538289	-0.0262097	0	
0.0078805	-0.111735	-0.21874	-0.300369	-0.362489	-0.421552	-0.466103	-0.49034	-0.49407	-0.481691	-0.458488	-0.416753	-0.361571	-0.309381	-0.263492	-0.219966	-0.174151	-0.119905	-0.0695158	-0.0338679	0	
0.0792934	-0.0167627	-0.106667	-0.186943	-0.257512	-0.32318	-0.385415	-0.439974	-0.471665	-0.478323	-0.467025	-0.446493	-0.417866	-0.374599	-0.325094	-0.276428	-0.222884	-0.161829	-0.102404	-0.0506563	0	
0.173328	0.106247	0.0317276	-0.0461912	-0.120512	-0.192282	-0.269585	-0.348701	-0.410423	-0.446289	-0.454639	-0.460357	-0.466445	-0.438557	-0.390079	-0.340681	-0.278079	-0.211388	-0.146509	-0.0736886	0	
0.264505	0.230875	0.1765	0.103608	0.0272736	-0.0473032	-0.136012	-0.229679	-0.308964	-0.373685	-0.414374	-0.448058	-0.480785	-0.47865	-0.443862	-0.398907	-0.337388	-0.262186	-0.187704	-0.102753	0	
0.337527	0.327583	0.291392	0.232393	0.161511	0.0877714	0.00280642	-0.091126	-0.17977	-0.259719	-0.335557	-0.402915	-0.449071	-0.471466	-0.464973	-0.433327	-0.376771	-0.296541	-0.214538	-0.121384	0	
0.38206	0.382823	0.361513	0.31736	0.257253	0.191399	0.124596	0.0487118	-0.0388294	-0.12798	-0.225231	-0.312572	-0.368895	-0.405403	-0.422508	-0.417118	-0.372465	-0.295683	-0.216717	-0.120244	0	
0.396332	0.397593	0.388483	0.364604	0.321913	0.262968	0.210492	0.155267	0.0827302	-0.00185966	-0.0968748	-0.179629	-0.238731	-0.280955	-0.312618	-0.331319	-0.306675	-0.250239	-0.184378	-0.095561	0	
0.387336	0.396086	0.392472	0.382335	0.356114	0.313695	0.272025	0.229227	0.175968	0.108393	0.0381006	-0.0235068	-0.0772456	-0.120441	-0.155207	-0.181589	-0.183625	-0.157333	-0.111085	-0.0540579	0	
0.349449	0.368736	0.377237	0.373908	0.363013	0.348708	0.323745	0.295795	0.262041	0.21698	0.175674	0.137078	0.095175	0.0537306	0.0228854	-0.000612819	-0.025716	-0.0350663	-0.0209974	-0.00506234	0	
0.285466	0.310611	0.333027	0.34464	0.357906	0.375689	0.374206	0.359844	0.343511	0.329037	0.3167	0.298684	0.269552	0.234018	0.2063	0.176761	0.136052	0.0941435	0.0631214	0.0391532	0	
0.204054	0.234302	0.270605	0.307188	0.349255	0.390627	0.414612	0.420538	0.425643	0.440539	0.449059	0.44785	0.43169	0.403176	0.379076	0.343317	0.29202	0.228579	0.153851	0.0805761	0	
0.134898	0.17021	0.206931	0.259691	0.328062	0.387915	0.433532	0.465183	0.497105	0.538635	0.563859	0.571157	0.571955	0.561033	0.53708	0.498345	0.441836	0.357313	0.244773	0.122945	0	
0.0987937	0.12904	0.163806	0.215468	0.286654	0.360589	0.426544	0.485582	0.543607	0.604867	0.651679	0.677194	0.69673	0.701885	0.679025	0.63397	0.563094	0.458433	0.319549	0.158725	0	
0.0892596	0.114315	0.15233	0.196779	0.25406	0.324556	0.397845	0.480139	0.564885	0.642779	0.711395	0.762552	0.797975	0.810167	0.785068	0.730772	0.644087	0.51695	0.362237	0.187728	0	
0.0989277	0.124629	0.160804	0.193017	0.230903	0.29164	0.374902	0.473842	0.573881	0.666301	0.750702	0.820763	0.863087	0.866143	0.833923	0.772092	0.666675	0.525627	0.37216	0.197677	0	
0.122757	0.144716	0.173889	0.200326	0.230947	0.284885	0.376833	0.485948	0.587219	0.676272	0.758755	0.835067	0.877039	0.867947	0.826062	0.754482	0.633692	0.484763	0.34078	0.183384	0	
0.148274	0.171179	0.204362	0.235687	0.271089	0.325214	0.409011	0.507001	0.597478	0.674074	0.74188	0.799695	0.82565	0.806619	0.754375	0.677535	0.562683	0.424152	0.294012	0.157785	0	
0.179577	0.204085	0.247724	0.293242	0.339224	0.396199	0.464194	0.538927	0.606306	0.656731	0.696773	0.720886	0.719807	0.690515	0.632782	0.557294	0.461786	0.351567	0.2407	0.122903	0	
0.22737	0.259607	0.300295	0.352484	0.412726	0.471618	0.520777	0.567634	0.607401	0.626766	0.630019	0.610735	0.579901	0.542704	0.480715	0.412563	0.343877	0.263006	0.174352	0.0822748	0	
0.277655	0.323053	0.367153	0.427133	0.490552	0.539123	0.572053	0.583991	0.584167	0.574091	0.540612	0.483477	0.424099	0.369517	0.310965	0.260748	0.219527	0.175026	0.116224	0.048799	0	
0.32679	0.384029	0.443547	0.511269	0.56787	0.596851	0.602506	0.578021	0.539243	0.492701	0.427576	0.351677	0.271323	0.202056	0.152488	0.114824	0.0930864	0.0747792	0.0451707	0.0183668	0	
0.377053	0.438168	0.507884	0.569066	0.612261	0.631241	0.611472	0.556681	0.483867	0.401709	0.315157	0.226475	0.134659	0.0572891	0.00963476	-0.021694	-0.0373825	-0.0393467	-0.0343007	-0.0169241	0	
0.429752	0.485721	0.545742	0.596598	0.622964	0.624763	0.588362	0.519432	0.42529	0.312951	0.207961	0.111145	0.0177843	-0.0590359	-0.108254	-0.139395	-0.156686	-0.145642	-0.106691	-0.0539595	0	
0.485984	0.528361	0.565722	0.597437	0.600492	0.571559	0.515865	0.441993	0.348568	0.229334	0.113811	0.0137675	-0.0752345	-0.144531	-0.195657	-0.231169	-0.241596	-0.215635	-0.156821	-0.0808961	0	
0.542961	0.565487	0.578271	0.57879	0.54743	0.483498	0.414726	0.338642	0.243753	0.134524	0.0216317	-0.074014	-0.146782	-0.202224	-0.247663	-0.282294	-0.278288	-0.235112	-0.173574	-0.092574	0	
0.586588	0.601	0.587921	0.547122	0.47575	0.382988	0.29734	0.217077	0.126779	0.0345594	-0.063861	-0.148881	-0.203978	-0.242803	-0.273637	-0.29197	-0.26747	-0.213366	-0.159654	-0.0874949	0	
0.601	0.606722	0.569583	0.492034	0.390343	0.284491	0.180546	0.0857941	0.00451034	-0.0606691	-0.129273	-0.1938	-0.233646	-0.263858	-0.27977	-0.271096	-0.234817	-0.178644	-0.128342	-0.0749164	0	
0.587921	0.569583	0.504032	0.402344	0.290257	0.181743	0.0727057	-0.0265842	-0.100955	-0.149118	-0.184699	-0.217046	-0.243418	-0.257557	-0.249468	-0.224304	-0.190015	-0.14553	-0.103345	-0.0609728	0	
0.547122	0.492034	0.402344	0.288397	0.181972	0.0850509	-0.0172506	-0.108991	-0.177149	-0.220137	-0.233522	-0.241979	-0.253247	-0.236895	-0.199657	-0.160939	-0.124274	-0.0956846	-0.0673203	-0.0335821	0	
0.47575	0.390343	0.290257	0.181972	0.0873779	0.00360407	-0.0837788	-0.169499	-0.237751	-0.273351	-0.277461	-0.270198	-0.248227	-0.200519	-0.1455	-0.0928485	-0.0557577	-0.0385704	-0.0192149	-0.00295188	0	
0.382988	0.284491	0.181743	0.0850509	0.00360407	-0.0749201	-0.150178	-0.219157	-0.269555	-0.29368	-0.295451	-0.269462	-0.217491	-0.157957	-0.0996769	-0.0431358	-0.0100335	0.00556913	0.0213555	0.0186823	0	
0.29734	0.180546	0.0727057	-0.0172506	-0.0837788	-0.150178	-0.210742	-0.251532	-0.276159	-0.285232	-0.273572	-0.230374	-0.16633	-0.112918	-0.0682028	-0.0196246	0.00976143	0.0250274	0.0396611	0.0302656	0	
0.217077	0.0857941	-0.0265842	-0.108991	-0.169499	-0.219157	-0.251532	-0.264341	-0.267448	-0.255732	-0.222949	-0.172909	-0.115796	-0.0730675	-0.0423878	-0.00757896	0.0156732	0.0249265	0.0351877	0.0305036	0	
0.126779	0.00451034	-0.100955	-0.177149	-0.237751	-0.269555	-0.276159	-0.267448	-0.238271	-0.202244	-0.161252	-0.115769	-0.0803826	-0.0515576	-0.0212988	0.00307572	0.0159696	0.0190132	0.02072	0.0191402	0	
0.0345594	-0.0606691	-0.149118	-0.220137	-0.273351	-0.29368	-0.285232	-0.255732	-0.202244	-0.149101	-0.105958	-0.0703978	-0.0478142	-0.0250753	-0.000279811	0.00926154	0.00872653	0.000570621	-0.00954569	-0.0055361	0	
-0.063861	-0.129273	-0.184699	-0.233522	-0.277461	-0.295451	-0.273572	-0.222949	-0.161252	-0.105958	-0.0615674	-0.0325484	-0.0155656	0.00089853	0.00896819	0.00159516	-0.00643059	-0.0182929	-0.0345265	-0.0282681	0	
-0.148881	-0.1938	-0.217046	-0.241979	-0.270198	-0.269462	-0.230374	-0.172909	-0.115769	-0.0703978	-0.0325484	-0.00284516	0.0106554	0.0121854	0.00212165	-0.0164683	-0.0242175	-0.0267855	-0.0371727	-0.0321883	0	
-0.203978	-0.233646	-0.243418	-0.253247	-0.248227	-0.217491	-0.16633	-0.115796	-0.0803826	-0.0478142	-0.0155656	0.0106554	0.0230888	0.0158381	-0.00676093	-0.0316973	-0.0377877	-0.0291805	-0.0255149	-0.0192731	0	
-0.242803	-0.263858	-0.257557	-0.236895	-0.200519	-0.157957	-0.112918	-0.0730675	-0.0515576	-0.0250753	0.00089853	0.0121854	0.0158381	0.00408864	-0.0168896	-0.0347957	-0.0410931	-0.0228752	-0.00352524	-0.00321594	0	
-0.273637	-0.27977	-0.249468	-0.199657	-0.1455	-0.0996769	-0.0682028	-0.0423878	-0.0212988	-0.000279811	0.00896819	0.00212165	-0.00676093	-0.0168896	-0.0243679	-0.0267125	-0.0259742	-0.0111974	0.0062494	0.00578902	0	
-0.29197	-0.271096	-0.224304	-0.160939	-0.0928485	-0.0431358	-0.0196246	-0.00757896	0.00307572	0.00926154	0.00159516	-0.0164683	-0.0316973	-0.0347957	-0.0267125	-0.0123296	9.0462e-05	0.00266592	0.00360388	0.00561121	0	
-0.26747	-0.234817	-0.190015	-0.124274	-0.0557577	-0.0100335	0.00976143	0.0156732	0.0159696	0.00872653	-0.00643059	-0.0242175	-0.0377877	-0.0410931	-0.0259742	9.0462e-05	0.0119961	0.00835807	0.00310551	-0.000431182	0	
-0.213366	-0.178644	-0.14553	-0.0956846	-0.0385704	0.00556913	0.0250274	0.0249265	0.0190132	0.000570621	-0.0182929	-0.0267855	-0.0291805	-0.0228752	-0.0111974	0.00266592	0.00835807	0.00036341	-0.00336163	0.000968254	0	
-0.159654	-0.128342	-0.103345	-0.0673203	-0.0192149	0.0213555	0.0396611	0.0351877	0.02072	-0.00954569	-0.0345265	-0.0371727	-0.0255149	-0.00352524	0.0062494	0.00360388	0.00310551	-0.00336163	-0.00146142	0.00973909	0	
-0.0874949	-0.0749164	-0.0609728	-0.0335821	-0.00295188	0.0186823	0.0302656	0.0305036	0.0191402	-0.0055361	-0.0282681	-0.0321883	-0.0192731	-0.00321594	0.00578902	0.00561121	-0.000431182	0.000968254	0.00973909	0.00993595	0	
0	0	0	0	0	0	0	0	0	0	0	0	0	0	0	0	0	0	0	0	0	
