0	1.09717e-07	7.27383e-07	4.30559e-06	2.30417e-05	0.000110954	0.000478143	0.00183338	0.00621786	0.0185421	0.048361	0.109887	0.217279	0.375155	0.571297	0.780643	0.978806	1.15197	1.29625	1.41219	
0	2.20618e-08	1.53763e-07	9.6137e-07	5.45411e-06	2.79561e-05	0.000128835	0.00053109	0.00194802	0.00632476	0.0180903	0.0454109	0.0998592	0.192612	0.327746	0.497439	0.684205	0.868837	1.03731	1.18259	
0	4.02954e-09	2.94648e-08	1.9409e-07	1.16386e-06	6.32821e-06	3.10623e-05	0.000137011	0.000540511	0.00189829	0.00590961	0.0162507	0.0393905	0.0841789	0.159141	0.268113	0.407116	0.565183	0.728547	0.885063	
0	6.70558e-10	5.13416e-09	3.55449e-08	2.24663e-07	1.29166e-06	6.72792e-06	3.16163e-05	0.000133472	0.00050407	0.00169636	0.0050705	0.0134322	0.0315231	0.065671	0.122061	0.204096	0.310416	0.434942	0.568833	
0	1.01979e-10	8.16061e-10	5.92458e-09	3.93684e-08	2.38626e-07	1.31449e-06	6.55533e-06	2.94803e-05	0.000119096	0.000430655	0.00138958	0.00399223	0.010204	0.0232295	0.0472667	0.0864984	0.1436	0.218541	0.308353	
0	1.42167e-11	1.18693e-10	9.01733e-10	6.28451e-09	4.0052e-08	2.32613e-07	1.22672e-06	5.85313e-06	2.51771e-05	9.73052e-05	0.0003369	0.00104266	0.00288128	0.00711274	0.0157238	0.0312734	0.056345	0.0927543	0.140867	
0	1.82209e-12	1.58457e-11	1.25729e-10	9.17037e-10	6.12991e-09	3.74305e-08	2.08087e-07	1.04962e-06	4.7877e-06	1.96853e-05	7.27522e-05	0.000241138	0.000715866	0.00190341	0.00454006	0.00974853	0.0189457	0.0335621	0.0546435	
0	2.15309e-13	1.9474e-12	1.61094e-11	1.22722e-10	8.58485e-10	5.49764e-09	3.21271e-08	1.70773e-07	8.23054e-07	3.58567e-06	1.40813e-05	4.97343e-05	0.000157747	0.000449122	0.00114889	0.0026473	0.00551809	0.0104653	0.0181859	
0	2.35206e-14	2.20944e-13	1.90237e-12	1.51089e-11	1.10384e-10	7.3967e-10	4.53221e-09	2.53153e-08	1.28507e-07	5.91086e-07	2.45682e-06	9.20645e-06	3.10512e-05	9.4188e-05	0.000257046	0.000632262	0.00140629	0.00284183	0.00524842	
0	2.38149e-15	2.32037e-14	2.07636e-13	1.71638e-12	1.30721e-11	9.14688e-11	5.86315e-10	3.43265e-09	1.83013e-08	8.85994e-08	3.88425e-07	1.53846e-06	5.49509e-06	1.76811e-05	5.12456e-05	0.000133939	0.000316465	0.000678515	0.00132664	
0	2.24038e-16	2.26142e-15	2.10017e-14	1.80416e-13	1.42999e-12	1.04292e-11	6.97916e-11	4.27309e-10	2.38678e-09	1.21279e-08	5.59109e-08	2.33292e-07	8.79311e-07	2.98987e-06	9.16687e-06	2.53571e-05	6.3394e-05	0.000143668	0.000296353	
0	1.96279e-17	2.0502e-16	1.97352e-15	1.75938e-14	1.44904e-13	1.09965e-12	7.66821e-12	4.89989e-11	2.86091e-10	1.52207e-09	7.35893e-09	3.22536e-08	1.27885e-07	4.58005e-07	1.48037e-06	4.31878e-06	1.13852e-05	2.71828e-05	5.89736e-05	
0	1.60489e-18	1.73293e-17	1.72697e-16	1.59568e-15	1.36369e-14	1.07517e-13	7.79964e-13	5.19185e-12	3.16237e-11	1.75772e-10	8.89129e-10	4.08295e-09	1.69834e-08	6.38783e-08	2.17009e-07	6.65661e-07	1.8448e-06	4.62669e-06	1.05283e-05	
0	1.22725e-19	1.36856e-18	1.41043e-17	1.34908e-16	1.1948e-15	9.77321e-15	7.36428e-14	5.09811e-13	3.23361e-12	1.87402e-11	9.89699e-11	4.7508e-10	2.06807e-09	8.14825e-09	2.90175e-08	9.33361e-08	2.71204e-07	7.12628e-07	1.69676e-06	
0	8.79385e-21	1.01184e-19	1.07733e-18	1.06558e-17	9.76829e-17	8.27905e-16	6.47086e-15	4.65175e-14	3.0674e-13	1.85029e-12	1.01825e-11	5.09901e-11	2.3179e-10	9.54494e-10	3.55482e-09	1.19615e-08	3.63538e-08	9.9853e-08	2.48223e-07	
0	5.91526e-22	7.01692e-21	7.7113e-20	7.87911e-19	7.46811e-18	6.55062e-17	5.30395e-16	3.95395e-15	2.70654e-14	1.69657e-13	9.71237e-13	5.06442e-12	2.39941e-11	1.03058e-10	4.00559e-10	1.40696e-09	4.46321e-09	1.27882e-08	3.3126e-08	
0	3.74169e-23	4.57239e-22	5.18191e-21	5.46445e-20	5.34989e-19	4.85126e-18	4.06443e-17	3.13806e-16	2.22683e-15	1.44844e-14	8.61231e-14	4.66851e-13	2.30125e-12	1.02908e-11	4.16633e-11	1.52472e-10	5.03884e-10	1.50328e-09	4.05059e-09	
0	2.2293e-24	2.80434e-23	3.27486e-22	3.56107e-21	3.59782e-20	3.3694e-19	2.91782e-18	2.3305e-17	1.7123e-16	1.15419e-15	7.11781e-15	4.00508e-14	2.05079e-13	9.53235e-13	4.0132e-12	1.52758e-11	5.25017e-11	1.6282e-10	4.55634e-10	
0	1.25297e-25	1.62142e-24	1.94961e-23	2.18433e-22	2.27542e-21	2.19876e-20	1.96614e-19	1.62284e-18	1.23316e-17	8.60339e-17	5.49584e-16	3.20562e-15	1.70265e-14	8.21395e-14	3.59057e-13	1.41931e-12	5.06531e-12	1.63045e-11	4.73176e-11	
0	6.65293e-27	8.85088e-26	1.09503e-24	1.26314e-23	1.35561e-22	1.35046e-21	1.24582e-20	1.06159e-19	8.33413e-19	6.01155e-18	3.97313e-17	2.39931e-16	1.3202e-15	6.60121e-15	2.99193e-14	1.22646e-13	4.53868e-13	1.51427e-12	4.55152e-12	
0	3.34183e-28	4.56792e-27	5.81114e-26	6.89671e-25	7.61974e-24	7.81941e-23	7.43551e-22	6.53533e-21	5.29556e-20	3.9452e-19	2.69482e-18	1.68292e-17	9.58157e-17	4.95958e-16	2.32776e-15	9.88252e-15	3.78735e-14	1.30809e-13	4.06732e-13	
0	1.59008e-29	2.23188e-28	2.91777e-27	3.56044e-26	4.04684e-25	4.2748e-24	4.18676e-23	3.79248e-22	3.16902e-21	2.43615e-20	1.71809e-19	1.10843e-18	6.52273e-18	3.49114e-17	1.69481e-16	7.44337e-16	2.95067e-15	1.05379e-14	3.38581e-14	
0	7.1754e-31	1.03369e-29	1.38791e-28	1.7403e-27	2.03362e-26	2.20971e-25	2.22744e-24	2.0778e-23	1.78897e-22	1.41785e-21	1.03147e-20	6.86792e-20	4.1731e-19	2.30715e-18	1.15725e-17	5.25201e-17	2.15125e-16	7.93587e-16	2.63212e-15	
0	3.07451e-32	4.54359e-31	6.26222e-30	8.06401e-29	9.68208e-28	1.0815e-26	1.12126e-25	1.07633e-24	9.5414e-24	7.78991e-23	5.84084e-22	4.01022e-21	2.51369e-20	1.43414e-19	7.42531e-19	3.47881e-18	1.47088e-17	5.59928e-17	1.91532e-16	
0	1.25223e-33	1.89753e-32	2.68323e-31	3.54659e-30	4.37275e-29	5.0181e-28	5.34758e-27	5.27889e-26	4.81473e-25	4.04634e-24	3.12449e-23	2.21024e-22	1.42797e-21	8.4e-21	4.48518e-20	2.16728e-19	9.45037e-19	3.70905e-18	1.30735e-17	
0	4.85323e-35	7.53746e-34	1.09303e-32	1.48216e-31	1.87559e-30	2.21008e-29	2.41938e-28	2.45452e-27	2.3018e-26	1.98988e-25	1.58126e-24	1.15159e-23	7.66248e-23	4.64358e-22	2.55486e-21	1.27219e-20	5.71616e-20	2.31108e-19	8.38723e-19	
0	1.79161e-36	2.85071e-35	4.23742e-34	5.8922e-33	7.64892e-32	9.24971e-31	1.03959e-29	1.0833e-28	1.04389e-27	9.27687e-27	7.5812e-26	5.68013e-25	3.8896e-24	2.4265e-23	1.37458e-22	7.04798e-22	3.26057e-21	1.35696e-20	5.06664e-20	
0	6.30574e-38	1.02753e-36	1.56497e-35	2.23048e-34	2.96894e-33	3.68276e-32	4.24739e-31	4.54349e-30	4.49627e-29	4.1051e-28	3.44784e-27	2.65587e-26	1.87037e-25	1.2003e-24	6.99587e-24	3.69085e-23	1.75677e-22	7.52035e-22	2.88695e-21	
0	2.11786e-39	3.53302e-38	5.51125e-37	8.04792e-36	1.09793e-34	1.39634e-33	1.65174e-32	1.81289e-31	1.84143e-30	1.72625e-29	1.48922e-28	1.17866e-27	8.53117e-27	5.62821e-26	3.3728e-25	1.82966e-24	8.95407e-24	3.94007e-23	1.55408e-22	
0	6.79361e-41	1.15982e-39	1.85238e-38	2.77034e-37	3.87199e-36	5.0467e-35	6.12014e-34	6.88878e-33	7.17842e-32	6.90601e-31	6.11605e-30	4.97077e-29	3.69556e-28	2.5048e-27	1.54238e-26	8.59782e-26	4.32341e-25	1.95432e-24	7.91535e-24	
0	2.08305e-42	3.63827e-41	5.94722e-40	9.10601e-39	1.30339e-37	1.7403e-36	2.16269e-35	2.49536e-34	2.66634e-33	2.63116e-32	2.39087e-31	1.99433e-30	1.52212e-29	1.05931e-28	6.69856e-28	3.83478e-27	1.98019e-26	9.18988e-26	3.8198e-25	
0	6.10987e-44	1.09144e-42	1.8254e-41	2.86044e-40	4.19143e-39	5.73094e-38	7.29523e-37	8.62481e-36	9.44572e-35	9.55647e-34	8.90554e-33	7.62023e-32	5.96744e-31	4.262e-30	2.76613e-29	1.62536e-28	8.61396e-28	4.10205e-27	1.74888e-26	
0	1.71561e-45	3.13354e-44	5.36043e-43	8.59396e-42	1.28872e-40	1.80376e-39	2.35108e-38	2.84694e-37	3.19437e-36	3.31198e-35	3.16378e-34	2.77573e-33	2.22921e-32	1.63308e-31	1.08729e-30	6.55411e-30	3.56309e-29	1.74019e-28	7.60613e-28	
0	4.61498e-47	8.61619e-46	1.50716e-44	2.47138e-43	3.79141e-42	5.43034e-41	7.24501e-40	8.98226e-39	1.03215e-37	1.09625e-36	1.07299e-35	9.64796e-35	7.94266e-34	5.96547e-33	4.07241e-32	2.5171e-31	1.40301e-30	7.02409e-30	3.14604e-29	
0	1.19008e-48	2.2706e-47	4.06018e-46	6.80747e-45	1.0681e-43	1.56497e-42	2.13645e-41	2.71095e-40	3.18911e-39	3.46841e-38	3.47706e-37	3.20286e-36	2.70169e-35	2.07943e-34	1.45486e-33	9.21618e-33	5.26453e-32	2.70054e-31	1.23891e-30	
0	2.94384e-50	5.73847e-49	1.0487e-47	1.79735e-46	2.88333e-45	4.32043e-44	6.03325e-43	7.83284e-42	9.42987e-41	1.04979e-39	1.0775e-38	1.01638e-37	8.781e-37	6.92314e-36	4.9621e-35	3.22022e-34	1.88432e-33	9.89972e-33	4.64989e-32	
0	6.98967e-52	1.39173e-50	2.59867e-49	4.5516e-48	7.46359e-47	1.14339e-45	1.63277e-44	2.16818e-43	2.67041e-42	3.04203e-41	3.19558e-40	3.08564e-39	2.72934e-38	2.2034e-37	1.61722e-36	1.07474e-35	6.43952e-35	3.46357e-34	1.66496e-33	
0	1.59388e-53	3.24102e-52	6.18185e-51	1.10626e-49	1.85374e-48	2.90264e-47	4.2375e-46	5.75378e-45	7.24765e-44	8.44557e-43	9.07705e-42	8.96899e-41	8.11937e-40	6.70928e-39	5.04076e-38	3.4291e-37	2.10303e-36	1.15758e-35	5.69289e-35	
0	3.49268e-55	7.25138e-54	1.41256e-52	2.58208e-51	4.42047e-50	7.0729e-49	1.05532e-47	1.46481e-46	1.88651e-45	2.24805e-44	2.47122e-43	2.49788e-42	2.3135e-41	1.95608e-40	1.50383e-39	1.04682e-38	6.56895e-38	3.69898e-37	1.86042e-36	
0	7.3586e-57	1.5596e-55	3.10211e-54	5.79099e-53	1.01265e-51	1.65528e-50	2.52359e-49	3.57975e-48	4.71244e-47	5.74094e-46	6.45282e-45	6.67012e-44	6.31848e-43	5.46452e-42	4.29742e-41	3.06003e-40	1.96407e-39	1.13103e-38	5.8158e-38	
0	1.49139e-58	3.22616e-57	6.55099e-56	1.24866e-54	2.2298e-53	3.72274e-52	5.79786e-51	8.40297e-50	1.13039e-48	1.40746e-47	1.61712e-46	1.70893e-45	1.6552e-44	1.46379e-43	1.17717e-42	8.57159e-42	5.62549e-41	3.31186e-40	1.7405e-39	
0	2.9091e-60	6.42184e-59	1.331e-57	2.58986e-56	4.72196e-55	8.05032e-54	1.2805e-52	1.89571e-51	2.60534e-50	3.31462e-49	3.89189e-48	4.20359e-47	4.16171e-46	3.76234e-45	3.09312e-44	2.30244e-43	1.54462e-42	9.29384e-42	4.99041e-41	
0	5.4639e-62	1.23067e-60	2.60304e-59	5.16967e-58	9.62171e-57	1.67475e-55	2.7201e-54	4.11255e-53	5.77296e-52	7.50281e-51	9.00046e-50	9.93319e-49	1.00496e-47	9.28478e-47	7.80124e-46	5.93474e-45	4.06861e-44	2.50124e-43	1.37187e-42	
0	9.88596e-64	2.27159e-62	4.90256e-61	9.93607e-60	1.88743e-58	3.35345e-57	5.56045e-56	8.58379e-55	1.23046e-53	1.63324e-52	2.00125e-51	2.25623e-50	2.33205e-49	2.20134e-48	1.8898e-47	1.46887e-46	1.02877e-45	6.4602e-45	3.6183e-44	
0	1.72383e-65	4.04033e-64	8.8961e-63	1.83963e-61	3.56599e-60	6.46619e-59	1.09438e-57	1.72463e-56	2.52404e-55	3.42092e-54	4.28062e-53	4.92884e-52	5.20348e-51	5.01718e-50	4.39962e-49	3.49299e-48	2.49869e-47	1.60231e-46	9.16217e-46	
0	2.89806e-67	6.92766e-66	1.55596e-64	3.2825e-63	6.49199e-62	1.20122e-60	2.07476e-59	3.33712e-58	4.9854e-57	6.898e-56	8.81268e-55	1.03611e-53	1.11699e-52	1.09985e-51	9.84944e-51	7.98555e-50	5.833e-49	3.81882e-48	2.22878e-47	
0	4.69927e-69	1.14555e-67	2.62419e-66	5.64699e-65	1.13933e-63	2.15081e-62	3.79056e-61	6.2217e-60	9.48604e-59	1.33968e-57	1.74712e-56	2.09697e-55	2.308e-54	2.32027e-53	2.1215e-52	1.75609e-51	1.30951e-50	8.75076e-50	5.21165e-49	
0	7.35237e-71	1.82753e-69	4.26937e-68	9.3701e-67	1.92832e-65	3.71341e-64	6.6767e-63	1.11815e-61	1.7396e-60	2.50715e-59	3.33699e-58	4.08802e-57	4.59271e-56	4.71304e-55	4.39884e-54	3.71672e-53	2.82877e-52	1.92905e-51	1.17211e-50	
0	1.11011e-72	2.81326e-71	6.70151e-70	1.49987e-68	3.14796e-67	6.18305e-66	1.134e-64	1.93735e-63	3.07509e-62	4.52196e-61	6.14147e-60	7.67772e-59	8.80266e-58	9.21901e-57	8.78133e-56	7.57188e-55	5.88062e-54	4.09147e-53	2.53576e-52	
0	0	0	0	0	0	0	0	0	0	0	0	0	0	0	0	0	0	0	0	
