0.0697321	-0.0487664	-0.178716	-0.305421	-0.395613	-0.420003	-0.369015	-0.257954	-0.101779	0.0732896	0.225585	0.326657	0.37484	0.365942	0.306176	0.200374	0.0660909	-0.0795825	-0.205667	-0.285672	
0.138921	0.0167033	-0.114074	-0.232937	-0.314091	-0.333867	-0.288646	-0.187204	-0.0376586	0.133094	0.278442	0.37484	0.422053	0.424418	0.38716	0.311073	0.209557	0.0917664	-0.00452006	-0.0570253	
0.163411	0.0446742	-0.0754306	-0.183261	-0.259495	-0.283618	-0.250952	-0.161862	-0.0224066	0.13681	0.271891	0.365942	0.424418	0.449814	0.441357	0.400013	0.331536	0.250663	0.189844	0.166689	
0.156453	0.0490863	-0.060597	-0.163982	-0.24333	-0.27806	-0.261004	-0.188589	-0.0670307	0.0762135	0.202612	0.306176	0.38716	0.441357	0.465713	0.459076	0.432426	0.395121	0.373483	0.379682	
0.135055	0.0345513	-0.0751869	-0.182893	-0.272668	-0.323072	-0.328712	-0.282042	-0.182951	-0.0545515	0.0750422	0.200374	0.311073	0.400013	0.459076	0.498182	0.520959	0.532631	0.549333	0.574955	
0.113104	0.00791001	-0.109545	-0.228972	-0.334913	-0.40971	-0.447615	-0.43018	-0.351724	-0.228294	-0.0853298	0.0660909	0.209557	0.331536	0.432426	0.520959	0.594602	0.651918	0.694988	0.733753	
0.117906	0.00213153	-0.130624	-0.269812	-0.402811	-0.513918	-0.588543	-0.599437	-0.535096	-0.411778	-0.256016	-0.0795825	0.0917664	0.250663	0.395121	0.532631	0.651918	0.7419	0.803215	0.848207	
0.167523	0.0361377	-0.11905	-0.287393	-0.456747	-0.605796	-0.713026	-0.744165	-0.689139	-0.568402	-0.401252	-0.205667	-0.00452006	0.189844	0.373483	0.549333	0.694988	0.803215	0.869421	0.913665	
0.264177	0.113064	-0.0687592	-0.27056	-0.472735	-0.652877	-0.783532	-0.829922	-0.788395	-0.67325	-0.500682	-0.285672	-0.0570253	0.166689	0.379682	0.574955	0.733753	0.848207	0.913665	0.954509	
0.370354	0.201364	-0.00383665	-0.228736	-0.451681	-0.651897	-0.797947	-0.860822	-0.832669	-0.724708	-0.542008	-0.30558	-0.0520341	0.195638	0.424912	0.630003	0.793284	0.908725	0.970372	0.999565	
0.445078	0.27093	0.0622785	-0.165271	-0.392889	-0.600495	-0.757638	-0.831774	-0.81478	-0.707423	-0.51106	-0.257241	0.0148791	0.273603	0.511094	0.718465	0.882428	0.996315	1.04829	1.05693	
0.473166	0.317746	0.131394	-0.07887	-0.294097	-0.499698	-0.656741	-0.735169	-0.722414	-0.61179	-0.40825	-0.146621	0.128445	0.388502	0.627092	0.831531	0.993259	1.0978	1.1316	1.11002	
0.452556	0.339121	0.19335	0.0200145	-0.168774	-0.354498	-0.496512	-0.568672	-0.554646	-0.446868	-0.247636	0.00359804	0.267578	0.520147	0.75205	0.94832	1.09903	1.18405	1.19318	1.13666	
0.375306	0.31185	0.219351	0.0962675	-0.0474454	-0.192378	-0.303744	-0.359278	-0.345801	-0.24696	-0.0657598	0.163402	0.409818	0.650456	0.872727	1.05557	1.18734	1.24819	1.23092	1.14387	
0.232396	0.219806	0.185478	0.124671	0.0442336	-0.0434715	-0.10999	-0.144952	-0.130024	-0.0428713	0.115894	0.321984	0.549287	0.777289	0.985184	1.14675	1.25371	1.28657	1.24565	1.13833	
0.0561835	0.0925462	0.115736	0.124232	0.111656	0.0893402	0.0690915	0.0576718	0.0777684	0.155903	0.295326	0.478337	0.684065	0.8934	1.0744	1.20626	1.28043	1.28449	1.22812	1.10953	
-0.0947954	-0.0151545	0.0625062	0.130467	0.178847	0.213011	0.233359	0.246434	0.276645	0.352184	0.474782	0.631906	0.809919	0.985944	1.1272	1.21906	1.25348	1.23381	1.16614	1.04852	
-0.188028	-0.0689544	0.0495683	0.159732	0.25063	0.324683	0.37688	0.413381	0.459354	0.537053	0.643348	0.773337	0.916189	1.04978	1.14537	1.19184	1.19094	1.15041	1.07782	0.968961	
-0.230732	-0.0816025	0.0627662	0.198059	0.313295	0.413306	0.487359	0.545185	0.607852	0.687086	0.778241	0.881937	0.990191	1.08531	1.13831	1.15039	1.12154	1.06781	0.995847	0.893995	
-0.238276	-0.0754442	0.0841542	0.230286	0.360413	0.472741	0.557771	0.626662	0.695462	0.766823	0.840375	0.919239	1.00449	1.07189	1.10407	1.10099	1.06236	1.01196	0.944135	0.854969	
-0.227635	-0.0657638	0.0962467	0.24657	0.383753	0.497562	0.580479	0.644974	0.701351	0.752445	0.801811	0.864063	0.938297	1.00006	1.03944	1.0448	1.02448	0.988972	0.936238	0.862627	
-0.194441	-0.0478962	0.105029	0.251823	0.387152	0.491859	0.561685	0.606487	0.635608	0.653392	0.675886	0.726275	0.798608	0.876162	0.941613	0.982878	0.999241	0.993239	0.965697	0.90833	
-0.119696	-0.000888414	0.129296	0.256807	0.37401	0.455944	0.502822	0.519283	0.514307	0.494581	0.493659	0.532578	0.612066	0.713481	0.821733	0.915026	0.982091	1.01872	1.01884	0.981472	
0.00777294	0.0942503	0.186141	0.276435	0.353181	0.398483	0.413376	0.401219	0.362697	0.31506	0.294024	0.32429	0.406746	0.53011	0.681101	0.825756	0.949504	1.02886	1.06121	1.04541	
0.186741	0.237996	0.28176	0.319094	0.337633	0.332111	0.307959	0.263686	0.197639	0.130798	0.0952175	0.115036	0.189213	0.325457	0.50242	0.692908	0.866672	0.992093	1.06441	1.07929	
0.367908	0.378844	0.371878	0.351453	0.307036	0.247787	0.18114	0.103376	0.0170818	-0.0606211	-0.0997829	-0.0920169	-0.0261033	0.110802	0.30103	0.524799	0.737418	0.910474	1.02552	1.08377	
0.498427	0.464706	0.411565	0.339968	0.244914	0.1441	0.0394574	-0.0662085	-0.170267	-0.250297	-0.290399	-0.291064	-0.230596	-0.100744	0.0949642	0.334517	0.575987	0.791166	0.952424	1.0656	
0.567125	0.490646	0.3985	0.285642	0.160722	0.0333592	-0.0954286	-0.223805	-0.342987	-0.426691	-0.475437	-0.482832	-0.429284	-0.306085	-0.110257	0.133861	0.397109	0.647429	0.858515	1.03398	
0.581121	0.47819	0.357439	0.220418	0.0821353	-0.0556533	-0.193205	-0.334656	-0.460847	-0.555811	-0.62214	-0.643732	-0.603925	-0.489796	-0.303065	-0.0632417	0.210475	0.483095	0.740998	0.972225	
0.549376	0.443614	0.315638	0.176497	0.0376245	-0.0974198	-0.234963	-0.374924	-0.499973	-0.608759	-0.698035	-0.745041	-0.72914	-0.635162	-0.469973	-0.241635	0.0282901	0.314385	0.608484	0.880668	
0.475466	0.383965	0.274636	0.153253	0.0296847	-0.0965159	-0.22782	-0.356646	-0.474326	-0.591425	-0.699148	-0.77308	-0.785918	-0.72481	-0.58829	-0.378995	-0.12009	0.176343	0.489778	0.788787	
0.383727	0.314757	0.236954	0.15005	0.0553308	-0.0539691	-0.172105	-0.286713	-0.396697	-0.51631	-0.632937	-0.725793	-0.768762	-0.749546	-0.649947	-0.472724	-0.227837	0.0698807	0.390993	0.702786	
0.318542	0.272407	0.224568	0.17692	0.115104	0.0343445	-0.0623458	-0.160198	-0.268465	-0.38938	-0.510211	-0.61428	-0.688473	-0.713967	-0.665134	-0.533424	-0.315088	-0.0303147	0.288926	0.598936	
0.303949	0.275632	0.252871	0.232737	0.200415	0.151705	0.0865845	0.00813612	-0.0989305	-0.22139	-0.346205	-0.461122	-0.564912	-0.63384	-0.644058	-0.569	-0.398732	-0.144575	0.152796	0.451385	
0.329548	0.313626	0.308708	0.301713	0.28924	0.265303	0.23345	0.173899	0.0773905	-0.0422516	-0.169697	-0.300315	-0.430206	-0.5388	-0.602865	-0.590332	-0.482326	-0.281244	-0.0271479	0.25291	
0.368167	0.358131	0.358801	0.358627	0.355559	0.349172	0.337831	0.294467	0.218186	0.113346	-0.0113697	-0.158059	-0.311247	-0.453602	-0.561211	-0.607279	-0.56562	-0.437571	-0.240535	0.00880331	
0.403273	0.389146	0.382244	0.382249	0.383504	0.389182	0.38215	0.350076	0.295162	0.215323	0.100434	-0.0526421	-0.223419	-0.39201	-0.534677	-0.627981	-0.651147	-0.600822	-0.468891	-0.261653	
0.419007	0.396012	0.375456	0.364669	0.365429	0.372615	0.362797	0.337512	0.299874	0.243023	0.143696	0.000379848	-0.173648	-0.357275	-0.526205	-0.657198	-0.739015	-0.758223	-0.693438	-0.534612	
0.394215	0.371166	0.344037	0.320763	0.312467	0.307599	0.294689	0.276468	0.25212	0.20665	0.122837	-0.00032518	-0.161737	-0.347847	-0.535733	-0.703308	-0.838314	-0.917814	-0.913559	-0.806831	
0.3186	0.304207	0.282867	0.257977	0.234933	0.209394	0.189702	0.177567	0.160519	0.117262	0.044866	-0.0575044	-0.196517	-0.37137	-0.568006	-0.76828	-0.949176	-1.07757	-1.12115	-1.06701	
0.189698	0.180047	0.167659	0.149163	0.11613	0.0743953	0.0439508	0.0290955	0.0102219	-0.0301253	-0.0901133	-0.171992	-0.283627	-0.432997	-0.62083	-0.836291	-1.04651	-1.20784	-1.28913	-1.28489	
0.0258033	0.015403	0.00553741	-0.0101522	-0.0423734	-0.0836232	-0.119976	-0.148869	-0.180094	-0.216427	-0.261443	-0.3236	-0.410193	-0.530514	-0.696284	-0.903832	-1.11874	-1.29519	-1.40587	-1.44263	
-0.145323	-0.157256	-0.170264	-0.189427	-0.214963	-0.242054	-0.27436	-0.318222	-0.365474	-0.402448	-0.435667	-0.480605	-0.547227	-0.644147	-0.783259	-0.962091	-1.15469	-1.32789	-1.45744	-1.52386	
-0.312994	-0.329386	-0.345746	-0.366056	-0.383494	-0.396118	-0.419191	-0.463602	-0.513836	-0.551537	-0.577995	-0.606947	-0.652987	-0.727842	-0.836139	-0.971057	-1.1217	-1.27693	-1.41614	-1.50695	
-0.447016	-0.469109	-0.488529	-0.503683	-0.511154	-0.517258	-0.534415	-0.564323	-0.598414	-0.630279	-0.655141	-0.674672	-0.702733	-0.754129	-0.827455	-0.913918	-1.01718	-1.14463	-1.28107	-1.38774	
-0.504661	-0.524287	-0.54589	-0.556112	-0.556663	-0.563244	-0.57827	-0.590612	-0.601981	-0.622385	-0.648162	-0.669971	-0.691535	-0.721861	-0.759594	-0.803501	-0.866256	-0.960826	-1.07743	-1.18247	
-0.483521	-0.490608	-0.504171	-0.512476	-0.517446	-0.527027	-0.53517	-0.532995	-0.528304	-0.535187	-0.556384	-0.58358	-0.607024	-0.62082	-0.627705	-0.641198	-0.677076	-0.741885	-0.828972	-0.918446	
-0.391675	-0.386664	-0.38131	-0.386872	-0.403481	-0.415288	-0.412037	-0.400804	-0.391309	-0.38863	-0.399563	-0.425013	-0.448531	-0.451782	-0.440348	-0.437874	-0.458523	-0.499821	-0.556538	-0.622305	
-0.22347	-0.216493	-0.202692	-0.204683	-0.222119	-0.231355	-0.224138	-0.213997	-0.208081	-0.204118	-0.207221	-0.222554	-0.238076	-0.237591	-0.22538	-0.22	-0.229925	-0.250239	-0.277709	-0.312502	
0	0	0	0	0	0	0	0	0	0	0	0	0	0	0	0	0	0	0	0	
