0	0	0	0	0	0	0	0	0	0	0	0	0	0	0	0	0	0	0	0	0	
0.320859	0.336516	0.347818	0.354029	0.357659	0.36237	0.365429	0.362078	0.353158	0.339824	0.324819	0.306001	0.283551	0.259077	0.228186	0.193808	0.158206	0.121229	0.0828788	0.0411216	0	
0.607776	0.635931	0.657857	0.667797	0.674125	0.684929	0.690771	0.688228	0.674777	0.649124	0.624284	0.592238	0.549578	0.503125	0.443229	0.37789	0.312533	0.240088	0.162148	0.080238	0	
0.832153	0.870022	0.898021	0.912732	0.923	0.939365	0.952874	0.951145	0.934878	0.906627	0.87445	0.831154	0.777018	0.716135	0.635635	0.543689	0.446779	0.34409	0.235747	0.117221	0	
0.98646	1.02956	1.0634	1.07906	1.09029	1.11344	1.13219	1.13611	1.12232	1.08989	1.05728	1.01186	0.948361	0.875549	0.777979	0.667919	0.553555	0.426943	0.290798	0.145017	0	
1.06702	1.11529	1.15228	1.16951	1.18351	1.21092	1.23576	1.24213	1.22832	1.19705	1.1612	1.1096	1.04252	0.96538	0.860082	0.737887	0.608265	0.469685	0.322093	0.160484	0	
1.08687	1.13967	1.18007	1.19883	1.2117	1.24081	1.268	1.27387	1.25702	1.22106	1.18163	1.12741	1.05591	0.973013	0.863059	0.738168	0.607084	0.467226	0.320104	0.160543	0	
1.05731	1.11429	1.15762	1.17402	1.18503	1.21219	1.23514	1.23689	1.21464	1.17185	1.12377	1.0614	0.985561	0.901744	0.794163	0.673163	0.54896	0.421024	0.288066	0.14401	0	
0.994709	1.05264	1.09222	1.10578	1.1102	1.12791	1.14469	1.13583	1.10062	1.04995	0.993098	0.925107	0.849667	0.76812	0.668445	0.558695	0.448285	0.340824	0.233674	0.117648	0	
0.920019	0.969782	0.999616	0.998517	0.987751	0.990418	0.990667	0.970134	0.92735	0.86885	0.805686	0.737185	0.664664	0.590181	0.50578	0.415743	0.329124	0.248332	0.170022	0.0868229	0	
0.844361	0.876348	0.883137	0.861697	0.83112	0.809958	0.792776	0.757358	0.701564	0.639856	0.575509	0.51129	0.452648	0.396285	0.334658	0.267596	0.205387	0.153643	0.10568	0.0545741	0	
0.780131	0.785263	0.76184	0.71165	0.653021	0.603556	0.563246	0.513736	0.452929	0.391793	0.331649	0.279555	0.236384	0.197789	0.161105	0.121891	0.0891398	0.0663525	0.0473928	0.0277562	0	
0.71721	0.690521	0.635118	0.556841	0.47458	0.400402	0.340306	0.279812	0.214404	0.154556	0.0993469	0.0587016	0.0326269	0.0147006	0.00258717	-0.0119867	-0.0190803	-0.0161727	-0.0102627	-0.0016387	0	
0.64458	0.59138	0.507521	0.409866	0.312557	0.218641	0.145803	0.0808695	0.0150001	-0.04011	-0.0886382	-0.120637	-0.135981	-0.140699	-0.136748	-0.133262	-0.117513	-0.0904259	-0.0620833	-0.0285555	0	
0.552152	0.475484	0.376751	0.271406	0.170355	0.0733427	-0.00331702	-0.0662966	-0.124537	-0.175106	-0.220001	-0.244798	-0.25412	-0.253849	-0.241161	-0.223568	-0.19214	-0.15136	-0.105476	-0.0492681	0	
0.439795	0.351393	0.245155	0.143902	0.0539032	-0.0388674	-0.109447	-0.161026	-0.21072	-0.253471	-0.289471	-0.30961	-0.315872	-0.309486	-0.29187	-0.269753	-0.228518	-0.177257	-0.128382	-0.0677158	0	
0.32584	0.229435	0.126614	0.0370344	-0.0399215	-0.120456	-0.182256	-0.222111	-0.255796	-0.285822	-0.310202	-0.318336	-0.315401	-0.306029	-0.288439	-0.260747	-0.215575	-0.167295	-0.119104	-0.0594712	0	
0.225963	0.127223	0.0290163	-0.0485634	-0.109831	-0.176645	-0.226099	-0.25122	-0.269875	-0.284926	-0.292183	-0.286793	-0.274153	-0.255441	-0.230807	-0.200046	-0.156679	-0.116703	-0.0894378	-0.0532003	0	
0.152902	0.0542785	-0.0361143	-0.101735	-0.149872	-0.204405	-0.244926	-0.256787	-0.259335	-0.258289	-0.246069	-0.222659	-0.195447	-0.170894	-0.150205	-0.122106	-0.0828183	-0.0542235	-0.0430894	-0.0281624	0	
0.115189	0.0162152	-0.0697758	-0.125835	-0.163875	-0.20409	-0.230073	-0.231147	-0.220282	-0.201668	-0.175534	-0.144163	-0.111969	-0.0871854	-0.0673093	-0.0414252	-0.0128405	-0.000327091	-0.00958391	-0.0158643	0	
0.112019	0.0159327	-0.0625411	-0.110849	-0.138908	-0.166172	-0.183004	-0.17551	-0.15724	-0.133091	-0.0996183	-0.0621166	-0.0301507	-0.0143863	-0.00721519	0.00793076	0.0286456	0.0337805	0.0125389	-0.00715046	0	
0.148339	0.061437	-0.00993788	-0.0492021	-0.0698426	-0.08816	-0.0986723	-0.0944128	-0.0806317	-0.0561596	-0.0279951	-0.00120879	0.0218549	0.028341	0.0267501	0.0335028	0.0456571	0.0443116	0.0189284	-0.00330327	0	
0.213053	0.148476	0.0939795	0.0638472	0.0480253	0.0327344	0.0185022	0.00753487	0.00201169	0.0105609	0.0230796	0.0374743	0.04865	0.04044	0.030525	0.0341891	0.04419	0.0418802	0.0162685	-0.00429114	0	
0.287347	0.258575	0.226919	0.211322	0.201004	0.184104	0.157912	0.123182	0.0909678	0.0730329	0.0609764	0.056991	0.0524835	0.0346794	0.020581	0.017009	0.0248959	0.0276757	0.00768399	-0.00680077	0	
0.34784	0.362969	0.359092	0.357251	0.354877	0.336305	0.299127	0.242124	0.181539	0.140936	0.105902	0.0779608	0.0566787	0.0270688	0.00274013	-0.0064908	0.000135424	0.00320173	-0.00824223	-0.00956154	0	
0.377575	0.430727	0.450563	0.464959	0.472463	0.459133	0.421156	0.353137	0.276617	0.214124	0.158341	0.116578	0.0768574	0.0311643	7.7185e-05	-0.0182956	-0.0207648	-0.0174347	-0.0217265	-0.0152327	0	
0.371468	0.45147	0.489412	0.516032	0.539705	0.538206	0.504062	0.439449	0.360719	0.288097	0.220739	0.164863	0.115325	0.0651699	0.0220277	-0.00900532	-0.0170842	-0.0168792	-0.019065	-0.00994934	0	
0.331792	0.426337	0.475284	0.513688	0.5539	0.569238	0.551601	0.499929	0.42513	0.351071	0.282698	0.222507	0.16684	0.114329	0.0716324	0.0381473	0.019273	0.0101403	0.0041694	0.00385649	0	
0.260402	0.358953	0.416493	0.468478	0.526012	0.560827	0.563403	0.534361	0.477375	0.407009	0.338319	0.282893	0.234123	0.183365	0.137843	0.10136	0.0743163	0.0549824	0.0386811	0.0217261	0	
0.165031	0.261295	0.324757	0.38592	0.45901	0.515892	0.541989	0.543814	0.514392	0.462167	0.408272	0.357854	0.310441	0.262354	0.212245	0.164637	0.124766	0.094406	0.0654151	0.0325802	0	
0.0564542	0.143429	0.205549	0.27235	0.354673	0.429284	0.491103	0.534881	0.541204	0.519523	0.483721	0.442604	0.400042	0.342451	0.278631	0.220348	0.164427	0.119226	0.0802405	0.0381964	0	
-0.0583744	0.014405	0.0737897	0.145863	0.232846	0.324595	0.416103	0.498229	0.548686	0.56041	0.544687	0.519264	0.481607	0.417725	0.344191	0.272617	0.204239	0.145682	0.0895632	0.0379489	0	
-0.169886	-0.108684	-0.0502241	0.0229391	0.111568	0.212482	0.325495	0.436328	0.517472	0.563324	0.574821	0.565187	0.53875	0.481753	0.406285	0.327567	0.256069	0.189848	0.115695	0.048562	0	
-0.270777	-0.215801	-0.157245	-0.0803771	0.00705992	0.104733	0.224596	0.347079	0.445833	0.516244	0.552615	0.569794	0.565025	0.524454	0.465756	0.397624	0.327086	0.247757	0.152207	0.0673894	0	
-0.33968	-0.290522	-0.23386	-0.158491	-0.0802823	0.00555588	0.113366	0.226335	0.332533	0.423586	0.485814	0.534651	0.562603	0.552116	0.51459	0.461081	0.400769	0.312186	0.193181	0.0879167	0	
-0.365384	-0.324446	-0.278375	-0.221112	-0.157599	-0.0902061	-0.00585233	0.0945803	0.199496	0.302279	0.393326	0.47073	0.524454	0.547154	0.538793	0.503321	0.454296	0.368442	0.23851	0.111077	0	
-0.35708	-0.331761	-0.310411	-0.27494	-0.225256	-0.175797	-0.109914	-0.0250068	0.0714829	0.178522	0.280831	0.374041	0.451609	0.500951	0.522826	0.518738	0.483159	0.396507	0.264266	0.127001	0	
-0.326498	-0.322943	-0.328566	-0.31804	-0.283999	-0.245556	-0.198267	-0.130352	-0.0417299	0.0621825	0.168022	0.2687	0.356726	0.419808	0.459332	0.478247	0.46239	0.391199	0.270794	0.133992	0	
-0.281368	-0.30194	-0.333873	-0.34846	-0.331116	-0.305416	-0.271519	-0.214358	-0.136375	-0.0398335	0.0611802	0.155913	0.242031	0.309855	0.361695	0.392521	0.387822	0.342073	0.247541	0.121952	0	
-0.230011	-0.263663	-0.311964	-0.344193	-0.344572	-0.339035	-0.326394	-0.28913	-0.226216	-0.140683	-0.0496021	0.0395508	0.119127	0.179458	0.233995	0.273349	0.278476	0.251776	0.189661	0.098709	0	
-0.172365	-0.211378	-0.265493	-0.303507	-0.325088	-0.342969	-0.349438	-0.340036	-0.305499	-0.240406	-0.165672	-0.0884937	-0.0182362	0.0342341	0.0800547	0.118882	0.144869	0.146798	0.116956	0.066115	0	
-0.125685	-0.166678	-0.212423	-0.245743	-0.275763	-0.309788	-0.339403	-0.357552	-0.357078	-0.331452	-0.28568	-0.224952	-0.168012	-0.122351	-0.0827553	-0.0512213	-0.01416	0.0186951	0.0286341	0.0224944	0	
-0.0888766	-0.125321	-0.163582	-0.19072	-0.218318	-0.2602	-0.305102	-0.35064	-0.390149	-0.402692	-0.386317	-0.349402	-0.310697	-0.277325	-0.250244	-0.228185	-0.186813	-0.135097	-0.0917413	-0.0454382	0	
-0.0493426	-0.0791342	-0.11196	-0.139593	-0.170479	-0.218474	-0.269874	-0.330069	-0.401669	-0.451933	-0.465018	-0.450479	-0.429009	-0.418088	-0.421055	-0.412901	-0.365712	-0.297429	-0.215798	-0.110274	0	
-0.00462954	-0.0285578	-0.065105	-0.098498	-0.132268	-0.183859	-0.234512	-0.298049	-0.386295	-0.466513	-0.522158	-0.547983	-0.552435	-0.561054	-0.576816	-0.57229	-0.521266	-0.431384	-0.319271	-0.176182	0	
0.0319773	0.00951062	-0.0270677	-0.0651376	-0.0992453	-0.139383	-0.186773	-0.258433	-0.356409	-0.46525	-0.565485	-0.631133	-0.671564	-0.704596	-0.718075	-0.69874	-0.634312	-0.523116	-0.384839	-0.214659	0	
0.0633229	0.0325414	-0.0016552	-0.0380398	-0.0690974	-0.0984601	-0.141136	-0.214216	-0.322186	-0.455671	-0.588112	-0.693816	-0.770479	-0.818922	-0.831466	-0.795625	-0.704281	-0.574161	-0.420616	-0.230346	0	
0.105775	0.054863	0.0184025	-0.0107982	-0.0337689	-0.0633874	-0.11315	-0.187162	-0.29948	-0.443897	-0.593673	-0.726489	-0.824747	-0.882148	-0.895931	-0.848624	-0.741218	-0.603858	-0.438057	-0.230794	0	
0.17761	0.108383	0.0530516	0.0153812	-0.00706661	-0.0440327	-0.100711	-0.181673	-0.294539	-0.427069	-0.576612	-0.72373	-0.835331	-0.896793	-0.90556	-0.854294	-0.743746	-0.599917	-0.429724	-0.22404	0	
0.281162	0.191699	0.107746	0.0497681	0.00609593	-0.0431955	-0.0967324	-0.177046	-0.288015	-0.41567	-0.553483	-0.689151	-0.804521	-0.863024	-0.859097	-0.808504	-0.704313	-0.561175	-0.395221	-0.203852	0	
