0.177427	0.107879	0.0345589	-0.0452351	-0.128591	-0.210215	-0.281996	-0.340566	-0.38611	-0.414264	-0.436964	-0.446963	-0.438128	-0.420189	-0.377587	-0.319201	-0.261425	-0.204117	-0.14514	-0.0742163	0	
0.257817	0.204846	0.151012	0.0855807	0.0090074	-0.0739242	-0.15378	-0.224473	-0.289888	-0.348318	-0.404715	-0.441649	-0.445937	-0.438935	-0.419029	-0.37593	-0.313405	-0.242825	-0.172768	-0.0927282	0	
0.337712	0.304812	0.261126	0.205693	0.141863	0.0635528	-0.0165511	-0.0891991	-0.169762	-0.253967	-0.334095	-0.395148	-0.418631	-0.424112	-0.425646	-0.40551	-0.352317	-0.277262	-0.195811	-0.105245	0	
0.384199	0.370419	0.343394	0.300838	0.252254	0.188918	0.116189	0.0436143	-0.0387777	-0.13004	-0.219413	-0.294743	-0.345584	-0.376203	-0.393209	-0.389173	-0.350671	-0.280836	-0.194782	-0.100035	0	
0.406567	0.397816	0.375734	0.357056	0.327903	0.284455	0.230424	0.161331	0.0835236	-6.64878e-05	-0.0818444	-0.154248	-0.21999	-0.269824	-0.297677	-0.306299	-0.288313	-0.242193	-0.170684	-0.0834955	0	
0.393117	0.392897	0.375239	0.370736	0.362468	0.342076	0.301944	0.248402	0.190198	0.12775	0.0687843	0.00848629	-0.0560786	-0.111227	-0.145889	-0.160347	-0.160823	-0.146915	-0.108347	-0.0523484	0	
0.343275	0.362645	0.363989	0.366993	0.372649	0.367398	0.341342	0.305918	0.269953	0.241456	0.211971	0.172333	0.128991	0.0833069	0.0476115	0.0274803	0.00909901	-0.00813234	-0.0135544	-0.00790253	0	
0.279699	0.309403	0.33384	0.352412	0.365061	0.371187	0.368517	0.358681	0.34945	0.350045	0.342486	0.3249	0.307616	0.279932	0.250833	0.224252	0.186208	0.142463	0.0946752	0.0425873	0	
0.211267	0.240626	0.277948	0.317722	0.348891	0.370878	0.39609	0.42052	0.437601	0.458972	0.468515	0.465486	0.467413	0.459105	0.433362	0.396179	0.342125	0.273821	0.190832	0.0935163	0	
0.137624	0.176002	0.222492	0.27361	0.325994	0.371287	0.418441	0.473096	0.519858	0.55558	0.583695	0.600022	0.607845	0.61116	0.587869	0.533457	0.464197	0.375978	0.264173	0.134904	0	
0.0860932	0.131509	0.183711	0.23208	0.292436	0.36346	0.433602	0.507207	0.578565	0.630806	0.67474	0.708704	0.72354	0.728965	0.704055	0.642627	0.560203	0.455242	0.32284	0.164291	0	
0.0751876	0.113283	0.160472	0.205754	0.2589	0.340011	0.433676	0.522264	0.60524	0.675361	0.737492	0.783193	0.80783	0.812575	0.781053	0.716941	0.623282	0.504941	0.357356	0.176388	0	
0.104681	0.121133	0.156385	0.20404	0.253517	0.325165	0.417382	0.512522	0.601122	0.687985	0.769	0.825802	0.85744	0.856977	0.815059	0.740636	0.637289	0.509683	0.35234	0.170993	0	
0.149509	0.157283	0.176076	0.21865	0.272525	0.333794	0.414125	0.504405	0.592345	0.685709	0.770159	0.825376	0.848359	0.839847	0.791018	0.704655	0.600318	0.473308	0.318457	0.156746	0	
0.187098	0.196367	0.210929	0.250407	0.310946	0.372577	0.441181	0.516949	0.596542	0.674434	0.737268	0.773871	0.776777	0.755201	0.705251	0.621109	0.516201	0.399069	0.269175	0.131712	0	
0.219498	0.240065	0.265633	0.307113	0.372291	0.438375	0.492097	0.541279	0.596306	0.643726	0.674001	0.677618	0.65584	0.622486	0.569595	0.496395	0.403163	0.302845	0.207915	0.10476	0	
0.254955	0.295285	0.343655	0.393936	0.449855	0.508385	0.546365	0.567444	0.587113	0.591631	0.580222	0.549649	0.501212	0.45364	0.40569	0.347391	0.276594	0.207461	0.145666	0.0764538	0	
0.303192	0.360875	0.423346	0.476197	0.51953	0.561355	0.582517	0.579615	0.563555	0.525415	0.470386	0.408827	0.339394	0.278327	0.232866	0.187763	0.14728	0.112597	0.0776293	0.0437652	0	
0.351728	0.426643	0.496616	0.545899	0.573747	0.589528	0.591642	0.565578	0.510097	0.43473	0.351209	0.268682	0.190579	0.124205	0.0746329	0.0389064	0.0216335	0.0157092	0.0072306	0.00185966	0	
0.403671	0.487276	0.55742	0.600718	0.612316	0.594799	0.565988	0.514458	0.429336	0.328578	0.229722	0.138976	0.0608769	-0.00580237	-0.0581461	-0.0863371	-0.0889747	-0.0757678	-0.0600553	-0.0378311	0	
0.456931	0.530964	0.587444	0.613453	0.606914	0.571062	0.519409	0.442607	0.338854	0.226465	0.120227	0.0287521	-0.0479126	-0.112071	-0.161001	-0.187261	-0.181963	-0.157947	-0.12338	-0.0672856	0	
0.511369	0.554503	0.584842	0.587325	0.55764	0.509149	0.442151	0.351997	0.247547	0.137522	0.0303184	-0.056298	-0.129754	-0.194449	-0.232717	-0.253714	-0.252124	-0.222402	-0.169392	-0.0871942	0	
0.553896	0.565262	0.560034	0.528936	0.478559	0.417214	0.33107	0.236263	0.14657	0.0542464	-0.037294	-0.118175	-0.189339	-0.248775	-0.279459	-0.286797	-0.277599	-0.244252	-0.176987	-0.0838004	0	
0.581409	0.561925	0.517519	0.454011	0.383198	0.302313	0.20493	0.112547	0.0343921	-0.0378165	-0.106296	-0.172111	-0.227094	-0.269392	-0.287066	-0.27575	-0.258348	-0.222968	-0.151764	-0.0709991	0	
0.588184	0.540898	0.460413	0.373177	0.288283	0.186673	0.0815743	-0.00595719	-0.073863	-0.128315	-0.178242	-0.219529	-0.249816	-0.269069	-0.264726	-0.236715	-0.203044	-0.163727	-0.107418	-0.0477727	0	
0.553399	0.483184	0.387899	0.290695	0.193314	0.0827507	-0.0206413	-0.102336	-0.168235	-0.210897	-0.239038	-0.252119	-0.250901	-0.242668	-0.220369	-0.184478	-0.140337	-0.10222	-0.0682544	-0.0292697	0	
0.48024	0.38613	0.285704	0.190132	0.0852547	-0.0200779	-0.104772	-0.170133	-0.229639	-0.263391	-0.272811	-0.263152	-0.231204	-0.198637	-0.165522	-0.125003	-0.0875647	-0.060275	-0.0416053	-0.0226894	0	
0.373765	0.272595	0.173129	0.0738067	-0.0266507	-0.105347	-0.164096	-0.214832	-0.257887	-0.284337	-0.284854	-0.260387	-0.211972	-0.158953	-0.11408	-0.0680284	-0.0340879	-0.0159285	-0.00641755	-0.00648779	0	
0.259048	0.16514	0.0751012	-0.0224895	-0.109458	-0.170623	-0.216264	-0.25135	-0.272833	-0.286233	-0.277158	-0.240869	-0.186677	-0.122243	-0.0665338	-0.0212937	0.00895379	0.0248363	0.0285228	0.0129721	0	
0.152476	0.0609815	-0.0211645	-0.0996483	-0.163391	-0.219719	-0.263749	-0.279433	-0.274714	-0.264438	-0.236334	-0.192766	-0.144861	-0.0844568	-0.035304	-0.00382731	0.0260788	0.0435422	0.0426883	0.0257588	0	
0.0609815	-0.0352995	-0.110518	-0.169609	-0.220832	-0.263834	-0.284534	-0.278668	-0.254145	-0.217175	-0.173989	-0.133884	-0.0928194	-0.0487459	-0.0209611	-0.00296113	0.0184332	0.0327857	0.0324279	0.0181015	0	
-0.0211645	-0.110518	-0.180071	-0.231489	-0.272071	-0.293789	-0.284185	-0.25876	-0.217044	-0.15748	-0.109028	-0.0757068	-0.0451599	-0.0256262	-0.0146498	-0.00441131	0.00185064	0.00934445	0.00918102	-0.00155107	0	
-0.0996483	-0.169609	-0.231489	-0.275935	-0.292635	-0.2833	-0.26058	-0.228532	-0.176743	-0.113965	-0.0623353	-0.0287927	-0.0123986	-0.00758494	-0.00438114	-0.00533503	-0.01132	-0.0161314	-0.0206728	-0.0173807	0	
-0.163391	-0.220832	-0.272071	-0.292635	-0.2849	-0.252985	-0.216556	-0.178781	-0.130427	-0.0802145	-0.0339613	-0.00541084	0.00105576	0.00237832	0.00276436	-0.00631414	-0.0213698	-0.0360106	-0.0397656	-0.0230188	0	
-0.219719	-0.263834	-0.293789	-0.2833	-0.252985	-0.209345	-0.162293	-0.125109	-0.0866788	-0.052532	-0.0203769	0.00435325	0.00559077	0.00227005	0.000844667	-0.0158527	-0.0334759	-0.0407191	-0.0361291	-0.0161129	0	
-0.263749	-0.284534	-0.284185	-0.26058	-0.216556	-0.162293	-0.11188	-0.0747649	-0.0468951	-0.0292868	-0.0138736	0.00125458	0.00327029	-0.000616811	-0.00845122	-0.0295749	-0.0413306	-0.0330348	-0.0198877	-0.00659378	0	
-0.279433	-0.278668	-0.25876	-0.228532	-0.178781	-0.125109	-0.0747649	-0.0299176	-0.00878791	-0.00431635	-0.00707598	-0.0134157	-0.0123916	-0.0123736	-0.0236094	-0.0364515	-0.033021	-0.0148109	-0.00277465	-0.000963482	0	
-0.274714	-0.254145	-0.217044	-0.176743	-0.130427	-0.0866788	-0.0468951	-0.00878791	0.0102411	0.00878574	-0.00836424	-0.0257101	-0.0294527	-0.0310512	-0.0333467	-0.0281006	-0.0124135	0.00362513	0.00534823	-0.000507946	0	
-0.264438	-0.217175	-0.15748	-0.113965	-0.0802145	-0.052532	-0.0292868	-0.00431635	0.00878574	0.00968894	-0.00756102	-0.0315759	-0.043948	-0.0501923	-0.0391622	-0.0112651	0.00942198	0.0151165	0.010247	0.00271335	0	
-0.236334	-0.173989	-0.109028	-0.0623353	-0.0339613	-0.0203769	-0.0138736	-0.00707598	-0.00836424	-0.00756102	-0.0120936	-0.0294584	-0.0427777	-0.0476462	-0.0310292	0.00120783	0.0130909	0.00881809	0.00811827	0.00533889	0	
-0.192766	-0.133884	-0.0757068	-0.0287927	-0.00541084	0.00435325	0.00125458	-0.0134157	-0.0257101	-0.0315759	-0.0294584	-0.023621	-0.0219155	-0.0206462	-0.0119174	0.000705068	-0.000479127	-0.00841588	-0.00183463	0.00588123	0	
-0.144861	-0.0928194	-0.0451599	-0.0123986	0.00105576	0.00559077	0.00327029	-0.0123916	-0.0294527	-0.043948	-0.0427777	-0.0219155	-0.00344908	0.00411954	-0.000378032	-0.00576278	-0.00862475	-0.0152514	-0.00828374	0.00549019	0	
-0.0844568	-0.0487459	-0.0256262	-0.00758494	0.00237832	0.00227005	-0.000616811	-0.0123736	-0.0310512	-0.0501923	-0.0476462	-0.0206462	0.00411954	0.0121665	0.00452387	-0.00186857	-0.00652023	-0.012793	-0.00949111	-0.0029293	0	
-0.035304	-0.0209611	-0.0146498	-0.00438114	0.00276436	0.000844667	-0.00845122	-0.0236094	-0.0333467	-0.0391622	-0.0310292	-0.0119174	-0.000378032	0.00452387	0.00267231	0.000756647	-0.00146091	-0.00778859	-0.00987365	-0.00719812	0	
-0.00382731	-0.00296113	-0.00441131	-0.00533503	-0.00631414	-0.0158527	-0.0295749	-0.0364515	-0.0281006	-0.0112651	0.00120783	0.000705068	-0.00576278	-0.00186857	0.000756647	-0.00468388	-0.00600614	-0.00886541	-0.0123337	-0.00701377	0	
0.0260788	0.0184332	0.00185064	-0.01132	-0.0213698	-0.0334759	-0.0413306	-0.033021	-0.0124135	0.00942198	0.0130909	-0.000479127	-0.00862475	-0.00652023	-0.00146091	-0.00600614	-0.0116466	-0.00310926	0.000305968	-0.00513874	0	
0.0435422	0.0327857	0.00934445	-0.0161314	-0.0360106	-0.0407191	-0.0330348	-0.0148109	0.00362513	0.0151165	0.00881809	-0.00841588	-0.0152514	-0.012793	-0.00778859	-0.00886541	-0.00310926	0.014772	0.0153282	0.00282542	0	
0.0426883	0.0324279	0.00918102	-0.0206728	-0.0397656	-0.0361291	-0.0198877	-0.00277465	0.00534823	0.010247	0.00811827	-0.00183463	-0.00828374	-0.00949111	-0.00987365	-0.0123337	0.000305968	0.0153282	0.00800805	-0.000293521	0	
0.0257588	0.0181015	-0.00155107	-0.0173807	-0.0230188	-0.0161129	-0.00659378	-0.000963482	-0.000507946	0.00271335	0.00533889	0.00588123	0.00549019	-0.0029293	-0.00719812	-0.00701377	-0.00513874	0.00282542	-0.000293521	-0.00856461	0	
0	0	0	0	0	0	0	0	0	0	0	0	0	0	0	0	0	0	0	0	0	
