0	-0.0104977	-0.0233563	-0.0341809	-0.0499258	-0.0652884	-0.0834143	-0.105711	-0.127557	-0.154131	-0.181199	-0.208199	-0.236582	-0.262295	-0.286378	-0.307904	-0.325345	-0.340029	-0.349009	-0.35288	
0	-0.000378295	-0.00197233	-0.00375197	-0.00892591	-0.0143916	-0.0239167	-0.0352688	-0.0481429	-0.0660713	-0.0833684	-0.104959	-0.129916	-0.1543	-0.184086	-0.214055	-0.243265	-0.272579	-0.299383	-0.3192	
0	0.0034012	0.004591	0.00892368	0.00983504	0.0114792	0.0129808	0.0101358	0.00823443	0.00102464	-0.00922282	-0.0227748	-0.042623	-0.064156	-0.0925947	-0.121362	-0.153019	-0.187894	-0.218184	-0.250013	
0	0.00744077	0.0159897	0.0221003	0.0283332	0.0336914	0.0357743	0.0370762	0.0361927	0.0305449	0.0246273	0.0144623	-7.05965e-05	-0.0148718	-0.0353769	-0.0583231	-0.083046	-0.112021	-0.142315	-0.176276	
0	0.00749272	0.0139629	0.0204864	0.0259608	0.0292557	0.0328913	0.0332364	0.0332196	0.0307177	0.0272104	0.0212367	0.0131975	0.00576754	-0.00881627	-0.0209169	-0.0391493	-0.0639479	-0.089405	-0.124049	
0	-0.00204874	-0.00205659	-0.00462949	-0.0044352	-0.00499745	-0.00498665	-0.00424794	-0.00292521	-0.00148123	-0.000147991	0.00220823	0.00152989	0.000587904	-0.00408118	-0.0126106	-0.0248598	-0.042725	-0.0602908	-0.0861468	
0	-0.011411	-0.0201679	-0.0311007	-0.0365221	-0.0424097	-0.0451533	-0.0442141	-0.0430314	-0.0395791	-0.033875	-0.0313409	-0.0274851	-0.0243875	-0.026355	-0.0255597	-0.0281952	-0.0331273	-0.0376386	-0.0485698	
0	-0.0114331	-0.0210315	-0.0322154	-0.0390908	-0.0478488	-0.0524132	-0.0570213	-0.0605864	-0.060177	-0.0616889	-0.0581994	-0.0540368	-0.0484685	-0.040953	-0.032223	-0.0258278	-0.0213168	-0.016148	-0.0207831	
0	-0.00484306	-0.00708536	-0.0146459	-0.018805	-0.0256476	-0.0338959	-0.0389923	-0.0464947	-0.0512158	-0.0529789	-0.055073	-0.0521835	-0.0489547	-0.0428555	-0.036063	-0.0281832	-0.0203097	-0.0132775	-0.0112659	
0	2.55299e-05	0.000909959	-0.0010744	-0.000245778	-0.00431831	-0.00612586	-0.00996134	-0.0164613	-0.0199328	-0.0271066	-0.0328921	-0.0359425	-0.0404043	-0.0414158	-0.0392273	-0.0385212	-0.0341231	-0.0300139	-0.0267695	
0	0.00296259	0.00633857	0.00822089	0.00993184	0.0106617	0.00948353	0.00809608	0.00408622	0.000259667	-0.00640073	-0.0130098	-0.0202752	-0.0309615	-0.0374936	-0.0476145	-0.0545939	-0.0576415	-0.0586354	-0.056124	
0	0.00040468	0.00131051	0.00170579	0.00332589	0.00436951	0.00538667	0.00704382	0.00614706	0.00506656	0.00235348	-0.00486194	-0.0106172	-0.0218503	-0.0313603	-0.0419224	-0.0525668	-0.0583992	-0.0669643	-0.0687874	
0	-0.000804692	-0.00325804	-0.00286265	-0.00458935	-0.0052684	-0.00518685	-0.00669229	-0.00753655	-0.00767864	-0.0108167	-0.0114101	-0.0138023	-0.0183315	-0.0209636	-0.027469	-0.0352662	-0.0414818	-0.0525375	-0.0581985	
0	-0.00233105	-0.00705785	-0.00766485	-0.0132069	-0.0140967	-0.0175934	-0.019871	-0.0200182	-0.0220052	-0.020703	-0.0203102	-0.0190103	-0.0184046	-0.0163169	-0.0176626	-0.0182704	-0.0200213	-0.0274651	-0.033677	
0	-0.00456858	-0.0103367	-0.0136731	-0.0186676	-0.0218091	-0.0244142	-0.0269997	-0.0274436	-0.0278568	-0.0266783	-0.0240772	-0.0211821	-0.0166749	-0.0126342	-0.00939876	-0.00803317	-0.00762902	-0.0148488	-0.0178687	
0	-0.00317191	-0.00947069	-0.010077	-0.0161973	-0.0172723	-0.0194892	-0.021877	-0.0205308	-0.0212089	-0.0198896	-0.0171135	-0.0173557	-0.0145857	-0.0151286	-0.0158717	-0.0160669	-0.0184555	-0.0194385	-0.018702	
0	0.00101004	0.00138347	0.002798	0.00213966	0.00312364	0.00205539	0.000452187	-0.000574085	-0.00521909	-0.00844677	-0.0134951	-0.0201946	-0.0243472	-0.0299872	-0.0336148	-0.033991	-0.0346749	-0.0313478	-0.0282474	
0	0.00455403	0.0102763	0.0126418	0.0163405	0.0168054	0.0157429	0.0133295	0.00794207	0.00128276	-0.00661769	-0.014942	-0.0245036	-0.0298915	-0.0374023	-0.0403052	-0.0404418	-0.0416189	-0.0381672	-0.0349822	
0	-0.000222464	-0.000646923	-0.00122736	-0.00196723	-0.00344411	-0.00466333	-0.00675591	-0.00871699	-0.0109158	-0.0131723	-0.0153278	-0.0177819	-0.0188909	-0.0222799	-0.0230484	-0.024509	-0.0296041	-0.0272775	-0.0342236	
0	-0.00910693	-0.0135745	-0.02388	-0.025958	-0.0311334	-0.0326203	-0.0309861	-0.0297391	-0.0244416	-0.0194077	-0.0136681	-0.0078129	-0.00454931	-0.00178598	-0.00333702	-0.00619291	-0.0131616	-0.0190508	-0.0303927	
0	-0.00651098	-0.00997247	-0.0174898	-0.0187826	-0.0231572	-0.0245265	-0.0233895	-0.0240407	-0.0205898	-0.0173066	-0.0152016	-0.0103041	-0.00845349	-0.00779532	-0.00766469	-0.0111065	-0.0166533	-0.022375	-0.0301458	
0	0.00352464	0.00565666	0.00825691	0.00950344	0.00820616	0.00815753	0.00410115	0.000121648	-0.00395715	-0.0106049	-0.0161916	-0.0203391	-0.0271919	-0.0299903	-0.0319713	-0.0357624	-0.0347784	-0.0340627	-0.03654	
0	0.00352224	0.00783251	0.0101056	0.0128038	0.0139252	0.0134173	0.0116724	0.00780711	0.00227572	-0.00531729	-0.0132618	-0.0217779	-0.0311281	-0.0351973	-0.0409475	-0.0423878	-0.0378849	-0.0385714	-0.0322578	
0	-0.00047229	-0.00371231	-0.00237705	-0.00571766	-0.00547428	-0.00725468	-0.00876999	-0.00967648	-0.0125799	-0.0131051	-0.0165604	-0.018145	-0.0199836	-0.0234633	-0.0240064	-0.0271212	-0.025789	-0.028416	-0.0225777	
0	-0.00345999	-0.0114978	-0.0117694	-0.0192365	-0.0212205	-0.0230091	-0.0265322	-0.0246802	-0.0242179	-0.023056	-0.0185043	-0.0170811	-0.0140292	-0.0125059	-0.0111696	-0.0128731	-0.012134	-0.0154178	-0.0173128	
0	-0.00469935	-0.00927019	-0.0127501	-0.0180597	-0.0190552	-0.0236144	-0.024619	-0.025356	-0.0267396	-0.0257112	-0.0230101	-0.0223661	-0.0172568	-0.0128543	-0.0118635	-0.00725709	-0.00940261	-0.0149728	-0.0212602	
0	-0.00200923	-0.0031901	-0.00583248	-0.00780126	-0.00939802	-0.0132265	-0.013627	-0.0164387	-0.0181603	-0.01683	-0.0189344	-0.0176364	-0.0164743	-0.018871	-0.0201196	-0.0221024	-0.030941	-0.0353991	-0.043749	
0	-0.001465	-0.00117026	-0.00352856	-0.00133949	-0.00313464	-0.000732598	-0.000197258	-0.000419992	0.00137793	-0.0017197	-0.00392452	-0.00853954	-0.0162011	-0.0240237	-0.0327569	-0.041262	-0.0514413	-0.0546748	-0.0638234	
0	0.00110948	0.0057993	0.00473122	0.00950124	0.00954631	0.0108648	0.0112562	0.00878953	0.00642372	0.000497994	-0.00570997	-0.0137719	-0.0238463	-0.0313062	-0.0427372	-0.0493972	-0.0578081	-0.0607307	-0.0642746	
0	0.00279481	0.00721095	0.00725497	0.0104044	0.00872797	0.00775453	0.00531103	0.00107398	-0.00404266	-0.0081344	-0.0165271	-0.0212176	-0.0289307	-0.035906	-0.0405233	-0.0453894	-0.0454884	-0.0437873	-0.0377552	
0	-0.000524584	-0.00368075	-0.00401559	-0.00695985	-0.0113297	-0.012729	-0.0193358	-0.0224913	-0.0267025	-0.0316454	-0.0336504	-0.0356579	-0.0349565	-0.0340588	-0.0263626	-0.0243195	-0.0133168	-0.00905668	-0.00227245	
0	-0.00430928	-0.013687	-0.0147732	-0.0253609	-0.0287304	-0.035251	-0.0425089	-0.0450259	-0.0494468	-0.0513231	-0.0470928	-0.0453513	-0.0360424	-0.0270855	-0.0160402	-0.00739453	0.00363852	0.0072875	0.00990668	
0	-0.00959546	-0.0194109	-0.0261079	-0.035401	-0.0369084	-0.0429608	-0.0415322	-0.0402737	-0.0381896	-0.0317107	-0.026642	-0.0205827	-0.0136561	-0.00664342	-0.00329625	0.00480518	0.00758027	0.00941841	0.00978302	
0	-0.00614662	-0.00754595	-0.0142081	-0.0128024	-0.012854	-0.0115094	-0.00375813	-0.000357424	0.00827225	0.0163808	0.0210052	0.0288615	0.0311882	0.0338683	0.0316933	0.0318567	0.0228967	0.0155779	0.00592459	
0	0.00908979	0.0190281	0.0263234	0.0363079	0.0419892	0.0500195	0.0563088	0.0611571	0.0679283	0.072437	0.0759787	0.0808811	0.0805522	0.0786631	0.0739418	0.0623712	0.0455808	0.0279636	0.00252486	
0	0.0192551	0.0360073	0.054835	0.0703613	0.0838443	0.0986625	0.106185	0.11638	0.121247	0.1238	0.125629	0.123136	0.118445	0.111149	0.101278	0.0846395	0.0680031	0.0454492	0.0144736	
0	0.0206865	0.0418617	0.0615929	0.0822859	0.0999551	0.118867	0.132284	0.146243	0.154506	0.158333	0.160835	0.153801	0.146803	0.13406	0.117057	0.0988726	0.0787008	0.0532863	0.0290294	
0	0.023594	0.0480369	0.0698292	0.0914645	0.111762	0.127971	0.144294	0.155368	0.163827	0.168496	0.168655	0.162761	0.155087	0.139286	0.121565	0.10157	0.0786392	0.0568774	0.0410219	
0	0.0269238	0.0513462	0.0769118	0.095837	0.116444	0.128185	0.141152	0.146553	0.149745	0.151198	0.145469	0.142054	0.132809	0.122085	0.112436	0.0993504	0.0887221	0.0814415	0.0769342	
0	0.0206172	0.0393027	0.0588155	0.0745604	0.0892953	0.100822	0.109518	0.114777	0.117695	0.117719	0.114707	0.113938	0.108478	0.109266	0.109704	0.113665	0.12315	0.135522	0.151409	
0	0.00948295	0.019981	0.0280658	0.038967	0.0454438	0.0556641	0.0611418	0.0687462	0.075133	0.0795155	0.0876864	0.0934432	0.102654	0.116107	0.129622	0.151375	0.175567	0.20463	0.239864	
0	0.00201835	0.00515245	0.00648748	0.0100846	0.0122558	0.0169024	0.0213439	0.0292939	0.0383418	0.0507014	0.0676903	0.0845403	0.109283	0.133079	0.161968	0.194969	0.229684	0.27108	0.317306	
0	-0.00499842	-0.0097452	-0.0126778	-0.0152097	-0.0136091	-0.0116134	-0.00405879	0.00557072	0.0191734	0.0382695	0.0591475	0.085874	0.116795	0.149522	0.190136	0.23185	0.279407	0.331814	0.386805	
0	-0.00993893	-0.0195245	-0.0262443	-0.031587	-0.0324104	-0.0309528	-0.0239055	-0.0142876	0.00123679	0.0211418	0.0450566	0.077169	0.111807	0.1549	0.203176	0.255245	0.314088	0.374829	0.438942	
0	-0.0146982	-0.0286664	-0.0407952	-0.0502069	-0.0568181	-0.0582941	-0.0558732	-0.0472899	-0.0322419	-0.0116969	0.0170428	0.0520459	0.0928695	0.142282	0.194854	0.254714	0.31938	0.387556	0.461168	
0	-0.0244672	-0.0475556	-0.0684897	-0.0854016	-0.0980602	-0.104132	-0.104561	-0.0964552	-0.0816901	-0.0588636	-0.0277201	0.00908116	0.0547812	0.10613	0.16391	0.229548	0.299428	0.375161	0.454136	
0	-0.0302684	-0.0590624	-0.0855483	-0.108201	-0.125917	-0.138206	-0.143518	-0.141433	-0.131714	-0.112459	-0.0848138	-0.0478233	-0.000680749	0.0532425	0.116139	0.184041	0.254987	0.328608	0.400782	
0	-0.0287911	-0.056554	-0.0823196	-0.105113	-0.123844	-0.137983	-0.145838	-0.147592	-0.141323	-0.127005	-0.104411	-0.0724034	-0.032994	0.0139845	0.0669705	0.123002	0.18181	0.240428	0.297434	
0	-0.0205354	-0.0403029	-0.0581725	-0.0734965	-0.0854971	-0.0932622	-0.0965335	-0.0951859	-0.0885194	-0.0780293	-0.0630396	-0.0443005	-0.0233537	0.00183413	0.028931	0.0589092	0.0923225	0.126368	0.161115	
0	0	0	0	0	0	0	0	0	0	0	0	0	0	0	0	0	0	0	0	
