0	0	0	0	0	0	0	0	0	0	0	0	0	0	0	0	0	0	0	0	
0	0.0231339	0.00582446	-0.014232	-0.00567151	0.00515377	-0.00530838	-0.0116476	0.00210395	0.00680872	0.00323275	-0.0067995	-0.0132561	1.71859e-05	0.00763037	-0.00907937	-0.0238253	-0.0255117	-0.0154208	0.00289941	
0	0.00582446	-0.0131855	-0.00782649	0.00764503	0.00857686	-0.00862783	-0.0164551	0.00399656	0.000145489	-0.00810601	-0.0199821	-0.020475	0.00358696	0.0112139	-0.00983071	-0.0382383	-0.0358424	-0.023029	0.00865184	
0	-0.014232	-0.00782649	0.00788033	0.00167958	-0.00514739	-0.00355749	-0.00998422	-0.00816352	-0.00369605	-0.0123521	-0.0250766	-0.0174739	-0.000506324	0.00230382	-0.0199573	-0.0479956	-0.0470964	-0.0256319	0.00494632	
0	-0.00567151	0.00764503	0.00167958	-0.0164706	-0.0158318	-0.00379215	-0.00053509	-0.00744304	-0.00359898	-0.0141178	-0.018746	-0.0136112	-0.0168459	-0.0190458	-0.0400311	-0.0555615	-0.0556703	-0.030676	-0.00784289	
0	0.00515377	0.00857686	-0.00514739	-0.0158318	-0.00981843	-0.00495852	-0.00375898	-0.01739	-0.0251971	-0.0196217	-0.00812864	-0.0106493	-0.0266712	-0.0332277	-0.0435969	-0.045104	-0.044959	-0.0335246	-0.0247355	
0	-0.00530838	-0.00862783	-0.00355749	-0.00379215	-0.00495852	0.000533667	-0.0108974	-0.0322533	-0.0331802	-0.017166	-0.0071744	-0.0213401	-0.0426253	-0.0537579	-0.0436625	-0.0339846	-0.0363906	-0.0387579	-0.0579352	
0	-0.0116476	-0.0164551	-0.00998422	-0.00053509	-0.00375898	-0.0108974	-0.0189358	-0.0201941	-0.0173954	-0.0142257	-0.0175602	-0.0394578	-0.0636663	-0.072716	-0.0467884	-0.0339591	-0.0392883	-0.0609693	-0.111012	
0	0.00210395	0.00399656	-0.00816352	-0.00744304	-0.01739	-0.0322533	-0.0201941	-0.0117625	-0.0168952	-0.0205687	-0.0289102	-0.0481803	-0.0661913	-0.0642193	-0.0420585	-0.0320175	-0.0506679	-0.101729	-0.17754	
0	0.00680872	0.000145489	-0.00369605	-0.00359898	-0.0251971	-0.0331802	-0.0173954	-0.0168952	-0.0280847	-0.0359656	-0.048915	-0.0591629	-0.0559725	-0.0515768	-0.041118	-0.0415336	-0.0791485	-0.155331	-0.245563	
0	0.00323275	-0.00810601	-0.0123521	-0.0141178	-0.0196217	-0.017166	-0.0142257	-0.0205687	-0.0359656	-0.0550163	-0.0733733	-0.0618639	-0.0470962	-0.0524386	-0.0559132	-0.0750135	-0.129009	-0.218887	-0.308799	
0	-0.0067995	-0.0199821	-0.0250766	-0.018746	-0.00812864	-0.0071744	-0.0175602	-0.0289102	-0.048915	-0.0733733	-0.0736986	-0.0493212	-0.0447033	-0.0609193	-0.0877064	-0.130384	-0.200289	-0.290024	-0.371133	
0	-0.0132561	-0.020475	-0.0174739	-0.0136112	-0.0106493	-0.0213401	-0.0394578	-0.0481803	-0.0591629	-0.0618639	-0.0493212	-0.0401206	-0.0496545	-0.0814915	-0.138147	-0.207139	-0.282094	-0.36057	-0.423052	
0	1.71859e-05	0.00358696	-0.000506324	-0.0168459	-0.0266712	-0.0426253	-0.0636663	-0.0661913	-0.0559725	-0.0470962	-0.0447033	-0.0496545	-0.0706425	-0.118469	-0.201468	-0.282204	-0.347487	-0.405157	-0.447696	
0	0.00763037	0.0112139	0.00230382	-0.0190458	-0.0332277	-0.0537579	-0.072716	-0.0642193	-0.0515768	-0.0524386	-0.0609193	-0.0814915	-0.118469	-0.184793	-0.278789	-0.351652	-0.396746	-0.431456	-0.441603	
0	-0.00907937	-0.00983071	-0.0199573	-0.0400311	-0.0435969	-0.0436625	-0.0467884	-0.0420585	-0.041118	-0.0559132	-0.0877064	-0.138147	-0.201468	-0.278789	-0.36376	-0.417392	-0.442705	-0.443638	-0.406867	
0	-0.0238253	-0.0382383	-0.0479956	-0.0555615	-0.045104	-0.0339846	-0.0339591	-0.0320175	-0.0415336	-0.0750135	-0.130384	-0.207139	-0.282204	-0.351652	-0.417392	-0.457023	-0.459886	-0.418523	-0.340328	
0	-0.0255117	-0.0358424	-0.0470964	-0.0556703	-0.044959	-0.0363906	-0.0392883	-0.0506679	-0.0791485	-0.129009	-0.200289	-0.282094	-0.347487	-0.396746	-0.442705	-0.459886	-0.426077	-0.343559	-0.231995	
0	-0.0154208	-0.023029	-0.0256319	-0.030676	-0.0335246	-0.0387579	-0.0609693	-0.101729	-0.155331	-0.218887	-0.290024	-0.36057	-0.405157	-0.431456	-0.443638	-0.418523	-0.343559	-0.224911	-0.0898458	
0	0.00289941	0.00865184	0.00494632	-0.00784289	-0.0247355	-0.0579352	-0.111012	-0.17754	-0.245563	-0.308799	-0.371133	-0.423052	-0.447696	-0.441603	-0.406867	-0.340328	-0.231995	-0.0898458	0.0655305	
0	0.0128408	0.0213731	0.0185161	-0.00409888	-0.0501025	-0.107615	-0.173246	-0.249458	-0.320207	-0.377976	-0.426536	-0.460863	-0.455647	-0.408536	-0.332657	-0.233536	-0.104391	0.0575483	0.233819	
0	0.000832301	-0.00529132	-0.026336	-0.0630924	-0.113676	-0.170505	-0.234175	-0.308759	-0.372506	-0.414946	-0.443241	-0.442768	-0.400946	-0.320981	-0.214541	-0.097296	0.0476248	0.225633	0.40954	
0	-0.0345275	-0.0728717	-0.112363	-0.153807	-0.20865	-0.264213	-0.314896	-0.367452	-0.402355	-0.410676	-0.394937	-0.355188	-0.283386	-0.178702	-0.0551315	0.077534	0.234098	0.413764	0.583881	
0	-0.066577	-0.133112	-0.197603	-0.258497	-0.319537	-0.3641	-0.391232	-0.414641	-0.410602	-0.370899	-0.313797	-0.235972	-0.133793	-0.00623206	0.142261	0.291725	0.450931	0.615636	0.759652	
0	-0.0901493	-0.182792	-0.264459	-0.329255	-0.389786	-0.426988	-0.433941	-0.422574	-0.378561	-0.305051	-0.211837	-0.102299	0.0259135	0.180395	0.347863	0.502572	0.64915	0.789593	0.902944	
0	-0.103754	-0.202604	-0.288004	-0.352629	-0.401258	-0.414552	-0.392116	-0.356995	-0.293317	-0.196297	-0.0829767	0.0482299	0.197167	0.363193	0.532556	0.674293	0.798527	0.911412	1.00238	
0	-0.0906874	-0.180726	-0.249233	-0.289559	-0.318197	-0.315433	-0.279795	-0.229014	-0.14719	-0.0362805	0.0943733	0.238768	0.388975	0.545298	0.69335	0.808262	0.902419	0.988747	1.04982	
0	-0.0517628	-0.100363	-0.136912	-0.153826	-0.160197	-0.13849	-0.0855156	-0.0208338	0.0706952	0.191093	0.322385	0.457103	0.586296	0.712941	0.829692	0.912506	0.977694	1.03041	1.0554	
0	0.00149	-0.00162954	0.00833657	0.0341064	0.0589034	0.107242	0.181151	0.260294	0.35891	0.472671	0.586658	0.693317	0.788361	0.878639	0.959585	1.00881	1.03448	1.04408	1.02047	
0	0.052817	0.103871	0.161574	0.232517	0.303382	0.388282	0.487898	0.581212	0.678586	0.777618	0.866095	0.941592	1.00027	1.05407	1.09704	1.10124	1.07876	1.03515	0.961249	
0	0.106461	0.207954	0.31887	0.437481	0.544436	0.660091	0.780158	0.87894	0.970046	1.05531	1.12365	1.17359	1.20618	1.22619	1.22778	1.18613	1.11194	1.02046	0.909673	
0	0.159765	0.312356	0.465158	0.62015	0.757214	0.887597	1.01088	1.10926	1.19656	1.27164	1.32759	1.36135	1.36609	1.35264	1.31384	1.22732	1.1148	0.995159	0.868134	
0	0.198261	0.386793	0.571492	0.746646	0.894865	1.03614	1.16729	1.26511	1.34556	1.41317	1.45241	1.46036	1.43817	1.39026	1.31794	1.20571	1.07673	0.953464	0.837768	
0	0.210131	0.408216	0.601724	0.789395	0.948828	1.09351	1.2232	1.32081	1.39884	1.45216	1.47333	1.45822	1.4061	1.33446	1.24358	1.12271	0.99926	0.894008	0.800366	
0	0.197804	0.388623	0.574661	0.751281	0.904519	1.0494	1.17867	1.26654	1.3271	1.36422	1.36149	1.32348	1.25942	1.18072	1.09519	0.991176	0.893626	0.818882	0.760065	
0	0.175296	0.340546	0.505328	0.665858	0.79925	0.918004	1.01803	1.08166	1.12122	1.13446	1.11826	1.07338	1.01097	0.948365	0.88506	0.811594	0.749445	0.712528	0.684799	
0	0.143467	0.281649	0.411842	0.530351	0.626076	0.709514	0.774628	0.801153	0.808274	0.803395	0.774734	0.732859	0.688546	0.651451	0.621704	0.584746	0.560843	0.558266	0.56236	
0	0.10029	0.191064	0.276734	0.351489	0.400245	0.436368	0.457249	0.453072	0.440754	0.424045	0.399258	0.367806	0.345187	0.335944	0.333414	0.326465	0.330736	0.355131	0.378945	
0	0.0379624	0.0734551	0.101097	0.119634	0.123449	0.121513	0.113524	0.0883006	0.0653695	0.0501717	0.0323945	0.0182331	0.0164926	0.0303983	0.0486831	0.0614633	0.0855286	0.124839	0.161473	
0	-0.0288708	-0.0588047	-0.0904056	-0.124896	-0.161963	-0.193654	-0.224295	-0.257237	-0.278223	-0.285914	-0.290658	-0.291566	-0.274288	-0.246103	-0.216118	-0.191743	-0.158519	-0.110783	-0.0704386	
0	-0.0903987	-0.173566	-0.253763	-0.329698	-0.398326	-0.455155	-0.49952	-0.536588	-0.556866	-0.560147	-0.557161	-0.549575	-0.524668	-0.487724	-0.456595	-0.427852	-0.389705	-0.3414	-0.300131	
0	-0.123342	-0.238914	-0.351766	-0.457219	-0.541845	-0.610787	-0.670492	-0.715252	-0.738947	-0.746895	-0.748268	-0.74181	-0.717078	-0.684922	-0.657456	-0.632352	-0.596692	-0.550993	-0.515785	
0	-0.133784	-0.253725	-0.369741	-0.482739	-0.576881	-0.65582	-0.722226	-0.772606	-0.806693	-0.825461	-0.838008	-0.846496	-0.833207	-0.813364	-0.803197	-0.786067	-0.758187	-0.723331	-0.694852	
0	-0.116336	-0.224552	-0.332217	-0.435628	-0.517322	-0.594408	-0.67048	-0.726056	-0.76732	-0.803171	-0.829622	-0.849346	-0.853309	-0.850578	-0.857803	-0.856951	-0.841563	-0.821518	-0.80974	
0	-0.0921115	-0.171792	-0.25501	-0.344982	-0.415731	-0.4807	-0.547648	-0.602406	-0.649023	-0.692179	-0.733316	-0.767306	-0.784584	-0.800887	-0.826101	-0.836342	-0.834628	-0.830605	-0.831472	
0	-0.0629012	-0.120578	-0.178762	-0.241067	-0.290648	-0.34663	-0.409733	-0.453596	-0.49622	-0.543858	-0.583426	-0.621012	-0.647853	-0.674384	-0.71263	-0.733753	-0.741506	-0.753659	-0.768905	
0	-0.038266	-0.0736588	-0.112278	-0.156449	-0.188799	-0.225083	-0.270946	-0.306687	-0.341341	-0.386282	-0.427072	-0.458029	-0.487685	-0.518922	-0.558121	-0.57982	-0.592635	-0.6119	-0.63612	
0	-0.0206796	-0.0407667	-0.0614965	-0.0889053	-0.109789	-0.135429	-0.167445	-0.188807	-0.21473	-0.247382	-0.278321	-0.303426	-0.328544	-0.361221	-0.396379	-0.415551	-0.427647	-0.452367	-0.47748	
0	-0.00899675	-0.0245874	-0.0340611	-0.0412232	-0.0536379	-0.0719236	-0.0910156	-0.103133	-0.120368	-0.147395	-0.167174	-0.180063	-0.200581	-0.226609	-0.252403	-0.263288	-0.273715	-0.296728	-0.322247	
0	0.000778473	-0.00692723	-0.0153321	-0.0193784	-0.0252266	-0.033862	-0.0398453	-0.0466737	-0.0588071	-0.0733965	-0.0872428	-0.090659	-0.107225	-0.129463	-0.141411	-0.146294	-0.152591	-0.172832	-0.192753	
