0	0	0	0	0	0	0	0	0	0	0	0	0	0	0	0	0	0	0	
0.168297	0.159574	0.135968	0.100867	0.0621023	0.0278628	-0.00354239	-0.0338284	-0.0629083	-0.0907373	-0.113521	-0.126739	-0.134599	-0.140653	-0.149853	-0.161006	-0.176427	-0.196535	-0.220811	
0.309165	0.2949	0.254491	0.192532	0.12373	0.0587804	-0.00292222	-0.0647038	-0.12413	-0.177203	-0.218246	-0.24017	-0.251358	-0.264533	-0.284098	-0.308333	-0.337652	-0.372302	-0.411466	
0.401869	0.386033	0.340037	0.267542	0.182142	0.100105	0.0155351	-0.0723114	-0.155612	-0.22881	-0.281601	-0.307046	-0.323749	-0.345678	-0.383101	-0.424211	-0.466681	-0.508587	-0.55307	
0.42865	0.419672	0.381673	0.315047	0.235021	0.153492	0.0650438	-0.0327446	-0.129764	-0.214395	-0.277186	-0.310593	-0.335163	-0.374306	-0.430493	-0.489302	-0.542328	-0.587501	-0.629595	
0.40008	0.402804	0.380589	0.332005	0.268872	0.207245	0.133975	0.0444007	-0.0499571	-0.140564	-0.212732	-0.256646	-0.296346	-0.34937	-0.422655	-0.492387	-0.55061	-0.595697	-0.636387	
0.322794	0.342886	0.340325	0.313319	0.277495	0.246213	0.202834	0.136186	0.0511649	-0.0397517	-0.121778	-0.178223	-0.22655	-0.28856	-0.364682	-0.434676	-0.490345	-0.532348	-0.570514	
0.212792	0.249491	0.266386	0.263429	0.256961	0.262072	0.254926	0.21543	0.147605	0.0603017	-0.023247	-0.0823176	-0.132256	-0.191328	-0.265336	-0.330708	-0.38072	-0.417576	-0.451372	
0.0735074	0.12766	0.166265	0.1906	0.217211	0.25902	0.285342	0.273507	0.222413	0.148546	0.0748856	0.0261468	-0.0130186	-0.0655474	-0.1351	-0.198705	-0.246453	-0.277937	-0.30612	
-0.0835117	-0.0122377	0.0511984	0.105179	0.164009	0.235289	0.288278	0.296563	0.265344	0.210752	0.160651	0.13306	0.111589	0.0692322	0.00212802	-0.063205	-0.111418	-0.142284	-0.16452	
-0.249457	-0.160798	-0.0729986	0.00884944	0.0918841	0.183715	0.251938	0.276712	0.26312	0.233624	0.210481	0.210219	0.209906	0.181757	0.121043	0.0555798	0.00341788	-0.0286984	-0.051887	
-0.415817	-0.31556	-0.210201	-0.111175	-0.0115704	0.0916283	0.173179	0.212979	0.219155	0.211987	0.215515	0.237919	0.260363	0.249291	0.200853	0.13917	0.0867222	0.0499662	0.0276931	
-0.560858	-0.460283	-0.353132	-0.249405	-0.144216	-0.0321133	0.0625978	0.120177	0.145352	0.159428	0.183425	0.228174	0.270621	0.279534	0.246006	0.19193	0.140474	0.105132	0.0823617	
-0.667468	-0.582067	-0.488135	-0.392588	-0.285155	-0.164439	-0.0541238	0.0228103	0.0662274	0.0971877	0.139266	0.198763	0.25783	0.281545	0.263087	0.220597	0.180207	0.153055	0.137808	
-0.720363	-0.66251	-0.594811	-0.515123	-0.411183	-0.287088	-0.165385	-0.0745806	-0.0149982	0.0325125	0.090247	0.164154	0.233787	0.269764	0.265878	0.238655	0.213263	0.198839	0.188506	
-0.723032	-0.699378	-0.661874	-0.602144	-0.507765	-0.387095	-0.264509	-0.164647	-0.0932267	-0.0314474	0.0393803	0.121793	0.198641	0.244505	0.256363	0.246563	0.235699	0.230745	0.223295	
-0.682982	-0.686819	-0.675729	-0.637522	-0.558833	-0.455448	-0.342619	-0.246648	-0.170814	-0.103025	-0.0253598	0.0637887	0.148381	0.207723	0.236569	0.239633	0.2362	0.232188	0.225114	
-0.622186	-0.641712	-0.648334	-0.628069	-0.569612	-0.487248	-0.394479	-0.310418	-0.24289	-0.179551	-0.103487	-0.0110216	0.081348	0.152227	0.192546	0.202593	0.199406	0.197761	0.196508	
-0.570457	-0.592445	-0.608222	-0.602353	-0.561127	-0.502601	-0.433301	-0.371343	-0.320328	-0.269302	-0.19754	-0.101818	-0.0044414	0.0730027	0.117835	0.129233	0.128876	0.131403	0.138202	
-0.539113	-0.557138	-0.575999	-0.57819	-0.551101	-0.513298	-0.470519	-0.432975	-0.400708	-0.360518	-0.291985	-0.196124	-0.0987691	-0.0227856	0.0231533	0.0400954	0.0453716	0.0544335	0.0651412	
-0.529852	-0.538499	-0.553691	-0.556519	-0.537258	-0.516525	-0.496736	-0.480038	-0.461014	-0.42924	-0.368813	-0.281355	-0.196087	-0.126308	-0.0782218	-0.0522413	-0.0369101	-0.0237958	-0.0170633	
-0.538499	-0.535231	-0.539997	-0.537311	-0.520977	-0.510517	-0.50542	-0.499621	-0.488215	-0.468087	-0.425065	-0.360848	-0.295248	-0.23707	-0.18997	-0.157785	-0.138799	-0.126964	-0.122588	
-0.553691	-0.539997	-0.535363	-0.527516	-0.512094	-0.50445	-0.501507	-0.497333	-0.491498	-0.487643	-0.472144	-0.437135	-0.397376	-0.358449	-0.323497	-0.299564	-0.286296	-0.276858	-0.271269	
-0.556519	-0.537311	-0.527516	-0.517873	-0.503225	-0.491724	-0.48724	-0.484846	-0.490972	-0.509951	-0.522387	-0.51538	-0.501437	-0.486731	-0.475657	-0.469213	-0.46706	-0.462503	-0.454715	
-0.537258	-0.520977	-0.512094	-0.503225	-0.484967	-0.467609	-0.458875	-0.462028	-0.481081	-0.518545	-0.551616	-0.569672	-0.582807	-0.602974	-0.623656	-0.642007	-0.654629	-0.657318	-0.648084	
-0.516525	-0.510517	-0.50445	-0.491724	-0.467609	-0.440647	-0.429689	-0.434581	-0.459722	-0.503661	-0.550011	-0.589035	-0.634096	-0.690323	-0.74703	-0.794102	-0.827518	-0.843878	-0.842876	
-0.496736	-0.50542	-0.501507	-0.48724	-0.458875	-0.429689	-0.413542	-0.412828	-0.429262	-0.468397	-0.518112	-0.576054	-0.646699	-0.73747	-0.830055	-0.910993	-0.972396	-1.01197	-1.02497	
-0.480038	-0.499621	-0.497333	-0.484846	-0.462028	-0.434581	-0.412828	-0.398869	-0.404025	-0.436352	-0.491344	-0.562691	-0.653507	-0.770903	-0.893124	-1.00369	-1.089	-1.14776	-1.17967	
-0.461014	-0.488215	-0.491498	-0.490972	-0.481081	-0.459722	-0.429262	-0.404025	-0.40149	-0.433678	-0.493829	-0.574746	-0.680306	-0.816178	-0.960096	-1.08862	-1.1863	-1.25637	-1.29965	
-0.42924	-0.468087	-0.487643	-0.509951	-0.518545	-0.503661	-0.468397	-0.436352	-0.433678	-0.467692	-0.529803	-0.616498	-0.729614	-0.876495	-1.02928	-1.1635	-1.26239	-1.33078	-1.36902	
-0.368813	-0.425065	-0.472144	-0.522387	-0.551616	-0.550011	-0.518112	-0.491344	-0.493829	-0.529803	-0.593031	-0.677183	-0.789856	-0.931959	-1.07794	-1.20408	-1.28944	-1.33769	-1.35416	
-0.281355	-0.360848	-0.437135	-0.51538	-0.569672	-0.589035	-0.576054	-0.562691	-0.574746	-0.616498	-0.677183	-0.754507	-0.854987	-0.978422	-1.10627	-1.20766	-1.25994	-1.26743	-1.24519	
-0.196087	-0.295248	-0.397376	-0.501437	-0.582807	-0.634096	-0.646699	-0.653507	-0.680306	-0.729614	-0.789856	-0.854987	-0.935398	-1.03513	-1.12969	-1.18898	-1.18765	-1.13904	-1.07175	
-0.126308	-0.23707	-0.358449	-0.486731	-0.602974	-0.690323	-0.73747	-0.770903	-0.816178	-0.876495	-0.931959	-0.978422	-1.03513	-1.0976	-1.14635	-1.14677	-1.08456	-0.982503	-0.873247	
-0.0782218	-0.18997	-0.323497	-0.475657	-0.623656	-0.74703	-0.830055	-0.893124	-0.960096	-1.02928	-1.07794	-1.10627	-1.12969	-1.14635	-1.13368	-1.06973	-0.952416	-0.803248	-0.653062	
-0.0522413	-0.157785	-0.299564	-0.469213	-0.642007	-0.794102	-0.910993	-1.00369	-1.08862	-1.1635	-1.20408	-1.20766	-1.18898	-1.14677	-1.06973	-0.950799	-0.788202	-0.602073	-0.421544	
-0.0369101	-0.138799	-0.286296	-0.46706	-0.654629	-0.827518	-0.972396	-1.089	-1.1863	-1.26239	-1.28944	-1.25994	-1.18765	-1.08456	-0.952416	-0.788202	-0.592324	-0.381168	-0.189956	
-0.0237958	-0.126964	-0.276858	-0.462503	-0.657318	-0.843878	-1.01197	-1.14776	-1.25637	-1.33078	-1.33769	-1.26743	-1.13904	-0.982503	-0.803248	-0.602073	-0.381168	-0.164421	0.015474	
-0.0170633	-0.122588	-0.271269	-0.454715	-0.648084	-0.842876	-1.02497	-1.17967	-1.29965	-1.36902	-1.35416	-1.24519	-1.07175	-0.873247	-0.653062	-0.421544	-0.189956	0.015474	0.175984	
-0.0206558	-0.130041	-0.270964	-0.444749	-0.63025	-0.821118	-1.01109	-1.17947	-1.3059	-1.36723	-1.33143	-1.1959	-0.994148	-0.761517	-0.512429	-0.26533	-0.0413727	0.144749	0.287673	
-0.0522871	-0.160052	-0.2875	-0.443448	-0.606628	-0.78264	-0.966275	-1.13556	-1.26028	-1.30813	-1.26052	-1.11378	-0.893315	-0.640274	-0.376139	-0.133849	0.0718745	0.238507	0.36911	
-0.113666	-0.215685	-0.325747	-0.453649	-0.586521	-0.73607	-0.897751	-1.05429	-1.16288	-1.19853	-1.14465	-0.990138	-0.760806	-0.496757	-0.238919	-0.0160525	0.167544	0.313553	0.426357	
-0.201368	-0.293552	-0.379957	-0.473392	-0.568648	-0.680304	-0.807471	-0.933551	-1.02262	-1.04843	-0.990519	-0.833967	-0.602739	-0.346464	-0.108832	0.0922798	0.252708	0.376678	0.469103	
-0.303632	-0.375941	-0.434168	-0.487935	-0.541991	-0.610528	-0.693416	-0.785004	-0.855634	-0.875413	-0.816	-0.661019	-0.444039	-0.210402	0.00117717	0.176928	0.313643	0.412019	0.483542	
-0.387588	-0.434505	-0.461641	-0.476387	-0.489448	-0.512829	-0.549682	-0.607598	-0.660223	-0.67493	-0.613887	-0.473822	-0.285393	-0.0879643	0.0901369	0.234814	0.340509	0.412793	0.4691	
-0.425863	-0.443655	-0.439921	-0.419665	-0.397061	-0.377971	-0.377566	-0.404469	-0.439208	-0.445316	-0.389286	-0.27245	-0.124211	0.0313214	0.167156	0.270029	0.339111	0.387917	0.426569	
-0.405796	-0.39386	-0.363227	-0.316546	-0.262666	-0.211363	-0.180974	-0.178245	-0.190842	-0.188131	-0.142803	-0.05953	0.0468615	0.151178	0.23479	0.288746	0.322859	0.349195	0.378196	
-0.326289	-0.291343	-0.242618	-0.17842	-0.103541	-0.0301031	0.0270604	0.0605448	0.0765885	0.0888263	0.117759	0.169861	0.230047	0.275437	0.296994	0.297739	0.296894	0.305675	0.324591	
-0.202501	-0.155308	-0.0955271	-0.0245033	0.0613768	0.152292	0.233299	0.301336	0.344325	0.362532	0.375245	0.395285	0.406816	0.38895	0.345461	0.29851	0.267613	0.260409	0.273154	
-0.0637652	-0.0109621	0.0498241	0.11914	0.20957	0.312989	0.419391	0.515967	0.57736	0.599057	0.593752	0.583026	0.544219	0.465099	0.365616	0.27798	0.220479	0.199346	0.204636	
