0	0	0	0	0	0	0	0	0	0	0	0	0	0	0	0	0	0	0	0	
0	0.00692108	0.0117026	0.0139093	0.0152572	0.0167053	0.0188249	0.01922	0.0197633	0.0224896	0.0308591	0.0430257	0.0536966	0.0595677	0.0602837	0.0572979	0.0519457	0.0430704	0.0314098	0.0176356	
0	0.0117026	0.0204364	0.0220123	0.0240441	0.0247486	0.0271322	0.0275117	0.0259451	0.0317466	0.0460981	0.0697018	0.089963	0.100579	0.101467	0.0954689	0.0834943	0.0665788	0.0424353	0.0145345	
0	0.0139093	0.0220123	0.0221027	0.0202757	0.0183248	0.0191118	0.0159222	0.013684	0.019004	0.0403726	0.0735369	0.1024	0.117645	0.117882	0.10732	0.0895754	0.0617516	0.0258892	-0.0158469	
0	0.0152572	0.0240441	0.0202757	0.0152074	0.00858117	0.00476049	-0.00169554	-0.0100313	-0.0047836	0.0178745	0.0576627	0.0916631	0.10813	0.105788	0.0908253	0.0650766	0.0299397	-0.0170255	-0.0699407	
0	0.0167053	0.0247486	0.0183248	0.00858117	-0.00358978	-0.0113403	-0.0239136	-0.0349155	-0.032651	-0.00710479	0.0374737	0.0753709	0.0928877	0.0874332	0.0662375	0.0343394	-0.0109944	-0.0667521	-0.129175	
0	0.0188249	0.0271322	0.0191118	0.00476049	-0.0113403	-0.0248441	-0.0402686	-0.0555896	-0.0533299	-0.026395	0.0226308	0.0639911	0.0820781	0.0736519	0.0480187	0.00872876	-0.0435261	-0.108388	-0.178946	
0	0.01922	0.0275117	0.0159222	-0.00169554	-0.0239136	-0.0402686	-0.0587407	-0.0731244	-0.0685039	-0.0356538	0.0207159	0.0689829	0.0915067	0.0839976	0.0562688	0.0129253	-0.0467703	-0.119264	-0.199276	
0	0.0197633	0.0259451	0.013684	-0.0100313	-0.0349155	-0.0555896	-0.0731244	-0.0843181	-0.0729861	-0.0310331	0.035832	0.0942871	0.125001	0.122538	0.0961878	0.0513588	-0.0132512	-0.0933838	-0.181801	
0	0.0224896	0.0317466	0.019004	-0.0047836	-0.032651	-0.0533299	-0.0685039	-0.0729861	-0.0527982	0.000179195	0.0773701	0.146871	0.186404	0.189777	0.16715	0.121243	0.0535028	-0.0322446	-0.129018	
0	0.0308591	0.0460981	0.0403726	0.0178745	-0.00710479	-0.026395	-0.0356538	-0.0310331	0.000179195	0.0643405	0.151527	0.230163	0.27644	0.284995	0.26169	0.213643	0.138706	0.0442446	-0.0611372	
0	0.0430257	0.0697018	0.0735369	0.0576627	0.0374737	0.0226308	0.0207159	0.035832	0.0773701	0.151527	0.243807	0.327071	0.375359	0.382512	0.356233	0.299192	0.215158	0.109262	-0.00716495	
0	0.0536966	0.089963	0.1024	0.0916631	0.0753709	0.0639911	0.0689829	0.0942871	0.146871	0.230163	0.327071	0.413947	0.461675	0.468033	0.433461	0.366404	0.26698	0.144932	0.0131413	
0	0.0595677	0.100579	0.117645	0.10813	0.0928877	0.0820781	0.0915067	0.125001	0.186404	0.27644	0.375359	0.461675	0.507753	0.508936	0.467138	0.386393	0.273045	0.133407	-0.0132509	
0	0.0602837	0.101467	0.117882	0.105788	0.0874332	0.0736519	0.0839976	0.122538	0.189777	0.284995	0.382512	0.468033	0.508936	0.506343	0.45407	0.361069	0.230283	0.0734641	-0.0904914	
0	0.0572979	0.0954689	0.10732	0.0908253	0.0662375	0.0480187	0.0562688	0.0961878	0.16715	0.26169	0.356233	0.433461	0.467138	0.45407	0.390171	0.279575	0.132367	-0.0445559	-0.223412	
0	0.0519457	0.0834943	0.0895754	0.0650766	0.0343394	0.00872876	0.0129253	0.0513588	0.121243	0.213643	0.299192	0.366404	0.386393	0.361069	0.279575	0.151524	-0.0174508	-0.212459	-0.407749	
0	0.0430704	0.0665788	0.0617516	0.0299397	-0.0109944	-0.0435261	-0.0467703	-0.0132512	0.0535028	0.138706	0.215158	0.26698	0.273045	0.230283	0.132367	-0.0174508	-0.205213	-0.419829	-0.628914	
0	0.0314098	0.0424353	0.0258892	-0.0170255	-0.0667521	-0.108388	-0.119264	-0.0933838	-0.0322446	0.0442446	0.109262	0.144932	0.133407	0.0734641	-0.0445559	-0.212459	-0.419829	-0.648159	-0.86621	
0	0.0176356	0.0145345	-0.0158469	-0.0699407	-0.129175	-0.178946	-0.199276	-0.181801	-0.129018	-0.0611372	-0.00716495	0.0131413	-0.0132509	-0.0904914	-0.223412	-0.407749	-0.628914	-0.86621	-1.08906	
0	0.000635209	-0.018347	-0.0652891	-0.129356	-0.197443	-0.252388	-0.279669	-0.269651	-0.221995	-0.160962	-0.112991	-0.104144	-0.142311	-0.232829	-0.377979	-0.573601	-0.802777	-1.04267	-1.26215	
0	-0.0128846	-0.0468986	-0.104068	-0.17733	-0.24665	-0.304368	-0.334234	-0.329275	-0.285973	-0.227454	-0.182315	-0.178677	-0.223477	-0.321172	-0.472327	-0.670646	-0.900864	-1.13435	-1.3441	
0	-0.0206959	-0.0610327	-0.123997	-0.195064	-0.260383	-0.309713	-0.33708	-0.330171	-0.287515	-0.226409	-0.179448	-0.176013	-0.223741	-0.326529	-0.480038	-0.679078	-0.904765	-1.12741	-1.32201	
0	-0.0183144	-0.056647	-0.1126	-0.174043	-0.221864	-0.256571	-0.270985	-0.258706	-0.211453	-0.145471	-0.0933997	-0.0870904	-0.136616	-0.243193	-0.399036	-0.597765	-0.816493	-1.02772	-1.20409	
0	-0.0108074	-0.0405876	-0.0838922	-0.127061	-0.152	-0.16284	-0.160135	-0.135212	-0.0810379	-0.005305	0.0547203	0.0683612	0.0186607	-0.0891203	-0.249002	-0.444768	-0.65881	-0.856771	-1.01632	
0	-0.00241721	-0.0218825	-0.0500002	-0.0722865	-0.0707609	-0.0556058	-0.0319262	0.00759445	0.0709319	0.158608	0.2291	0.25324	0.208276	0.0992809	-0.0580419	-0.253049	-0.455233	-0.640931	-0.781048	
0	0.00742919	0.000586588	-0.0100844	-0.00899862	0.020089	0.0614441	0.106896	0.158332	0.231088	0.325336	0.405336	0.438114	0.395142	0.288779	0.12934	-0.0575235	-0.248343	-0.415863	-0.532243	
0	0.0178664	0.0247015	0.0329562	0.0583351	0.11408	0.181467	0.245364	0.309163	0.385758	0.484682	0.568552	0.605472	0.563616	0.453236	0.292906	0.108911	-0.0699559	-0.219201	-0.31238	
0	0.0246155	0.0426668	0.0671078	0.114502	0.193576	0.282654	0.363169	0.434504	0.513891	0.610546	0.694353	0.729644	0.684337	0.567496	0.402153	0.218989	0.0512204	-0.0815406	-0.150554	
0	0.0244237	0.0477538	0.0819429	0.145318	0.240226	0.343831	0.435288	0.509316	0.588524	0.67833	0.758965	0.789582	0.740627	0.618693	0.448953	0.269661	0.111809	-0.00157227	-0.0490738	
0	0.0185382	0.0400606	0.0794987	0.150968	0.254297	0.365426	0.459181	0.533306	0.60531	0.685247	0.756469	0.777973	0.724513	0.597122	0.426154	0.253125	0.108658	0.017887	-0.00539088	
0	0.00945496	0.0269817	0.0669872	0.141934	0.247691	0.357825	0.449398	0.516197	0.57724	0.641079	0.695039	0.701779	0.638789	0.503448	0.333361	0.164402	0.0369788	-0.0310487	-0.0294869	
0	-0.00186123	0.00815637	0.045159	0.118087	0.219335	0.322421	0.404825	0.459933	0.506393	0.548635	0.580789	0.567209	0.489389	0.348831	0.17481	0.0155257	-0.0995989	-0.14481	-0.120965	
0	-0.0173079	-0.0205757	0.00825942	0.0711508	0.161487	0.251002	0.317894	0.36095	0.387521	0.411076	0.416177	0.381263	0.289172	0.140345	-0.0299203	-0.183821	-0.283401	-0.310135	-0.268167	
0	-0.0314631	-0.0475551	-0.0294847	0.0197377	0.0947082	0.163974	0.212656	0.236337	0.243008	0.242516	0.218507	0.16031	0.0499802	-0.101546	-0.267971	-0.410603	-0.493482	-0.504363	-0.446787	
0	-0.0433694	-0.0696635	-0.0655406	-0.0295717	0.0247996	0.0741754	0.101348	0.106288	0.0936844	0.0701294	0.0197987	-0.062525	-0.18852	-0.342075	-0.501736	-0.631631	-0.700785	-0.699835	-0.634662	
0	-0.0462969	-0.0792642	-0.0818971	-0.0611936	-0.0226527	0.00575686	0.0134601	0.000452317	-0.0309507	-0.0752191	-0.150706	-0.256369	-0.397428	-0.552388	-0.703783	-0.820354	-0.877906	-0.871391	-0.805603	
0	-0.0405223	-0.069784	-0.0776362	-0.0648645	-0.0414081	-0.028685	-0.0367076	-0.0646981	-0.109376	-0.169412	-0.26301	-0.386284	-0.53696	-0.691346	-0.829988	-0.935111	-0.983849	-0.979054	-0.925339	
0	-0.024531	-0.042468	-0.0487587	-0.0394654	-0.0256435	-0.0230095	-0.0402902	-0.079184	-0.128523	-0.200391	-0.300102	-0.435161	-0.589097	-0.737259	-0.864913	-0.955436	-1.00157	-1.00495	-0.971765	
0	0.0016969	0.00127079	0.00556569	0.0137779	0.0257308	0.023449	0.00187647	-0.0391479	-0.0917519	-0.16301	-0.263489	-0.399152	-0.548585	-0.689082	-0.801614	-0.880082	-0.92672	-0.941272	-0.935974	
0	0.0349877	0.0595981	0.078171	0.0909175	0.104393	0.101816	0.0813016	0.0410248	-0.00898237	-0.0740865	-0.167105	-0.292429	-0.43174	-0.558699	-0.655572	-0.723738	-0.770443	-0.80041	-0.824662	
0	0.0700908	0.122919	0.155948	0.177218	0.192325	0.194669	0.176903	0.142346	0.0977475	0.0440869	-0.0351225	-0.143348	-0.268327	-0.381558	-0.467289	-0.529514	-0.580057	-0.626663	-0.675752	
0	0.10495	0.183364	0.233684	0.2599	0.279552	0.283722	0.270446	0.239946	0.201343	0.1593	0.0965469	0.00902514	-0.0994427	-0.198995	-0.277711	-0.33718	-0.392048	-0.45325	-0.518769	
0	0.13178	0.230783	0.292055	0.321617	0.340869	0.346081	0.334218	0.309177	0.275263	0.248366	0.203175	0.141342	0.0517641	-0.0347487	-0.109653	-0.170441	-0.23162	-0.302009	-0.377436	
0	0.154256	0.273612	0.342874	0.378837	0.394533	0.399945	0.387082	0.361736	0.332051	0.310182	0.281362	0.235624	0.16256	0.080637	0.00554777	-0.0639332	-0.126642	-0.202187	-0.273045	
0	0.172552	0.306083	0.387084	0.424671	0.441511	0.441248	0.428263	0.398133	0.370642	0.348614	0.330359	0.294326	0.23048	0.149129	0.0631006	-0.0153176	-0.0872328	-0.160759	-0.222442	
0	0.181745	0.323342	0.412138	0.451005	0.466506	0.460374	0.443191	0.408742	0.379015	0.355358	0.340521	0.308564	0.248803	0.162791	0.0641081	-0.0263891	-0.109022	-0.175588	-0.229299	
0	0.183338	0.328185	0.421487	0.461837	0.473363	0.46094	0.433682	0.394538	0.354828	0.328292	0.305873	0.274317	0.211651	0.120868	0.0123382	-0.0892873	-0.176693	-0.235925	-0.277402	
0	0.179068	0.325075	0.419295	0.463406	0.468686	0.4493	0.408518	0.359293	0.305748	0.267288	0.230237	0.188528	0.118283	0.0197891	-0.0927067	-0.204878	-0.288164	-0.343828	-0.365829	
0	0.167887	0.308019	0.400947	0.444363	0.445238	0.414054	0.361943	0.295824	0.230065	0.171977	0.118285	0.0601385	-0.0220586	-0.124042	-0.242114	-0.354906	-0.438844	-0.489653	-0.495622	
