0	-0.00237952	-0.00683432	-0.00986011	-0.0150517	-0.0205105	-0.0237327	-0.0319163	-0.0338536	-0.0382971	-0.0459634	-0.0431463	-0.0425603	-0.0390519	-0.0335095	-0.029887	-0.0253447	-0.0275301	-0.033036	-0.0532306	
0	-0.00938687	-0.0216223	-0.0282072	-0.0361877	-0.0449194	-0.0474741	-0.0539301	-0.0554778	-0.0542153	-0.0515177	-0.0422123	-0.0376296	-0.0326596	-0.0249465	-0.0246	-0.0315777	-0.0442342	-0.067343	-0.103194	
0	-0.0132626	-0.0225453	-0.035859	-0.0467139	-0.0534125	-0.0592401	-0.0624132	-0.0586152	-0.054231	-0.0510386	-0.043816	-0.0419488	-0.0388235	-0.0425665	-0.0571343	-0.0776891	-0.107985	-0.14761	-0.196114	
0	-0.0129283	-0.0262019	-0.0350965	-0.0418572	-0.0454866	-0.0470447	-0.0465758	-0.0446572	-0.0451836	-0.0462414	-0.0463006	-0.0552959	-0.0724846	-0.093825	-0.127748	-0.166284	-0.210164	-0.258252	-0.30569	
0	-0.00557868	-0.00679529	-0.013164	-0.0168444	-0.019196	-0.0251515	-0.0281041	-0.0343675	-0.0441845	-0.0561108	-0.077469	-0.108565	-0.141739	-0.181834	-0.228651	-0.276869	-0.322511	-0.373279	-0.416778	
0	0.000570032	0.0047178	0.0021433	0.000747601	-0.00105063	-0.013652	-0.0242482	-0.0451947	-0.0736054	-0.107094	-0.148885	-0.192566	-0.240146	-0.291749	-0.345044	-0.394757	-0.442798	-0.487384	-0.520658	
0	-0.00104246	-0.0029699	-0.00864712	-0.018442	-0.0322649	-0.0569887	-0.0825157	-0.118113	-0.161245	-0.202358	-0.25311	-0.305594	-0.359947	-0.414593	-0.466302	-0.513611	-0.552275	-0.587701	-0.606923	
0	-0.0215866	-0.0410948	-0.0684927	-0.0958964	-0.127516	-0.167241	-0.204253	-0.252322	-0.300075	-0.348351	-0.406578	-0.458976	-0.508385	-0.55857	-0.599957	-0.635521	-0.661401	-0.677154	-0.671541	
0	-0.0517491	-0.10404	-0.155804	-0.209692	-0.261598	-0.318341	-0.372436	-0.429129	-0.486318	-0.539828	-0.595235	-0.639719	-0.683237	-0.721846	-0.747294	-0.761918	-0.762561	-0.745586	-0.712605	
0	-0.0802625	-0.163684	-0.242205	-0.321101	-0.400265	-0.474072	-0.546104	-0.615017	-0.678322	-0.733256	-0.7838	-0.824435	-0.855003	-0.873567	-0.873452	-0.859472	-0.832469	-0.788872	-0.730143	
0	-0.105344	-0.212388	-0.314126	-0.414222	-0.512716	-0.599868	-0.684953	-0.761767	-0.823131	-0.879142	-0.922351	-0.946044	-0.95676	-0.950321	-0.926826	-0.891142	-0.841411	-0.774053	-0.699605	
0	-0.121255	-0.242452	-0.356923	-0.468808	-0.572282	-0.663987	-0.751519	-0.818977	-0.876452	-0.920715	-0.941478	-0.947299	-0.938679	-0.913049	-0.872077	-0.816232	-0.751368	-0.673472	-0.594891	
0	-0.117598	-0.236245	-0.346355	-0.448682	-0.547609	-0.626096	-0.698435	-0.75261	-0.788217	-0.811661	-0.81146	-0.802487	-0.777841	-0.733568	-0.680373	-0.61656	-0.546978	-0.466225	-0.381765	
0	-0.0890971	-0.174137	-0.256776	-0.33124	-0.398046	-0.450518	-0.494681	-0.522893	-0.535274	-0.540633	-0.52752	-0.503212	-0.46611	-0.414641	-0.359355	-0.29583	-0.219287	-0.140846	-0.0617159	
0	-0.0348675	-0.0615346	-0.0927255	-0.115375	-0.129235	-0.143729	-0.147987	-0.143013	-0.136827	-0.119663	-0.0894109	-0.0573448	-0.0142547	0.0334997	0.0878942	0.150791	0.217289	0.281636	0.34665	
0	0.0426079	0.0846951	0.125067	0.166098	0.205094	0.240793	0.282391	0.319465	0.358856	0.402925	0.445524	0.486026	0.531516	0.580754	0.629418	0.677872	0.725848	0.768645	0.807226	
0	0.113129	0.225097	0.334653	0.437784	0.540548	0.632484	0.723499	0.80344	0.876053	0.9457	1.00056	1.05583	1.10841	1.15011	1.18533	1.2126	1.23629	1.24252	1.24018	
0	0.169355	0.338873	0.503963	0.661949	0.818806	0.958354	1.09285	1.21441	1.32001	1.41952	1.49979	1.57012	1.62451	1.65434	1.67595	1.68239	1.66706	1.63871	1.59622	
0	0.211659	0.414226	0.620623	0.81566	1.00173	1.18093	1.34739	1.50052	1.63848	1.75985	1.85673	1.93386	1.98381	2.01419	2.02193	2.00632	1.96234	1.90755	1.83155	
0	0.224627	0.442714	0.664159	0.879401	1.082	1.28653	1.46918	1.63767	1.79156	1.9185	2.02189	2.10483	2.1576	2.18577	2.18186	2.15073	2.09653	2.02194	1.93275	
0	0.218199	0.440868	0.651755	0.864726	1.06434	1.2592	1.4357	1.59933	1.75162	1.87355	1.98259	2.06663	2.11752	2.14231	2.14218	2.11388	2.06649	1.99537	1.91085	
0	0.194834	0.393787	0.579673	0.763923	0.941881	1.10477	1.26027	1.40577	1.53241	1.64067	1.73925	1.80799	1.85678	1.89215	1.90553	1.89426	1.86651	1.81779	1.75191	
0	0.149691	0.296652	0.442013	0.580646	0.716476	0.839108	0.957807	1.06573	1.15478	1.24323	1.31726	1.37227	1.42991	1.4721	1.49517	1.50771	1.50772	1.49536	1.46718	
0	0.087326	0.169173	0.25495	0.334616	0.409708	0.482701	0.55143	0.611544	0.672347	0.731812	0.781662	0.833212	0.886933	0.926505	0.963726	1.00536	1.03812	1.06339	1.07555	
0	0.0128347	0.023124	0.0385429	0.0505257	0.0662776	0.0848221	0.104804	0.127379	0.158334	0.188236	0.220426	0.26559	0.304919	0.3504	0.406254	0.466126	0.520041	0.570988	0.621438	
0	-0.0580167	-0.112526	-0.164382	-0.211644	-0.248028	-0.279302	-0.30035	-0.308481	-0.311017	-0.30054	-0.281289	-0.248443	-0.212191	-0.159986	-0.0974882	-0.0371928	0.0280773	0.102052	0.181416	
0	-0.106411	-0.205942	-0.306157	-0.391979	-0.471733	-0.538454	-0.591943	-0.631139	-0.656851	-0.665881	-0.658452	-0.63876	-0.603751	-0.555961	-0.499993	-0.440731	-0.364037	-0.279438	-0.197139	
0	-0.121868	-0.241365	-0.358344	-0.465236	-0.569124	-0.657571	-0.73521	-0.799159	-0.842553	-0.873587	-0.881113	-0.87808	-0.855615	-0.819026	-0.773511	-0.71071	-0.63373	-0.558149	-0.479327	
0	-0.114885	-0.232138	-0.341782	-0.452246	-0.554552	-0.648903	-0.734706	-0.808149	-0.868567	-0.915888	-0.946998	-0.964936	-0.962008	-0.943304	-0.909809	-0.854003	-0.794691	-0.728514	-0.646734	
0	-0.0987794	-0.197055	-0.290651	-0.38467	-0.469879	-0.554421	-0.632448	-0.704163	-0.771876	-0.82699	-0.876072	-0.907122	-0.923679	-0.927917	-0.912687	-0.884095	-0.847496	-0.787947	-0.71478	
0	-0.0698575	-0.137108	-0.207805	-0.275698	-0.343817	-0.413094	-0.479076	-0.543928	-0.605169	-0.659962	-0.710468	-0.749921	-0.786212	-0.812074	-0.822843	-0.825649	-0.806535	-0.766676	-0.71883	
0	-0.0369915	-0.0745539	-0.116178	-0.157968	-0.205439	-0.253251	-0.302925	-0.354471	-0.405143	-0.458219	-0.509544	-0.562359	-0.613216	-0.654357	-0.68871	-0.711932	-0.716054	-0.712894	-0.696514	
0	-0.0126246	-0.0278423	-0.0427937	-0.0619102	-0.0852844	-0.111588	-0.145439	-0.184711	-0.229778	-0.281258	-0.334607	-0.391174	-0.442903	-0.491782	-0.539418	-0.578144	-0.612621	-0.640627	-0.648486	
0	0.00285619	0.00396899	0.00382713	-0.00171014	-0.0111164	-0.0274684	-0.0514915	-0.0816239	-0.118703	-0.160362	-0.205761	-0.253197	-0.3021	-0.355407	-0.408356	-0.45852	-0.507268	-0.543237	-0.56577	
0	0.00207892	0.0042623	0.00374642	0.00164289	-0.00255268	-0.0109438	-0.0214639	-0.0359682	-0.0554036	-0.0796129	-0.111026	-0.148851	-0.194862	-0.245319	-0.295631	-0.346197	-0.392143	-0.43115	-0.469127	
0	-0.0097606	-0.0181768	-0.025572	-0.0297816	-0.0319904	-0.0321749	-0.0306652	-0.030651	-0.0334003	-0.04109	-0.0559416	-0.0781815	-0.107502	-0.141328	-0.180258	-0.223837	-0.268873	-0.317887	-0.367701	
0	-0.0138936	-0.027052	-0.0375704	-0.0454503	-0.0505508	-0.0520464	-0.0515248	-0.0493349	-0.0459693	-0.0431131	-0.0415229	-0.0427569	-0.048246	-0.061097	-0.0839417	-0.116223	-0.15782	-0.206419	-0.254376	
0	-0.0105001	-0.021024	-0.0306634	-0.0399298	-0.0478608	-0.0538982	-0.0580682	-0.0588543	-0.0562129	-0.0504841	-0.0419749	-0.0329628	-0.0263128	-0.0254586	-0.0321785	-0.0477045	-0.0729567	-0.105222	-0.143229	
0	-0.00616262	-0.0123805	-0.01906	-0.0259163	-0.0324731	-0.0385727	-0.0431668	-0.0455827	-0.045727	-0.0432802	-0.0386823	-0.0330384	-0.0273666	-0.0223198	-0.0189573	-0.0192649	-0.0249716	-0.0384813	-0.0638912	
0	-0.00023846	-0.000837034	-0.00247348	-0.00494425	-0.00838545	-0.0126614	-0.0171168	-0.0218836	-0.0266566	-0.0310125	-0.0349102	-0.0375639	-0.0379314	-0.0353075	-0.0301561	-0.0239405	-0.0194257	-0.0212821	-0.0330298	
0	0.00431481	0.00808739	0.0108756	0.0121498	0.0113282	0.00812387	0.00222808	-0.00635224	-0.0168393	-0.0281537	-0.0387436	-0.046625	-0.0504947	-0.0501761	-0.0464473	-0.0409819	-0.0362061	-0.0339937	-0.034721	
0	0.00349007	0.00666647	0.00926478	0.0105866	0.0100047	0.00695719	0.000994071	-0.00750538	-0.0176697	-0.0282581	-0.0376886	-0.0448961	-0.0496594	-0.052304	-0.0532981	-0.0529963	-0.0509947	-0.0460243	-0.037774	
0	-0.00331382	-0.00639981	-0.00904353	-0.0110608	-0.0122455	-0.0125416	-0.0120143	-0.0109203	-0.00999201	-0.0102002	-0.0125937	-0.0181047	-0.0267342	-0.0371506	-0.0469384	-0.0531036	-0.0530376	-0.0461368	-0.0347473	
0	-0.009184	-0.0174376	-0.0238643	-0.0275157	-0.0276743	-0.0240667	-0.017047	-0.00791478	0.00126325	0.00809309	0.0103929	0.0070584	-0.00133872	-0.0127148	-0.0241367	-0.0327876	-0.0372416	-0.0381064	-0.0371689	
0	-0.00356317	-0.00674993	-0.00925412	-0.0108694	-0.0115671	-0.0114465	-0.0107006	-0.00956077	-0.0081137	-0.006329	-0.00415227	-0.00162115	0.000768776	0.00188407	0.000218433	-0.00558946	-0.0160073	-0.029682	-0.043153	
0	0.00637575	0.011693	0.0149689	0.0153708	0.0124171	0.0061885	-0.00252318	-0.0121435	-0.0205434	-0.0255681	-0.0257039	-0.020797	-0.012486	-0.00392927	0.00112365	-0.000322245	-0.009041	-0.0228018	-0.0370128	
0	0.00453516	0.00822996	0.0103912	0.0105843	0.00873323	0.00512887	0.000372072	-0.00474066	-0.00942332	-0.0130616	-0.0153159	-0.0161749	-0.0158661	-0.0147364	-0.0132229	-0.0118375	-0.0111408	-0.0117731	-0.0143724	
0	-0.00423665	-0.00781123	-0.010127	-0.0107294	-0.00941925	-0.00636947	-0.00219372	0.00207173	0.0051438	0.0058404	0.00350565	-0.00159824	-0.00811363	-0.0138399	-0.0164206	-0.0142949	-0.00763599	0.00120828	0.00823637	
0	-0.00582952	-0.0106304	-0.0135644	-0.0141409	-0.0123308	-0.00859165	-0.00379615	0.000929963	0.00446052	0.00594085	0.00502131	0.00201337	-0.00211039	-0.00589583	-0.00774142	-0.00640054	-0.00157961	0.00562669	0.0127229	
0	0	0	0	0	0	0	0	0	0	0	0	0	0	0	0	0	0	0	0	
