0	0	0	0	0	0	0	0	0	0	0	0	0	0	0	0	0	0	0	0	0	
-0.0699191	-0.0642309	-0.0506313	-0.0371328	-0.0205709	-0.00290019	0.0130937	0.0242745	0.0287764	0.0307943	0.0278387	0.0166985	0.0029686	-0.00509765	-0.00865481	-0.0104469	-0.00475953	0.00515827	0.0116752	0.0111668	0	
-0.138994	-0.125093	-0.101283	-0.0762839	-0.04188	-0.00785253	0.0245999	0.0493794	0.0591422	0.0624313	0.0543655	0.0319238	0.0074776	-0.00905966	-0.0192712	-0.0212622	-0.00679225	0.0114426	0.0211846	0.0198334	0	
-0.207804	-0.191271	-0.153473	-0.113144	-0.0628176	-0.010186	0.0371671	0.070936	0.0860196	0.0918192	0.0822782	0.0507302	0.0111917	-0.0142877	-0.026118	-0.0303795	-0.0133036	0.0150908	0.0332811	0.0310597	0	
-0.274223	-0.251181	-0.205001	-0.152919	-0.0859067	-0.0175202	0.0458997	0.0926197	0.115075	0.124094	0.109209	0.0662203	0.0167762	-0.0172599	-0.036179	-0.0397025	-0.0140674	0.0209497	0.0404132	0.036447	0	
-0.340163	-0.315637	-0.259793	-0.193192	-0.108867	-0.0218976	0.0550397	0.111444	0.141426	0.151477	0.134247	0.0861197	0.0247576	-0.0202236	-0.0428234	-0.0473754	-0.019662	0.0234801	0.0500613	0.0445699	0	
-0.403016	-0.377626	-0.313459	-0.232282	-0.134101	-0.0318545	0.0599186	0.126396	0.16559	0.182623	0.163241	0.104186	0.0309729	-0.0225263	-0.0497131	-0.0532219	-0.0207545	0.026942	0.0547832	0.0469624	0	
-0.464749	-0.439085	-0.370005	-0.277549	-0.161838	-0.0415169	0.0629215	0.141463	0.191202	0.20849	0.184745	0.122977	0.0438501	-0.0206011	-0.0556543	-0.059174	-0.0238521	0.0282454	0.0596547	0.0501272	0	
-0.52507	-0.50358	-0.427399	-0.318739	-0.189976	-0.0553383	0.0618273	0.149522	0.209258	0.234942	0.213504	0.144374	0.052999	-0.0207742	-0.0589791	-0.061042	-0.0249506	0.0284369	0.0608863	0.0495171	0	
-0.583096	-0.565092	-0.485825	-0.367633	-0.224743	-0.0741645	0.0566228	0.158288	0.229803	0.258701	0.234275	0.16143	0.0676372	-0.0135959	-0.0609302	-0.0636388	-0.0260634	0.0271059	0.060057	0.0483065	0	
-0.644051	-0.631982	-0.547507	-0.416937	-0.260325	-0.0955026	0.0462586	0.159673	0.242598	0.278209	0.257256	0.182591	0.0822331	-0.00773629	-0.0605947	-0.0628608	-0.0263286	0.0243867	0.05649	0.0445403	0	
-0.704004	-0.699044	-0.612581	-0.471323	-0.303731	-0.127619	0.0297904	0.159262	0.251786	0.294742	0.277917	0.199818	0.096225	0.00253993	-0.0562692	-0.0604696	-0.0263054	0.0194727	0.0499184	0.0400422	0	
-0.770945	-0.772378	-0.681456	-0.533965	-0.355489	-0.164896	0.00562427	0.150405	0.256692	0.306422	0.291181	0.214493	0.113504	0.0165493	-0.0496983	-0.0575697	-0.0270125	0.0132258	0.0417173	0.0346836	0	
-0.84386	-0.85248	-0.76123	-0.604204	-0.414576	-0.215208	-0.028158	0.135123	0.249679	0.307758	0.303802	0.230585	0.127358	0.0283971	-0.0403515	-0.0518509	-0.0266828	0.00618683	0.0302537	0.0263659	0	
-0.925633	-0.94024	-0.847563	-0.686766	-0.491454	-0.280572	-0.0745761	0.107466	0.236913	0.305156	0.30421	0.23462	0.13964	0.0453905	-0.0263992	-0.0457748	-0.0302007	-0.00531217	0.0186836	0.021475	0	
-1.01925	-1.04154	-0.949694	-0.785129	-0.581459	-0.358612	-0.134905	0.0651694	0.206649	0.284044	0.295587	0.23903	0.149549	0.0571529	-0.0148895	-0.0411714	-0.0331785	-0.014058	0.00483245	0.0101218	0	
-1.12108	-1.14814	-1.06273	-0.898096	-0.691037	-0.460321	-0.216119	0.00550498	0.163273	0.252249	0.272401	0.227364	0.149517	0.0665694	-0.00141703	-0.0353968	-0.04079	-0.0300197	-0.00962241	0.003599	0	
-1.22615	-1.26559	-1.18709	-1.02553	-0.819485	-0.576618	-0.313437	-0.0772053	0.0964618	0.198932	0.231952	0.204978	0.141442	0.0689879	0.00617582	-0.0363221	-0.0532013	-0.0454043	-0.0238024	-0.00631363	0	
-1.32529	-1.3758	-1.31337	-1.16448	-0.961094	-0.710757	-0.433914	-0.179834	0.0126862	0.125528	0.16973	0.164081	0.119996	0.0604083	0.00427352	-0.0423098	-0.0683313	-0.0645979	-0.0415415	-0.0181079	0	
-1.40373	-1.47259	-1.43173	-1.29829	-1.10501	-0.853199	-0.56661	-0.302462	-0.0967016	0.0308312	0.0913985	0.105207	0.0802519	0.0381534	-0.00716706	-0.0569219	-0.0933983	-0.0907514	-0.058464	-0.025929	0	
-1.43999	-1.53462	-1.52258	-1.41734	-1.24303	-0.992888	-0.704358	-0.434628	-0.215908	-0.0788183	-0.0079941	0.0262749	0.0260006	0.00183709	-0.0350305	-0.0836275	-0.122679	-0.118351	-0.0797374	-0.0392588	0	
-1.42896	-1.5496	-1.57124	-1.50042	-1.34625	-1.11001	-0.832799	-0.564627	-0.342627	-0.197495	-0.113505	-0.0635707	-0.0419865	-0.0474664	-0.0769359	-0.121723	-0.158008	-0.149821	-0.102605	-0.0513136	0	
-1.3507	-1.50122	-1.56254	-1.52888	-1.40585	-1.19409	-0.932715	-0.673453	-0.455421	-0.306869	-0.215468	-0.154469	-0.11605	-0.107072	-0.125771	-0.161954	-0.196575	-0.185388	-0.124983	-0.0593973	0	
-1.21663	-1.39589	-1.49145	-1.49612	-1.40523	-1.22313	-0.987055	-0.744906	-0.538226	-0.390285	-0.296163	-0.232496	-0.180611	-0.157387	-0.173378	-0.205661	-0.227683	-0.20731	-0.144808	-0.0732187	0	
-1.04103	-1.23972	-1.36465	-1.40131	-1.34039	-1.19303	-0.986608	-0.765504	-0.573587	-0.431678	-0.339241	-0.272569	-0.215554	-0.190994	-0.203177	-0.226403	-0.242252	-0.22043	-0.152662	-0.0734257	0	
-0.84322	-1.05345	-1.19919	-1.25576	-1.22351	-1.11235	-0.931947	-0.729997	-0.552201	-0.415524	-0.324093	-0.260114	-0.209529	-0.186246	-0.193281	-0.212837	-0.224009	-0.201058	-0.141836	-0.0709142	0	
-0.6507	-0.86808	-1.01943	-1.08649	-1.07584	-0.987492	-0.828474	-0.644245	-0.473993	-0.341827	-0.253106	-0.188719	-0.141582	-0.120687	-0.127849	-0.149763	-0.161174	-0.143172	-0.101276	-0.0515213	0	
-0.485511	-0.69513	-0.842434	-0.910381	-0.912225	-0.843939	-0.702645	-0.527006	-0.354685	-0.218795	-0.123197	-0.0507334	-0.00896726	0.0013009	-0.005712	-0.0228353	-0.0379686	-0.0386044	-0.0284724	-0.015462	0	
-0.347524	-0.547153	-0.684713	-0.750248	-0.760613	-0.700497	-0.567635	-0.390917	-0.206589	-0.0616104	0.0462275	0.128896	0.167744	0.179365	0.182583	0.164436	0.133168	0.107862	0.0785142	0.0381875	0	
-0.245911	-0.428981	-0.550861	-0.609416	-0.620213	-0.563897	-0.434035	-0.25253	-0.0585184	0.103004	0.231369	0.327936	0.378674	0.398324	0.400962	0.381528	0.341375	0.28658	0.208646	0.106516	0	
-0.175351	-0.332163	-0.433569	-0.486882	-0.496096	-0.439619	-0.311703	-0.12647	0.0819322	0.265537	0.410664	0.51977	0.584857	0.610898	0.61917	0.609309	0.558145	0.466506	0.340018	0.177657	0	
-0.130226	-0.256844	-0.341104	-0.38454	-0.386446	-0.32792	-0.195109	-0.00424247	0.207816	0.401766	0.558254	0.675398	0.752333	0.791961	0.810071	0.8009	0.736574	0.620181	0.456269	0.24071	0	
-0.112434	-0.208296	-0.269105	-0.296676	-0.287894	-0.223482	-0.0874944	0.0987488	0.304685	0.502272	0.660715	0.775679	0.861003	0.913774	0.934629	0.921408	0.851823	0.723025	0.537509	0.288861	0	
-0.103898	-0.17481	-0.21577	-0.225702	-0.208911	-0.140121	-0.0012434	0.175434	0.367989	0.554092	0.699217	0.808182	0.895373	0.949594	0.972209	0.963631	0.898418	0.765965	0.568393	0.305202	0	
-0.0925639	-0.149851	-0.173047	-0.173439	-0.150551	-0.076198	0.0515909	0.208958	0.381786	0.537658	0.658608	0.758435	0.840247	0.902575	0.939121	0.928083	0.862017	0.746193	0.563557	0.304074	0	
-0.0570088	-0.108707	-0.129917	-0.128646	-0.103983	-0.0424836	0.0603881	0.192224	0.32611	0.435424	0.532711	0.626545	0.705819	0.777118	0.827358	0.824883	0.772618	0.681399	0.526332	0.289025	0	
0.0131874	-0.0428236	-0.0730348	-0.0786631	-0.0681941	-0.0356434	0.0287927	0.115205	0.199183	0.264382	0.330455	0.410484	0.497344	0.58455	0.649686	0.671508	0.651427	0.588638	0.459137	0.251957	0	
0.115498	0.043855	-0.0047412	-0.027122	-0.045926	-0.0503797	-0.0319726	-0.00255983	0.0245463	0.0399084	0.0680893	0.136935	0.238623	0.343062	0.427325	0.480277	0.491568	0.460831	0.374406	0.212529	0	
0.218924	0.128075	0.063829	0.0139018	-0.0379177	-0.0799097	-0.113934	-0.144643	-0.174246	-0.202619	-0.204644	-0.150346	-0.0450095	0.070237	0.174141	0.258645	0.299797	0.30225	0.26611	0.161242	0	
0.30528	0.196988	0.108193	0.0278595	-0.0552037	-0.13636	-0.210126	-0.284969	-0.362481	-0.426963	-0.454713	-0.416547	-0.317465	-0.203928	-0.0918716	0.013807	0.0860312	0.126825	0.133937	0.0856648	0	
0.356776	0.22586	0.113485	0.00782524	-0.104853	-0.213259	-0.311265	-0.418005	-0.525208	-0.608475	-0.651439	-0.63637	-0.562727	-0.455145	-0.339368	-0.232407	-0.136678	-0.0520496	-0.00368028	0.00267105	0	
0.364891	0.208832	0.0755545	-0.0501592	-0.183279	-0.304119	-0.412969	-0.528568	-0.645063	-0.743924	-0.799617	-0.804492	-0.760512	-0.668995	-0.554981	-0.442073	-0.332081	-0.225095	-0.130338	-0.0570589	0	
0.3172	0.13971	-0.00277906	-0.137117	-0.272615	-0.393889	-0.506657	-0.617743	-0.732153	-0.83571	-0.897514	-0.920264	-0.901883	-0.832516	-0.728287	-0.606056	-0.48144	-0.357127	-0.224898	-0.101373	0	
0.226774	0.0372731	-0.113303	-0.248231	-0.376029	-0.490811	-0.593361	-0.686755	-0.781494	-0.873844	-0.947529	-0.99085	-0.98884	-0.940863	-0.848393	-0.720587	-0.585449	-0.441026	-0.284344	-0.137302	0	
0.110418	-0.0926556	-0.24976	-0.379471	-0.493954	-0.588753	-0.667324	-0.736764	-0.803435	-0.875383	-0.951204	-1.00784	-1.02248	-0.992525	-0.912681	-0.79388	-0.657572	-0.49658	-0.324093	-0.163018	0	
-0.00590936	-0.217786	-0.380601	-0.508932	-0.61452	-0.688873	-0.738626	-0.775326	-0.805907	-0.84809	-0.912698	-0.976726	-1.00473	-0.991618	-0.940437	-0.845599	-0.712202	-0.54419	-0.35387	-0.169471	0	
-0.0959069	-0.316741	-0.487052	-0.621421	-0.722538	-0.778023	-0.795285	-0.790984	-0.787817	-0.801559	-0.84298	-0.910743	-0.962681	-0.973685	-0.951776	-0.88349	-0.757178	-0.582273	-0.376043	-0.174353	0	
-0.161363	-0.389763	-0.565333	-0.702049	-0.795495	-0.830354	-0.810388	-0.765325	-0.73775	-0.737395	-0.76901	-0.842718	-0.920523	-0.964392	-0.966636	-0.911726	-0.790504	-0.612127	-0.400513	-0.191372	0	
-0.210686	-0.445443	-0.616813	-0.742725	-0.814948	-0.820491	-0.77114	-0.699993	-0.657721	-0.662859	-0.706489	-0.784396	-0.87845	-0.959473	-0.99347	-0.954084	-0.836029	-0.646656	-0.420127	-0.201272	0	
-0.235477	-0.472055	-0.634615	-0.741338	-0.785912	-0.763084	-0.695316	-0.616121	-0.567085	-0.570998	-0.630363	-0.732638	-0.849444	-0.95863	-1.02681	-1.00947	-0.892024	-0.692743	-0.451589	-0.215019	0	
