0.471584	0.331605	0.124901	-0.121191	-0.373872	-0.603583	-0.794311	-0.941543	-1.0234	-1.01675	-0.925128	-0.762273	-0.580903	-0.405916	-0.270557	-0.175079	-0.113824	-0.0825962	-0.063322	
0.415443	0.248258	0.0289706	-0.226122	-0.46719	-0.683935	-0.855254	-0.981241	-1.03213	-0.995883	-0.876714	-0.703041	-0.521691	-0.357115	-0.237405	-0.153075	-0.104859	-0.0792374	-0.06419	
0.351602	0.160756	-0.0751876	-0.330039	-0.561963	-0.761101	-0.914681	-1.01473	-1.03414	-0.967097	-0.823965	-0.643922	-0.465071	-0.314778	-0.208178	-0.135507	-0.0973742	-0.0733602	-0.0634697	
0.273076	0.0625616	-0.183446	-0.43039	-0.64921	-0.827206	-0.960961	-1.0302	-1.01725	-0.918997	-0.757538	-0.574709	-0.40311	-0.269381	-0.174846	-0.116683	-0.084534	-0.0665161	-0.060382	
0.175388	-0.0511986	-0.301666	-0.535637	-0.736	-0.893369	-1.00018	-1.03793	-0.988675	-0.863169	-0.688091	-0.506823	-0.348252	-0.229862	-0.151001	-0.103968	-0.079267	-0.0663962	-0.0626116	
0.0657814	-0.172167	-0.419681	-0.638121	-0.817289	-0.952002	-1.03024	-1.03122	-0.949518	-0.798206	-0.617984	-0.441865	-0.29986	-0.197133	-0.132906	-0.0952285	-0.076644	-0.06683	-0.0637608	
-0.0505123	-0.296844	-0.531595	-0.731398	-0.888734	-0.996701	-1.04411	-1.00627	-0.894202	-0.724324	-0.543447	-0.379281	-0.253118	-0.16843	-0.114287	-0.0875565	-0.0703814	-0.065553	-0.0608545	
-0.179798	-0.423661	-0.638722	-0.814886	-0.946476	-1.02576	-1.03412	-0.961644	-0.818759	-0.641062	-0.463371	-0.316019	-0.207877	-0.138483	-0.0973368	-0.0767868	-0.06529	-0.0628398	-0.0601646	
-0.323249	-0.55397	-0.747322	-0.897682	-1.00084	-1.0471	-1.01402	-0.907556	-0.741861	-0.562008	-0.395165	-0.266244	-0.17745	-0.121725	-0.0933086	-0.0762518	-0.0720415	-0.0681469	-0.0692466	
-0.456914	-0.667993	-0.838204	-0.962786	-1.03759	-1.0458	-0.975613	-0.837281	-0.661029	-0.484373	-0.3348	-0.225205	-0.153057	-0.111077	-0.0883528	-0.0768197	-0.0724113	-0.0688838	-0.0688898	
-0.585677	-0.76973	-0.911016	-1.00626	-1.04651	-1.01313	-0.90682	-0.744475	-0.565624	-0.399822	-0.270613	-0.180397	-0.124283	-0.0935445	-0.0762256	-0.0699506	-0.0652583	-0.0653285	-0.0644884	
-0.714357	-0.869552	-0.980117	-1.04289	-1.04219	-0.967188	-0.827502	-0.651723	-0.476983	-0.328808	-0.220791	-0.14937	-0.108419	-0.0859269	-0.0758587	-0.0716483	-0.0703787	-0.0714796	-0.0721117	
-0.824757	-0.951418	-1.03241	-1.05961	-1.01683	-0.903925	-0.740559	-0.562238	-0.399949	-0.27353	-0.18619	-0.132333	-0.10267	-0.0871557	-0.0811073	-0.0778748	-0.078223	-0.077965	-0.0791653	
-0.912544	-1.00904	-1.05784	-1.04472	-0.960733	-0.81662	-0.641682	-0.470763	-0.328045	-0.224672	-0.157063	-0.118125	-0.0968255	-0.0869729	-0.082236	-0.0804879	-0.0799342	-0.0794169	-0.0796428	
-0.980598	-1.04389	-1.05415	-0.997282	-0.875277	-0.70997	-0.53505	-0.379921	-0.260682	-0.179588	-0.129876	-0.102413	-0.0881025	-0.0816825	-0.0783332	-0.0773893	-0.07645	-0.0765446	-0.0764294	
-1.03858	-1.06389	-1.02898	-0.927946	-0.774827	-0.599698	-0.434502	-0.300499	-0.20508	-0.144036	-0.109049	-0.090471	-0.0818398	-0.0780784	-0.0770603	-0.0772864	-0.078218	-0.079958	-0.0819535	
-1.07968	-1.06491	-0.985375	-0.847807	-0.677022	-0.505421	-0.358712	-0.248973	-0.175989	-0.132145	-0.108429	-0.0967157	-0.0919344	-0.09043	-0.0909714	-0.0921809	-0.0942044	-0.0963364	-0.0987771	
-1.07645	-1.01996	-0.902321	-0.742462	-0.570976	-0.416335	-0.295262	-0.211272	-0.158863	-0.129235	-0.113886	-0.10673	-0.10372	-0.102764	-0.102665	-0.102861	-0.103134	-0.103149	-0.10301	
-1.03203	-0.93119	-0.782807	-0.614029	-0.454329	-0.323932	-0.230002	-0.169408	-0.133938	-0.11498	-0.105547	-0.101188	-0.0991269	-0.0981359	-0.097407	-0.0968251	-0.0961482	-0.0955053	-0.0948957	
-0.965844	-0.825829	-0.658823	-0.493903	-0.353897	-0.249334	-0.179514	-0.137343	-0.114087	-0.10229	-0.0967633	-0.0943679	-0.0934442	-0.0931997	-0.0933066	-0.0937068	-0.0943895	-0.09551	-0.0971275	
-0.88099	-0.716883	-0.548271	-0.399707	-0.284686	-0.205117	-0.155303	-0.126796	-0.111797	-0.104536	-0.101416	-0.100394	-0.100507	-0.101284	-0.102613	-0.104443	-0.106846	-0.109871	-0.113592	
-0.779364	-0.611169	-0.457556	-0.334483	-0.246383	-0.189232	-0.155233	-0.136498	-0.126892	-0.122376	-0.120615	-0.120396	-0.121149	-0.122628	-0.124747	-0.127461	-0.13076	-0.134589	-0.138889	
-0.658051	-0.505902	-0.380433	-0.288182	-0.226802	-0.189362	-0.168166	-0.156902	-0.151253	-0.148644	-0.147689	-0.147714	-0.14839	-0.149562	-0.151116	-0.152951	-0.154936	-0.15691	-0.15867	
-0.516946	-0.392532	-0.299826	-0.237641	-0.199726	-0.178551	-0.167642	-0.162428	-0.1601	-0.159125	-0.158737	-0.158578	-0.15847	-0.158308	-0.157996	-0.157437	-0.156523	-0.155152	-0.153238	
-0.387905	-0.290953	-0.225233	-0.184931	-0.162542	-0.151339	-0.146385	-0.144544	-0.144037	-0.143953	-0.143862	-0.143576	-0.14302	-0.142166	-0.141017	-0.1396	-0.137977	-0.136263	-0.134641	
-0.310026	-0.23528	-0.18746	-0.159266	-0.143863	-0.136037	-0.132337	-0.130714	-0.130059	-0.129815	-0.129728	-0.1297	-0.12972	-0.129836	-0.130141	-0.13078	-0.131953	-0.133922	-0.13702	
-0.294571	-0.236456	-0.199349	-0.176568	-0.162837	-0.154544	-0.149459	-0.146314	-0.14443	-0.143465	-0.143262	-0.143771	-0.145017	-0.147083	-0.150105	-0.154269	-0.159819	-0.167048	-0.176298	
-0.339177	-0.292033	-0.260154	-0.238482	-0.223446	-0.212779	-0.205139	-0.199772	-0.196266	-0.194404	-0.194082	-0.195276	-0.198022	-0.202407	-0.208567	-0.216681	-0.226966	-0.239668	-0.255045	
-0.4328	-0.394208	-0.36564	-0.34395	-0.327126	-0.313983	-0.303856	-0.296376	-0.29134	-0.288634	-0.288202	-0.290031	-0.294143	-0.30059	-0.309447	-0.320799	-0.334735	-0.351323	-0.370587	
-0.538153	-0.510499	-0.488177	-0.469667	-0.454167	-0.441308	-0.430954	-0.423066	-0.417643	-0.414691	-0.414214	-0.41621	-0.420668	-0.427564	-0.436854	-0.448464	-0.462272	-0.478091	-0.495651	
-0.60931	-0.595194	-0.58277	-0.571551	-0.561451	-0.552585	-0.545132	-0.539271	-0.535149	-0.532867	-0.532479	-0.533993	-0.537369	-0.542518	-0.549295	-0.557493	-0.566837	-0.576967	-0.587436	
-0.623657	-0.623085	-0.621657	-0.619448	-0.616723	-0.613807	-0.611019	-0.60863	-0.606851	-0.605826	-0.605637	-0.606296	-0.60775	-0.609879	-0.612495	-0.615333	-0.618057	-0.620245	-0.621394	
-0.574115	-0.586871	-0.596755	-0.604158	-0.609524	-0.613286	-0.615827	-0.617462	-0.618433	-0.618907	-0.618974	-0.61865	-0.617875	-0.616516	-0.614358	-0.611111	-0.606402	-0.599778	-0.590701	
-0.449942	-0.476189	-0.497974	-0.515759	-0.530026	-0.541224	-0.549751	-0.555935	-0.560029	-0.562209	-0.562571	-0.561133	-0.557829	-0.552516	-0.544972	-0.534895	-0.521908	-0.505564	-0.485352	
-0.249807	-0.287005	-0.319026	-0.346155	-0.368717	-0.387037	-0.401417	-0.412116	-0.419342	-0.423241	-0.423896	-0.421319	-0.415455	-0.406184	-0.39332	-0.376623	-0.355803	-0.330536	-0.300477	
3.14829e-05	-0.0421708	-0.0794581	-0.111845	-0.139406	-0.162252	-0.180503	-0.194279	-0.203683	-0.208791	-0.209646	-0.206256	-0.19859	-0.186585	-0.170147	-0.14916	-0.123502	-0.093054	-0.0577188	
0.259966	0.218636	0.181482	0.148677	0.120335	0.0965257	0.0772846	0.0626261	0.0525516	0.0470574	0.0461401	0.0497989	0.0580369	0.0708585	0.0882654	0.11025	0.136785	0.167819	0.203256	
0.503112	0.465985	0.432208	0.402059	0.375758	0.353474	0.335335	0.321436	0.311843	0.306598	0.305723	0.309222	0.317081	0.329265	0.345718	0.366359	0.391072	0.419706	0.452063	
0.716264	0.685573	0.657187	0.631505	0.608851	0.589483	0.573606	0.561372	0.552895	0.54825	0.547474	0.550576	0.557529	0.568272	0.582709	0.600703	0.622071	0.646577	0.673926	
0.881569	0.860627	0.840481	0.821686	0.804703	0.789908	0.777602	0.768017	0.761326	0.757641	0.757025	0.759488	0.764989	0.773434	0.784677	0.79851	0.81466	0.832782	0.852451	
0.970769	0.96328	0.954792	0.945947	0.937303	0.92933	0.922415	0.916865	0.91291	0.910705	0.910336	0.911814	0.915086	0.920024	0.926427	0.934021	0.942452	0.951282	0.959988	
0.961854	0.969119	0.97386	0.976647	0.978001	0.978383	0.978187	0.977733	0.977269	0.976964	0.97691	0.977125	0.977545	0.978032	0.978369	0.978266	0.977356	0.975206	0.971317	
0.858414	0.877677	0.893645	0.906669	0.917095	0.925253	0.93144	0.935906	0.938851	0.940415	0.940674	0.939642	0.937267	0.933434	0.927966	0.920633	0.911156	0.899216	0.884472	
0.691676	0.717186	0.739469	0.758609	0.774724	0.78795	0.798422	0.806267	0.811591	0.814471	0.814951	0.813038	0.808702	0.801879	0.792475	0.780369	0.765429	0.747516	0.726504	
0.505146	0.530788	0.553837	0.574172	0.591718	0.606436	0.618311	0.627344	0.633545	0.636923	0.637487	0.635237	0.630168	0.62227	0.611534	0.597954	0.581536	0.56231	0.540335	
0.33571	0.357184	0.376885	0.394591	0.410126	0.423347	0.434146	0.442441	0.448177	0.451316	0.45184	0.449746	0.445045	0.437769	0.427963	0.415699	0.401074	0.384216	0.365288	
0.20309	0.218579	0.233016	0.24618	0.257875	0.267939	0.276233	0.282652	0.287113	0.289563	0.289973	0.288336	0.284673	0.279029	0.271472	0.262101	0.251039	0.23844	0.224486	
0.109798	0.119354	0.128371	0.136682	0.144139	0.150608	0.155977	0.160154	0.163069	0.164674	0.164942	0.163869	0.161473	0.157793	0.15289	0.146847	0.13977	0.131782	0.123027	
0.0468831	0.0513303	0.0555611	0.0594897	0.0630364	0.06613	0.068709	0.0707225	0.0721313	0.072908	0.0730378	0.0725182	0.0713591	0.0695829	0.0672241	0.064329	0.0609549	0.0571695	0.0530491	
0	0	0	0	0	0	0	0	0	0	0	0	0	0	0	0	0	0	0	
