0.494566	0.558116	0.550378	0.490447	0.359848	0.168234	-0.0694368	-0.317269	-0.544244	-0.741382	-0.896703	-0.987803	-0.994931	-0.911742	-0.761263	-0.58448	-0.412555	-0.277414	-0.179065	
0.521466	0.557931	0.530467	0.439811	0.291938	0.0775078	-0.163846	-0.406848	-0.622849	-0.803401	-0.940941	-1.002	-0.983091	-0.871235	-0.712305	-0.531016	-0.370984	-0.2472	-0.159403	
0.549735	0.555315	0.504305	0.386888	0.215094	-0.0150229	-0.259138	-0.494388	-0.695562	-0.861892	-0.972738	-1.00758	-0.954793	-0.822631	-0.652697	-0.473289	-0.325247	-0.211404	-0.136713	
0.558029	0.538188	0.459554	0.321306	0.125169	-0.11244	-0.355684	-0.57678	-0.76342	-0.909514	-0.993086	-0.99727	-0.912865	-0.764342	-0.587134	-0.416578	-0.281539	-0.181114	-0.121598	
0.554464	0.505613	0.398823	0.237361	0.0201173	-0.221458	-0.458212	-0.663336	-0.833149	-0.955475	-1.00932	-0.979923	-0.867511	-0.705319	-0.52586	-0.367828	-0.244207	-0.159813	-0.109361	
0.539603	0.463246	0.329625	0.144065	-0.0872538	-0.330133	-0.553296	-0.742962	-0.892062	-0.98812	-1.00924	-0.945238	-0.809852	-0.636088	-0.462235	-0.315382	-0.207172	-0.135994	-0.0942775	
0.505623	0.402022	0.244637	0.0371468	-0.201858	-0.437396	-0.645479	-0.814105	-0.94221	-1.00569	-0.993083	-0.895723	-0.741499	-0.563492	-0.398391	-0.266964	-0.174268	-0.116642	-0.083477	
0.453789	0.321228	0.141722	-0.0826198	-0.322937	-0.544507	-0.733892	-0.88083	-0.981705	-1.01182	-0.961732	-0.837045	-0.667915	-0.493618	-0.339788	-0.227212	-0.14816	-0.104695	-0.0775831	
0.385758	0.226759	0.0242527	-0.211154	-0.444529	-0.650688	-0.816249	-0.942783	-1.00961	-1.00567	-0.918203	-0.771011	-0.595047	-0.427026	-0.290821	-0.192445	-0.130105	-0.0939471	-0.0740641	
0.303002	0.122792	-0.0983398	-0.335704	-0.55527	-0.740994	-0.883616	-0.983098	-1.0156	-0.972727	-0.853825	-0.689156	-0.513672	-0.357254	-0.239381	-0.156049	-0.108715	-0.0785151	-0.0664592	
0.193756	-0.0056192	-0.23627	-0.464398	-0.66413	-0.823438	-0.942426	-1.00728	-1.00355	-0.920702	-0.776793	-0.602883	-0.434284	-0.296295	-0.195503	-0.131873	-0.0944056	-0.0750711	-0.0669359	
0.0706722	-0.147911	-0.380228	-0.593311	-0.76959	-0.903621	-0.994505	-1.0231	-0.979319	-0.861943	-0.699653	-0.524823	-0.369693	-0.250443	-0.168046	-0.119333	-0.0900919	-0.077656	-0.069811	
-0.0587217	-0.287524	-0.510422	-0.702174	-0.852344	-0.961183	-1.0189	-1.00944	-0.925405	-0.781219	-0.608822	-0.441294	-0.303916	-0.203181	-0.139058	-0.100295	-0.0800744	-0.0697013	-0.0645398	
-0.207875	-0.433231	-0.63572	-0.799297	-0.921348	-0.999838	-1.0195	-0.968475	-0.848499	-0.685764	-0.512808	-0.360228	-0.242763	-0.162564	-0.11394	-0.0860392	-0.0731247	-0.0661517	-0.0647959	
-0.367784	-0.578712	-0.754688	-0.888604	-0.981615	-1.02485	-1.003	-0.910814	-0.763003	-0.591382	-0.427419	-0.294307	-0.198056	-0.137126	-0.101176	-0.0830492	-0.0743001	-0.0711573	-0.070816	
-0.522249	-0.710062	-0.856603	-0.961842	-1.02333	-1.02736	-0.962834	-0.83528	-0.67027	-0.500474	-0.353204	-0.241643	-0.166536	-0.121233	-0.0960911	-0.0840922	-0.0783164	-0.0768107	-0.0761072	
-0.658439	-0.816961	-0.933628	-1.00956	-1.03535	-0.997223	-0.892954	-0.740054	-0.569849	-0.412067	-0.286231	-0.19696	-0.140627	-0.107791	-0.0906967	-0.082047	-0.0781261	-0.0762439	-0.0750987	
-0.777206	-0.901643	-0.986605	-1.02787	-1.0118	-0.930244	-0.792944	-0.626582	-0.462513	-0.324157	-0.221711	-0.153801	-0.113123	-0.0906435	-0.0793858	-0.073874	-0.0717096	-0.0707571	-0.0709353	
-0.889446	-0.979811	-1.03029	-1.03016	-0.967954	-0.846339	-0.686431	-0.518794	-0.369994	-0.254897	-0.175584	-0.126549	-0.0989343	-0.0850691	-0.0789129	-0.0770361	-0.077332	-0.0788321	-0.0811891	
-0.978281	-1.0384	-1.05289	-1.00929	-0.904875	-0.754874	-0.587463	-0.431201	-0.304752	-0.214214	-0.155989	-0.122184	-0.104391	-0.0961874	-0.0930757	-0.0926806	-0.0934416	-0.0948417	-0.0963269	
-1.02675	-1.05392	-1.02783	-0.941669	-0.804921	-0.642277	-0.482619	-0.347734	-0.247275	-0.180211	-0.139665	-0.117234	-0.105866	-0.100534	-0.0982382	-0.0972775	-0.0967989	-0.0964123	-0.0958686	
-1.0464	-1.03171	-0.959848	-0.835315	-0.678642	-0.517763	-0.376425	-0.267342	-0.192104	-0.145107	-0.118268	-0.104085	-0.0970851	-0.0937392	-0.092138	-0.0912491	-0.0906844	-0.0902473	-0.0899674	
-1.04395	-0.981384	-0.866018	-0.714426	-0.55279	-0.405808	-0.28868	-0.205412	-0.151923	-0.120581	-0.103706	-0.0953338	-0.0915242	-0.0900073	-0.0896135	-0.0898165	-0.090442	-0.0914656	-0.0929801	
-1.01606	-0.90763	-0.760291	-0.59819	-0.446259	-0.321548	-0.230267	-0.169925	-0.133562	-0.11349	-0.103373	-0.0988657	-0.097347	-0.0974331	-0.0984557	-0.100163	-0.10248	-0.105432	-0.109065	
-0.955993	-0.815005	-0.655036	-0.50074	-0.370481	-0.272408	-0.205655	-0.164165	-0.140465	-0.128037	-0.122204	-0.120045	-0.119929	-0.121034	-0.12297	-0.125565	-0.128725	-0.132375	-0.136412	
-0.847349	-0.694809	-0.54379	-0.413198	-0.312593	-0.242568	-0.198046	-0.171965	-0.157813	-0.150725	-0.147562	-0.146506	-0.146595	-0.147334	-0.148463	-0.149808	-0.151217	-0.152526	-0.153548	
-0.695141	-0.54888	-0.420634	-0.320528	-0.250074	-0.204937	-0.178422	-0.164053	-0.15683	-0.153433	-0.151904	-0.151186	-0.150742	-0.1503	-0.149709	-0.148861	-0.147672	-0.14607	-0.14401	
-0.542086	-0.412488	-0.310406	-0.237811	-0.190858	-0.163108	-0.14809	-0.140649	-0.137268	-0.135818	-0.135134	-0.134634	-0.13405	-0.133275	-0.132281	-0.131088	-0.129756	-0.128391	-0.127153	
-0.428639	-0.320913	-0.24287	-0.191078	-0.159396	-0.141437	-0.131964	-0.127299	-0.125148	-0.124218	-0.123846	-0.123726	-0.123747	-0.123908	-0.124268	-0.124943	-0.126095	-0.127938	-0.130745	
-0.373426	-0.287585	-0.228504	-0.190402	-0.167095	-0.153378	-0.145495	-0.141034	-0.138585	-0.137391	-0.137082	-0.137506	-0.138638	-0.14053	-0.143295	-0.147095	-0.152142	-0.158697	-0.167067	
-0.386131	-0.318502	-0.272159	-0.241357	-0.22113	-0.207807	-0.198962	-0.193128	-0.189479	-0.187582	-0.187231	-0.188352	-0.190957	-0.195115	-0.200946	-0.20861	-0.218303	-0.230243	-0.244665	
-0.456052	-0.40453	-0.367872	-0.341702	-0.322733	-0.308772	-0.298479	-0.291092	-0.286198	-0.283586	-0.283157	-0.284877	-0.288753	-0.294824	-0.303147	-0.313789	-0.326816	-0.342272	-0.360167	
-0.541841	-0.506969	-0.480899	-0.460897	-0.44518	-0.432706	-0.422931	-0.415595	-0.41059	-0.407872	-0.407425	-0.409239	-0.413298	-0.419576	-0.428026	-0.438574	-0.451107	-0.465456	-0.481385	
-0.600974	-0.582407	-0.567926	-0.556103	-0.546178	-0.537827	-0.530973	-0.525652	-0.521933	-0.519879	-0.519527	-0.520879	-0.523902	-0.528517	-0.534603	-0.541985	-0.550432	-0.559647	-0.569259	
-0.613234	-0.6093	-0.606063	-0.602994	-0.599951	-0.597005	-0.594319	-0.592072	-0.590418	-0.589473	-0.589299	-0.589906	-0.59125	-0.593227	-0.595679	-0.598381	-0.601046	-0.603315	-0.604753	
-0.566013	-0.57609	-0.58427	-0.590588	-0.59526	-0.598581	-0.600844	-0.60231	-0.603185	-0.603613	-0.603675	-0.603383	-0.602684	-0.601459	-0.599516	-0.596597	-0.592369	-0.586424	-0.578279	
-0.443949	-0.467632	-0.48757	-0.50401	-0.517291	-0.52777	-0.535781	-0.541609	-0.545476	-0.547538	-0.547881	-0.54652	-0.543396	-0.538382	-0.531279	-0.521816	-0.509659	-0.494409	-0.475614	
-0.247745	-0.2818	-0.311303	-0.336422	-0.357393	-0.374475	-0.387918	-0.397942	-0.404722	-0.408384	-0.408998	-0.406576	-0.40107	-0.392376	-0.380336	-0.364743	-0.34535	-0.32188	-0.294042	
-0.00569456	-0.0443026	-0.0784851	-0.108227	-0.133576	-0.154618	-0.171449	-0.184168	-0.192857	-0.197579	-0.198369	-0.195234	-0.188148	-0.17706	-0.161891	-0.14255	-0.118932	-0.0909406	-0.0584926	
0.245716	0.207638	0.173443	0.143276	0.117229	0.0953542	0.0776799	0.0642158	0.0549622	0.0499156	0.0490729	0.0524338	0.0600007	0.0717775	0.0877663	0.107962	0.132347	0.160881	0.193496	
0.483703	0.448993	0.417491	0.389431	0.364993	0.344316	0.327504	0.314631	0.305751	0.300898	0.300088	0.303325	0.310598	0.321879	0.337124	0.356266	0.379215	0.405848	0.436003	
0.695081	0.666063	0.639286	0.615107	0.593812	0.57563	0.56074	0.549276	0.541336	0.536986	0.536261	0.539164	0.545675	0.55574	0.569274	0.586159	0.606233	0.629291	0.655069	
0.859142	0.839261	0.820187	0.802426	0.786399	0.772451	0.760857	0.751831	0.745531	0.742063	0.741484	0.743802	0.74898	0.756932	0.767522	0.78056	0.795794	0.812909	0.831515	
0.945868	0.938572	0.930406	0.921955	0.913728	0.906157	0.8996	0.894342	0.890596	0.888509	0.888159	0.889559	0.892658	0.897335	0.903405	0.910612	0.918627	0.927049	0.935398	
0.933362	0.939464	0.943296	0.945384	0.946206	0.946191	0.945706	0.94505	0.944455	0.944082	0.944018	0.944277	0.944802	0.945461	0.946051	0.946298	0.945863	0.94434	0.94127	
0.824559	0.840891	0.854265	0.865026	0.873517	0.880061	0.884951	0.888432	0.890701	0.891896	0.892094	0.891308	0.889485	0.886513	0.882218	0.876372	0.868701	0.858892	0.846608	
0.646617	0.667096	0.684725	0.699649	0.712037	0.722068	0.729914	0.735731	0.739648	0.741755	0.742106	0.740709	0.737528	0.732488	0.725474	0.71634	0.704919	0.691033	0.674507	
0.435047	0.453038	0.468884	0.482592	0.494205	0.503784	0.5114	0.517124	0.521016	0.523125	0.523476	0.522075	0.518903	0.513921	0.507072	0.498289	0.487499	0.474636	0.459649	
0.216278	0.226624	0.235841	0.243901	0.250796	0.256532	0.261128	0.264602	0.266976	0.268265	0.26848	0.267622	0.265685	0.262654	0.258511	0.253234	0.246805	0.239211	0.230454	
0	0	0	0	0	0	0	0	0	0	0	0	0	0	0	0	0	0	0	
