0	0	0	0	0	0	0	0	0	0	0	0	0	0	0	0	0	0	0	0	0	
-0.00152149	-0.0093461	-0.0111018	-0.00523059	0.00411268	0.00962562	0.013645	0.0141775	0.00921398	0.00337603	-0.00130659	-0.0030347	0.00109446	0.0133987	0.0267841	0.0290597	0.0230945	0.0158534	0.00659943	-0.000216018	0	
-0.00760222	-0.0203885	-0.0181364	-0.00599883	0.00661311	0.0166857	0.0280651	0.028069	0.0162329	0.00656957	-0.00114972	-0.00586406	0.00171554	0.0270388	0.0540554	0.0589178	0.0473547	0.0325085	0.0139353	0.000446153	0	
-0.00658803	-0.0269368	-0.0304865	-0.0135449	0.0116154	0.0275665	0.0397467	0.0407336	0.0255166	0.00800993	-0.00481396	-0.0083929	0.00543538	0.0423211	0.0811583	0.0894703	0.0736108	0.0509575	0.0231542	0.00300895	0	
-0.0129809	-0.038481	-0.0370002	-0.0114429	0.0159255	0.0342369	0.0510663	0.0506069	0.0303371	0.010197	-0.00543749	-0.0112575	0.00830209	0.059043	0.109908	0.121928	0.102708	0.0719476	0.0348609	0.00788167	0	
-0.0149615	-0.0424615	-0.0439453	-0.0164575	0.0186489	0.0426887	0.0610055	0.0608933	0.036407	0.00776961	-0.0111186	-0.0121066	0.0164376	0.0776469	0.138228	0.156411	0.135818	0.0963496	0.0499601	0.0157544	0	
-0.0179959	-0.0509216	-0.0515447	-0.0155834	0.0254823	0.0514403	0.0672935	0.0636984	0.0381052	0.00802306	-0.0137787	-0.0142261	0.0240226	0.0991575	0.169792	0.193576	0.172125	0.124837	0.0696178	0.0267948	0	
-0.0235605	-0.0545649	-0.0518445	-0.0147501	0.0265738	0.0558276	0.073313	0.068636	0.0390468	0.00258536	-0.020644	-0.013273	0.0378665	0.122913	0.201115	0.233533	0.213765	0.158605	0.093817	0.0405615	0	
-0.0262573	-0.0568414	-0.0545983	-0.0160613	0.0308868	0.0641222	0.0757338	0.0651829	0.0354827	-0.00143346	-0.0249884	-0.0116251	0.0523456	0.149171	0.236652	0.277528	0.258701	0.197195	0.123884	0.0577917	0	
-0.0306332	-0.0585586	-0.0525459	-0.0129817	0.0326802	0.0668785	0.0757754	0.0603298	0.0292793	-0.00745458	-0.0300452	-0.0082751	0.0712522	0.179342	0.274317	0.323968	0.308325	0.242549	0.159439	0.0769431	0	
-0.0364325	-0.0569518	-0.0462338	-0.0121262	0.0316791	0.0683052	0.0731696	0.0527203	0.0205087	-0.0163426	-0.0350125	-0.000421934	0.0942317	0.211179	0.314876	0.374916	0.362512	0.29328	0.200232	0.0988506	0	
-0.0384219	-0.0522018	-0.042191	-0.0121096	0.0313539	0.0690831	0.0684055	0.038676	0.00514627	-0.0237687	-0.0340788	0.00961185	0.117205	0.246744	0.361308	0.429145	0.419666	0.349694	0.246374	0.123072	0	
-0.0436428	-0.0480101	-0.0325601	-0.00870586	0.0276778	0.0618629	0.0577929	0.0252107	-0.00798417	-0.0333789	-0.0355604	0.0236079	0.147251	0.286673	0.409233	0.485536	0.482186	0.412043	0.295845	0.148649	0	
-0.044558	-0.0397542	-0.02583	-0.00905723	0.0225698	0.0535996	0.0466183	0.00779309	-0.0285351	-0.0440073	-0.028272	0.0448761	0.176956	0.327183	0.462717	0.547376	0.548098	0.47673	0.347998	0.177294	0	
-0.0454626	-0.030112	-0.0175757	-0.00857892	0.0143601	0.0392613	0.0295802	-0.0123704	-0.0465687	-0.0505476	-0.0197113	0.0667542	0.211356	0.375073	0.519705	0.60975	0.617166	0.545104	0.401705	0.207035	0	
-0.0414466	-0.0242195	-0.0153424	-0.00839624	0.00732337	0.0206732	0.00714836	-0.0326919	-0.064135	-0.058675	-0.00735167	0.0977035	0.251356	0.423584	0.577641	0.6766	0.690865	0.613653	0.45431	0.237961	0	
-0.0383447	-0.0140835	-0.00866099	-0.0103783	-0.00831624	-0.00368965	-0.0165194	-0.0545889	-0.0814234	-0.0609631	0.011757	0.13109	0.293093	0.476857	0.640567	0.746163	0.764714	0.680506	0.506189	0.269885	0	
-0.0285375	-0.00990631	-0.0126588	-0.0179983	-0.022136	-0.0266353	-0.045807	-0.0795791	-0.0934189	-0.0581789	0.032482	0.16907	0.342812	0.534468	0.703646	0.81657	0.839551	0.746039	0.555247	0.299447	0	
-0.0220666	-0.00617239	-0.0143289	-0.0259519	-0.0395768	-0.0563034	-0.0804729	-0.102656	-0.0994503	-0.0499804	0.0584371	0.212672	0.396666	0.593828	0.769195	0.889553	0.912497	0.80699	0.600517	0.326247	0	
-0.0128451	-0.00565334	-0.0200353	-0.0406975	-0.0653633	-0.087666	-0.110678	-0.12346	-0.103387	-0.0347786	0.090752	0.259364	0.454417	0.657956	0.837981	0.961391	0.980024	0.863243	0.64192	0.348589	0	
-0.00725545	-0.00579834	-0.0311683	-0.0656987	-0.0904922	-0.113492	-0.144054	-0.146257	-0.0989972	-0.0106326	0.126808	0.310735	0.518072	0.724868	0.907159	1.03092	1.04229	0.914251	0.677168	0.364375	0	
-0.00576675	-0.0114735	-0.0458708	-0.087086	-0.117621	-0.149759	-0.176226	-0.158365	-0.0893413	0.0187102	0.172268	0.366978	0.581444	0.794394	0.979993	1.09705	1.09586	0.957417	0.705643	0.374876	0	
-0.00376321	-0.0159974	-0.0632568	-0.118761	-0.156626	-0.183764	-0.195693	-0.163054	-0.0752137	0.0543349	0.221777	0.42651	0.650748	0.868464	1.05052	1.15589	1.14186	0.992311	0.725571	0.380519	0	
-0.011065	-0.0314585	-0.0882837	-0.151444	-0.191181	-0.211338	-0.211317	-0.165327	-0.0569562	0.097095	0.282091	0.493719	0.719469	0.939979	1.11958	1.21063	1.17932	1.01522	0.735866	0.383173	0	
-0.0210197	-0.0462421	-0.113833	-0.18319	-0.227632	-0.245646	-0.224854	-0.151208	-0.0234076	0.14512	0.343036	0.561402	0.791658	1.01549	1.18473	1.25516	1.2065	1.02721	0.737303	0.383073	0	
-0.03355	-0.0726067	-0.14546	-0.217249	-0.268141	-0.271396	-0.219581	-0.127219	0.0103657	0.194534	0.409601	0.637477	0.869538	1.08604	1.23857	1.29229	1.22666	1.027	0.728843	0.380467	0	
-0.058921	-0.104995	-0.177105	-0.252995	-0.299548	-0.284685	-0.214032	-0.100544	0.0573167	0.253511	0.479591	0.716728	0.946055	1.14942	1.28664	1.32311	1.23406	1.01405	0.714098	0.375481	0	
-0.0896645	-0.138402	-0.212741	-0.288391	-0.322094	-0.291568	-0.203048	-0.062502	0.115791	0.318556	0.550239	0.79383	1.02158	1.21177	1.32733	1.33857	1.22758	0.996181	0.695344	0.363102	0	
-0.122487	-0.175487	-0.253851	-0.321456	-0.335843	-0.289265	-0.180308	-0.0127671	0.179802	0.383979	0.621363	0.874663	1.09805	1.26493	1.35336	1.34177	1.21315	0.97345	0.670991	0.344552	0	
-0.158313	-0.220076	-0.296861	-0.348323	-0.339539	-0.271812	-0.144187	0.0372763	0.241232	0.458924	0.704414	0.952504	1.15945	1.30658	1.37417	1.33639	1.18639	0.942725	0.64442	0.325769	0	
-0.202629	-0.26527	-0.334426	-0.367714	-0.335548	-0.244851	-0.0988011	0.0921511	0.309387	0.542731	0.785469	1.01782	1.21299	1.34547	1.38386	1.31429	1.15123	0.910757	0.616293	0.305538	0	
-0.246789	-0.308947	-0.369344	-0.381494	-0.324207	-0.205073	-0.0433583	0.150774	0.381429	0.626077	0.861353	1.08093	1.26162	1.3676	1.37439	1.28596	1.11696	0.873557	0.583802	0.288586	0	
-0.29856	-0.354955	-0.397175	-0.387188	-0.305536	-0.160227	0.016714	0.220703	0.45725	0.699792	0.933616	1.14304	1.29415	1.36842	1.35639	1.25768	1.07777	0.828185	0.55235	0.279709	0	
-0.360463	-0.401258	-0.420722	-0.386317	-0.276769	-0.110573	0.0803373	0.294546	0.527939	0.768193	1.00363	1.19232	1.30809	1.35781	1.3307	1.22072	1.03457	0.786634	0.524425	0.269392	0	
-0.436744	-0.446948	-0.436328	-0.374523	-0.245403	-0.0682355	0.140559	0.368114	0.600032	0.836001	1.05726	1.21887	1.30998	1.33841	1.29321	1.17604	0.992701	0.752629	0.499178	0.254129	0	
-0.516013	-0.494468	-0.456082	-0.367275	-0.218927	-0.0261133	0.198557	0.436557	0.671365	0.89161	1.08373	1.22656	1.30191	1.3068	1.24675	1.12787	0.950949	0.72439	0.478785	0.237675	0	
-0.611799	-0.558417	-0.480822	-0.360383	-0.192985	0.0141252	0.246731	0.490359	0.725206	0.926477	1.09369	1.21824	1.27328	1.26084	1.19484	1.07753	0.912202	0.702085	0.461355	0.221934	0	
-0.70947	-0.620376	-0.507552	-0.363246	-0.176209	0.0430065	0.275969	0.521289	0.756911	0.945734	1.08709	1.18088	1.21698	1.20247	1.14052	1.03209	0.878276	0.675357	0.44466	0.217961	0	
-0.795454	-0.682901	-0.545466	-0.380077	-0.176766	0.0536509	0.293389	0.535601	0.759521	0.933976	1.04926	1.11226	1.13949	1.135	1.08549	0.989492	0.841194	0.642733	0.433966	0.227073	0	
-0.860568	-0.736137	-0.587757	-0.407962	-0.18807	0.0566292	0.297764	0.52239	0.722399	0.877042	0.974208	1.02515	1.05113	1.0527	1.01642	0.938432	0.806941	0.623518	0.425203	0.222812	0	
-0.889158	-0.764461	-0.613484	-0.425216	-0.200423	0.0441757	0.277357	0.479362	0.648158	0.779987	0.87007	0.91854	0.939839	0.947799	0.934458	0.883352	0.778191	0.613329	0.410928	0.202401	0	
-0.860526	-0.739042	-0.600732	-0.426893	-0.21178	0.0231518	0.238474	0.4162	0.554767	0.654555	0.726104	0.774938	0.807343	0.834202	0.847685	0.824046	0.740141	0.589857	0.396143	0.193907	0	
-0.768344	-0.659729	-0.544053	-0.391187	-0.195266	0.0147864	0.199635	0.34281	0.441201	0.502781	0.553109	0.60676	0.662824	0.715537	0.752864	0.752932	0.686721	0.552768	0.383476	0.198474	0	
-0.620154	-0.51831	-0.418276	-0.294122	-0.133939	0.0353712	0.170045	0.261661	0.320492	0.351953	0.378066	0.429075	0.509135	0.589962	0.647557	0.668816	0.627176	0.515945	0.364597	0.19141	0	
-0.414536	-0.318694	-0.231765	-0.13591	-0.0210015	0.0919564	0.166305	0.200089	0.213769	0.217892	0.226521	0.267075	0.353071	0.457516	0.543345	0.587284	0.566345	0.475645	0.336846	0.173111	0	
-0.17412	-0.0839826	-0.00123171	0.0712976	0.137821	0.190576	0.201711	0.175229	0.14311	0.120944	0.113324	0.140308	0.221885	0.339889	0.451918	0.518063	0.510413	0.4322	0.306568	0.156137	0	
0.0831762	0.166111	0.240767	0.296224	0.3264	0.324537	0.277962	0.20011	0.123058	0.0692796	0.0491808	0.0732966	0.148997	0.262968	0.385559	0.47053	0.474393	0.401286	0.283079	0.143679	0	
0.334146	0.405317	0.469869	0.513095	0.518057	0.476301	0.383467	0.263521	0.154759	0.0791483	0.0461923	0.0693554	0.149328	0.25978	0.373694	0.456392	0.466107	0.400318	0.284916	0.144487	0	
0.564922	0.627769	0.674321	0.696313	0.681943	0.617748	0.498118	0.354173	0.229499	0.14516	0.109022	0.136841	0.225349	0.33583	0.436486	0.50204	0.504161	0.440675	0.322856	0.16705	0	
0.77098	0.820953	0.842883	0.836725	0.800409	0.725317	0.60157	0.455207	0.334285	0.261931	0.2358	0.26696	0.359458	0.477738	0.580739	0.634114	0.615238	0.530919	0.389387	0.20247	0	
