0	0	0	0	0	0	0	0	0	0	0	0	0	0	0	0	0	0	0	0	
0.0323265	-0.00314239	-0.0361372	-0.0649175	-0.0879736	-0.10638	-0.119761	-0.131637	-0.147709	-0.167699	-0.188313	-0.211639	-0.235911	-0.258041	-0.278092	-0.296237	-0.303702	-0.295803	-0.273136	-0.236218	
0.0621461	-0.00638678	-0.0687601	-0.12903	-0.173808	-0.209767	-0.234924	-0.258685	-0.288915	-0.326229	-0.360437	-0.399515	-0.442965	-0.481773	-0.513318	-0.542157	-0.554219	-0.537609	-0.492895	-0.4211	
0.0813303	-0.0153543	-0.107213	-0.189129	-0.254835	-0.306682	-0.342397	-0.371548	-0.409462	-0.454685	-0.497626	-0.545016	-0.593077	-0.634449	-0.670454	-0.704482	-0.713531	-0.685307	-0.621538	-0.5247	
0.0794727	-0.0396425	-0.150207	-0.25467	-0.331409	-0.390069	-0.426737	-0.456443	-0.493848	-0.540405	-0.578816	-0.621441	-0.669087	-0.708905	-0.739137	-0.768119	-0.774183	-0.737421	-0.659383	-0.543232	
0.0315831	-0.103757	-0.229925	-0.339092	-0.419382	-0.474204	-0.500411	-0.513843	-0.537959	-0.570804	-0.598323	-0.63149	-0.666867	-0.69514	-0.718471	-0.746029	-0.747076	-0.70374	-0.61805	-0.496295	
-0.0772207	-0.225069	-0.357319	-0.468207	-0.536115	-0.571695	-0.573215	-0.560261	-0.555373	-0.563757	-0.567826	-0.579316	-0.6006	-0.619525	-0.636104	-0.657854	-0.660248	-0.618764	-0.534068	-0.413284	
-0.248196	-0.405055	-0.540379	-0.642201	-0.695605	-0.704339	-0.668983	-0.613209	-0.569703	-0.540415	-0.512092	-0.497829	-0.497367	-0.501162	-0.509538	-0.53355	-0.540732	-0.506367	-0.42972	-0.320381	
-0.450363	-0.614004	-0.75142	-0.844227	-0.874602	-0.851477	-0.779272	-0.682103	-0.590549	-0.516664	-0.450992	-0.402607	-0.375814	-0.363327	-0.366702	-0.389086	-0.404592	-0.385426	-0.326822	-0.238704	
-0.642749	-0.808206	-0.942375	-1.02541	-1.04215	-0.99259	-0.883093	-0.742146	-0.608872	-0.492904	-0.387906	-0.305063	-0.250739	-0.219638	-0.212109	-0.235739	-0.263433	-0.263804	-0.229647	-0.169876	
-0.793877	-0.957774	-1.09124	-1.16466	-1.16321	-1.08897	-0.953251	-0.782198	-0.610162	-0.45443	-0.316881	-0.203723	-0.121446	-0.0711293	-0.0572532	-0.0808191	-0.118303	-0.140793	-0.13672	-0.114106	
-0.892061	-1.05123	-1.17789	-1.2439	-1.23428	-1.14346	-0.983875	-0.784522	-0.583715	-0.399473	-0.236275	-0.0982032	0.00317705	0.0660409	0.085511	0.0608376	0.00969321	-0.0354816	-0.060399	-0.0707117	
-0.939671	-1.09595	-1.22261	-1.28336	-1.26486	-1.15875	-0.983191	-0.765671	-0.541433	-0.33206	-0.149295	0.00258119	0.116588	0.184873	0.201462	0.167911	0.103483	0.0381108	-0.0125607	-0.0499491	
-0.935917	-1.09027	-1.21469	-1.27656	-1.25586	-1.14227	-0.954905	-0.723194	-0.480143	-0.252508	-0.0596508	0.099762	0.214361	0.277482	0.279856	0.23099	0.147205	0.0592914	-0.0113831	-0.0650239	
-0.882069	-1.03455	-1.16079	-1.22206	-1.20272	-1.08527	-0.890865	-0.649126	-0.395175	-0.158109	0.0420437	0.19868	0.305715	0.352655	0.33446	0.261101	0.153143	0.0450923	-0.0433091	-0.102969	
-0.781368	-0.93049	-1.05248	-1.11675	-1.09502	-0.972192	-0.773532	-0.530756	-0.271432	-0.0274062	0.168191	0.313622	0.402961	0.429217	0.382102	0.280636	0.150535	0.0223676	-0.0780661	-0.141278	
-0.640078	-0.784393	-0.90292	-0.961006	-0.936744	-0.813334	-0.611018	-0.362801	-0.102004	0.134656	0.321838	0.448623	0.514333	0.512081	0.438236	0.312236	0.161655	0.0215259	-0.0867911	-0.146377	
-0.454293	-0.598341	-0.714137	-0.774509	-0.748657	-0.618345	-0.41257	-0.169072	0.0845787	0.316636	0.489808	0.593505	0.632245	0.604914	0.505243	0.357769	0.197575	0.0527081	-0.0568099	-0.113912	
-0.223846	-0.369395	-0.488519	-0.552271	-0.530286	-0.411482	-0.215404	0.022178	0.268635	0.486292	0.644852	0.72818	0.743933	0.694493	0.578672	0.419213	0.252007	0.105182	-0.00400785	-0.0576175	
0.0457812	-0.103586	-0.232546	-0.311065	-0.309928	-0.209978	-0.0322172	0.182689	0.404753	0.605265	0.751203	0.82152	0.826234	0.768761	0.645571	0.481612	0.314839	0.169911	0.0588941	0.00233442	
0.319084	0.168306	0.0298217	-0.0671489	-0.0918122	-0.0276473	0.108908	0.287937	0.479269	0.658361	0.79166	0.855975	0.858268	0.803614	0.690304	0.533882	0.371638	0.226535	0.113583	0.053042	
0.57112	0.417706	0.264045	0.143637	0.0839766	0.102836	0.195983	0.332467	0.486051	0.636263	0.755671	0.819682	0.83075	0.789876	0.689403	0.547984	0.398177	0.263123	0.153693	0.0901857	
0.772723	0.61051	0.43779	0.291808	0.192195	0.168448	0.213885	0.307956	0.424979	0.555724	0.668696	0.736279	0.754661	0.72336	0.641949	0.520077	0.387759	0.26664	0.170834	0.116504	
0.914647	0.735098	0.535906	0.353839	0.215727	0.146359	0.14985	0.211658	0.31018	0.43032	0.539714	0.61694	0.647538	0.630349	0.560746	0.456664	0.343028	0.244915	0.172352	0.133582	
0.989893	0.784246	0.549944	0.33279	0.151482	0.0417746	0.0137513	0.0536481	0.140172	0.259868	0.381283	0.475605	0.523758	0.51832	0.464819	0.380391	0.289187	0.213398	0.164305	0.142577	
1.00224	0.763782	0.495734	0.239291	0.0211362	-0.118111	-0.17375	-0.150619	-0.0646351	0.0643924	0.197269	0.314386	0.385942	0.403798	0.372449	0.314804	0.245968	0.190249	0.15786	0.144977	
0.971992	0.700419	0.398101	0.109039	-0.134735	-0.300262	-0.373017	-0.35864	-0.271405	-0.137865	0.0100872	0.149186	0.25075	0.300059	0.299286	0.268763	0.224047	0.184774	0.159151	0.14151	
0.908887	0.605634	0.278341	-0.0327418	-0.296129	-0.472513	-0.554533	-0.549128	-0.461939	-0.32132	-0.15848	0.00672686	0.143601	0.226807	0.25727	0.258092	0.235929	0.204349	0.175065	0.14696	
0.815524	0.494146	0.153396	-0.169206	-0.436487	-0.617106	-0.708838	-0.708952	-0.62071	-0.471526	-0.290736	-0.100269	0.0703845	0.192736	0.256852	0.277673	0.266558	0.239895	0.207731	0.169179	
0.705742	0.374778	0.0323008	-0.28921	-0.552977	-0.734787	-0.826972	-0.830964	-0.743073	-0.586878	-0.387619	-0.171071	0.0357125	0.190119	0.273606	0.307979	0.308905	0.285962	0.247622	0.202204	
0.60396	0.27279	-0.0667329	-0.379433	-0.636268	-0.810251	-0.901637	-0.905571	-0.815836	-0.647585	-0.430204	-0.195896	0.0300487	0.203015	0.303527	0.345577	0.349832	0.326815	0.289072	0.24073	
0.533164	0.207826	-0.123493	-0.428347	-0.677115	-0.84407	-0.928234	-0.922577	-0.825978	-0.645308	-0.417007	-0.173513	0.0596263	0.242691	0.345742	0.386492	0.391512	0.373327	0.333284	0.279936	
0.492735	0.180906	-0.142484	-0.437006	-0.67672	-0.836548	-0.909127	-0.89353	-0.788832	-0.599132	-0.363976	-0.11935	0.11459	0.297242	0.40177	0.442527	0.447755	0.425874	0.38258	0.327647	
0.46499	0.169598	-0.135391	-0.41264	-0.641	-0.78685	-0.845519	-0.821008	-0.717086	-0.530554	-0.301173	-0.0577101	0.17188	0.356814	0.468272	0.511749	0.510746	0.483674	0.441298	0.388037	
0.441418	0.1676	-0.115294	-0.369012	-0.571995	-0.697705	-0.743245	-0.718053	-0.622825	-0.453505	-0.241747	-0.0123162	0.210318	0.399321	0.51776	0.566139	0.566259	0.544045	0.506501	0.46084	
0.41932	0.162916	-0.0932306	-0.317962	-0.494263	-0.598226	-0.627737	-0.600771	-0.517686	-0.37526	-0.190109	0.0231288	0.235431	0.416744	0.539386	0.600273	0.612942	0.602147	0.582292	0.554819	
0.387943	0.15258	-0.0751794	-0.271751	-0.420252	-0.504214	-0.52731	-0.50699	-0.436671	-0.317369	-0.152011	0.0422751	0.235411	0.40572	0.530599	0.603221	0.633296	0.64906	0.659502	0.65155	
0.324514	0.121813	-0.0710944	-0.23886	-0.370789	-0.448364	-0.476939	-0.464105	-0.405665	-0.304555	-0.159733	0.0141744	0.19512	0.358953	0.486304	0.576019	0.633532	0.677609	0.709457	0.723314	
0.230915	0.0638105	-0.0995082	-0.246032	-0.362468	-0.435798	-0.473246	-0.472386	-0.429943	-0.351754	-0.230981	-0.0755582	0.0989319	0.263341	0.405134	0.520002	0.605055	0.667794	0.715622	0.745531	
0.107081	-0.0302203	-0.167333	-0.293467	-0.401737	-0.477038	-0.522274	-0.530569	-0.509397	-0.452671	-0.356564	-0.222392	-0.0571093	0.11703	0.280048	0.419563	0.530155	0.610666	0.669141	0.707956	
-0.0302203	-0.141572	-0.265674	-0.388603	-0.495499	-0.570952	-0.619448	-0.640532	-0.635197	-0.595456	-0.52517	-0.412807	-0.250255	-0.0643862	0.109473	0.265489	0.396759	0.49646	0.567374	0.620086	
-0.167333	-0.265674	-0.388083	-0.508152	-0.615578	-0.694637	-0.750001	-0.780743	-0.79234	-0.768723	-0.712403	-0.605887	-0.446809	-0.265021	-0.0901389	0.0697677	0.211668	0.32697	0.415068	0.484686	
-0.293467	-0.388603	-0.508152	-0.631204	-0.74162	-0.829061	-0.890156	-0.938186	-0.963055	-0.943115	-0.887737	-0.787828	-0.644684	-0.470543	-0.302626	-0.147984	-0.00414921	0.12362	0.227302	0.308821	
-0.401737	-0.495499	-0.615578	-0.74162	-0.861628	-0.958474	-1.02693	-1.08374	-1.10659	-1.08854	-1.03505	-0.947284	-0.819521	-0.661941	-0.505753	-0.358434	-0.218453	-0.0840107	0.0291745	0.126169	
-0.477038	-0.570952	-0.694637	-0.829061	-0.958474	-1.05796	-1.13195	-1.18631	-1.2051	-1.19042	-1.14011	-1.06307	-0.957432	-0.825709	-0.684244	-0.548656	-0.414933	-0.277022	-0.151533	-0.0413055	
-0.522274	-0.619448	-0.750001	-0.890156	-1.02693	-1.13195	-1.2061	-1.24342	-1.2556	-1.24117	-1.19539	-1.1349	-1.05651	-0.949449	-0.821906	-0.698013	-0.570312	-0.430969	-0.294367	-0.170068	
-0.530569	-0.640532	-0.780743	-0.938186	-1.08374	-1.18631	-1.24342	-1.26365	-1.26883	-1.25406	-1.22219	-1.17778	-1.11616	-1.02631	-0.920413	-0.809714	-0.683847	-0.539547	-0.389126	-0.256779	
-0.509397	-0.635197	-0.79234	-0.963055	-1.10659	-1.2051	-1.2556	-1.26883	-1.26733	-1.25772	-1.23198	-1.19322	-1.14344	-1.07964	-0.996325	-0.890539	-0.761969	-0.613131	-0.46087	-0.324722	
-0.452671	-0.595456	-0.768723	-0.943115	-1.08854	-1.19042	-1.24117	-1.25406	-1.25772	-1.24861	-1.22814	-1.1993	-1.16339	-1.11191	-1.03856	-0.940654	-0.818555	-0.679042	-0.531709	-0.386291	
-0.356564	-0.52517	-0.712403	-0.887737	-1.03505	-1.14011	-1.19539	-1.22219	-1.23198	-1.22814	-1.22002	-1.20222	-1.16976	-1.11916	-1.05418	-0.96814	-0.863564	-0.736443	-0.594937	-0.437765	
