-0.712747	-0.695127	-0.665134	-0.616227	-0.554452	-0.481004	-0.399166	-0.313928	-0.236601	-0.162939	-0.0915553	-0.0399604	-0.00499811	0.0215525	0.040946	0.0522408	0.0513881	0.0446033	0.0358831	0.0202982	0	
-0.84407	-0.833079	-0.807905	-0.769442	-0.706726	-0.619699	-0.529481	-0.438278	-0.351718	-0.277252	-0.215629	-0.16635	-0.133108	-0.113363	-0.090102	-0.0660983	-0.0531061	-0.0411236	-0.0224427	-0.0073833	0	
-0.94509	-0.942113	-0.917908	-0.87836	-0.814931	-0.730458	-0.651665	-0.571895	-0.486596	-0.415279	-0.366863	-0.32482	-0.285959	-0.261903	-0.239065	-0.205244	-0.174252	-0.141648	-0.0947352	-0.0464453	0	
-0.999381	-0.99599	-0.974802	-0.938474	-0.880174	-0.810134	-0.751042	-0.694233	-0.62605	-0.564062	-0.523283	-0.479971	-0.433718	-0.39777	-0.365801	-0.327321	-0.27901	-0.225727	-0.160413	-0.08217	0	
-1.00188	-0.993585	-0.972348	-0.937797	-0.892202	-0.845047	-0.805073	-0.772682	-0.73041	-0.689264	-0.657083	-0.61092	-0.559954	-0.507368	-0.454978	-0.400749	-0.332458	-0.259733	-0.182275	-0.0951249	0	
-0.951352	-0.935213	-0.907675	-0.878448	-0.851332	-0.829943	-0.806944	-0.79051	-0.772163	-0.747182	-0.717115	-0.674665	-0.62433	-0.562418	-0.495157	-0.422924	-0.342885	-0.258623	-0.172522	-0.0906094	0	
-0.847093	-0.826217	-0.79708	-0.774075	-0.764896	-0.760256	-0.744267	-0.736244	-0.729103	-0.710326	-0.682229	-0.644915	-0.605113	-0.548803	-0.477299	-0.401829	-0.319166	-0.234528	-0.152393	-0.0746121	0	
-0.701224	-0.681158	-0.658762	-0.639594	-0.632293	-0.628641	-0.612833	-0.605143	-0.603154	-0.58992	-0.571643	-0.545911	-0.51101	-0.464817	-0.401794	-0.329884	-0.257693	-0.187033	-0.118466	-0.0548916	0	
-0.521991	-0.499762	-0.480592	-0.467817	-0.462271	-0.453339	-0.441294	-0.439843	-0.436941	-0.421384	-0.409226	-0.391737	-0.355412	-0.316715	-0.27285	-0.21918	-0.170425	-0.126689	-0.0814112	-0.0372347	0	
-0.309	-0.290521	-0.27535	-0.270343	-0.269329	-0.260169	-0.255273	-0.259877	-0.25551	-0.236968	-0.222173	-0.204655	-0.171333	-0.141841	-0.121058	-0.0976483	-0.0784668	-0.0647307	-0.0462456	-0.0223677	0	
-0.0912564	-0.0812746	-0.0704504	-0.0687036	-0.0710923	-0.0708435	-0.071172	-0.072452	-0.0624813	-0.0470865	-0.0364272	-0.0188071	-0.000905996	0.00777173	0.00884805	0.00566142	0.00180939	-0.00353788	-0.00651707	-0.00445825	0	
0.0914292	0.0976975	0.10262	0.104364	0.106606	0.10017	0.0925317	0.0964255	0.110849	0.124014	0.13069	0.141504	0.140693	0.123211	0.103921	0.0797639	0.0555261	0.0386418	0.0229526	0.00869358	0	
0.229718	0.235129	0.234233	0.232278	0.238276	0.236573	0.233108	0.236118	0.246239	0.25116	0.244187	0.242046	0.224842	0.190943	0.166782	0.134338	0.100044	0.0774423	0.0497318	0.023395	0	
0.334073	0.330604	0.327389	0.326006	0.321593	0.322917	0.331054	0.331162	0.331707	0.318897	0.298549	0.280361	0.250676	0.22067	0.197793	0.169826	0.138475	0.108952	0.0743751	0.0367494	0	
0.401973	0.387594	0.37968	0.371203	0.362785	0.367224	0.375102	0.372	0.36099	0.338137	0.314129	0.281137	0.248375	0.226805	0.200859	0.177595	0.149218	0.115616	0.0822459	0.0392722	0	
0.423007	0.401657	0.392166	0.38021	0.37078	0.372545	0.377355	0.367234	0.342017	0.324775	0.301173	0.260741	0.233065	0.210855	0.183022	0.159552	0.134656	0.106961	0.0753804	0.0379323	0	
0.39311	0.374138	0.37569	0.370349	0.358604	0.350721	0.344371	0.327449	0.294828	0.279355	0.262529	0.230684	0.208237	0.184626	0.158979	0.130903	0.109498	0.0899286	0.0587863	0.033336	0	
0.345225	0.331111	0.333966	0.3348	0.325373	0.313371	0.29122	0.264652	0.239403	0.21895	0.206627	0.192111	0.174955	0.157631	0.137507	0.107998	0.0844144	0.0640733	0.0368599	0.0203198	0	
0.299389	0.289525	0.280782	0.278497	0.272942	0.256251	0.227061	0.206665	0.191004	0.165284	0.153123	0.146129	0.132967	0.123601	0.1108	0.0899461	0.0658094	0.0428515	0.0230284	0.00853575	0	
0.253679	0.24815	0.23256	0.220424	0.209209	0.184182	0.161498	0.155272	0.146124	0.125974	0.112753	0.107764	0.0988715	0.086151	0.0774263	0.0685414	0.0463522	0.0294166	0.0203485	0.00335198	0	
0.209992	0.200968	0.17728	0.160958	0.146851	0.127015	0.109825	0.109005	0.108558	0.0949179	0.0878183	0.0818949	0.0680901	0.0539707	0.0431782	0.0385813	0.029833	0.0248336	0.0235467	0.00898485	0	
0.160217	0.144899	0.123186	0.107946	0.0974489	0.0893889	0.0746613	0.0721858	0.0755438	0.0665703	0.0660807	0.0619188	0.0442201	0.0325521	0.0228316	0.0139201	0.017331	0.0215249	0.0188316	0.0135075	0	
0.109433	0.0913377	0.0808584	0.0717147	0.060057	0.0534969	0.0528311	0.0526265	0.0451683	0.0448542	0.0445726	0.0347271	0.0255929	0.0199582	0.0156718	0.00896805	0.0132424	0.0151546	0.0075643	0.00880873	0	
0.0710625	0.0555364	0.0496934	0.0428119	0.0372823	0.0354515	0.0391887	0.0397964	0.0237725	0.0242868	0.0231789	0.00710347	0.00756015	0.0146632	0.0156239	0.0153967	0.0145099	0.006428	-0.00159058	-0.000178721	0	
0.0396119	0.0317315	0.0265467	0.0231661	0.0219652	0.0248611	0.0281538	0.0250789	0.014862	0.00952006	0.00719062	-0.00163998	0.00191722	0.0141327	0.0127275	0.0135896	0.00772057	-0.00548795	-0.00582622	-0.0064181	0	
0.0157855	0.016364	0.0128193	0.0145665	0.0131862	0.0123925	0.0147597	0.0122635	0.0105043	0.00103978	0.000248832	0.00604905	0.00442573	0.00778071	0.00397498	0.000171729	-0.000657384	-0.00517901	-0.00161105	-1.73235e-05	0	
0.00706569	0.01068	0.0029852	0.00188196	0.00879697	0.00755201	0.00358673	-0.000878664	0.00101068	-0.00114119	-0.00219992	0.0103936	0.00866284	-0.00111983	-0.00226703	-0.00489961	-0.00462952	0.000829575	0.00472953	0.00401615	0	
0.00212285	0.0069406	0.00164592	0.00221262	0.0128885	0.00603012	-0.00761564	-0.0114557	-0.00540887	0.000158697	-0.00158654	0.00508285	0.00403143	-0.00653338	-0.00562712	-0.00226112	-0.000189655	0.00510455	0.0068469	0.00273269	0	
0.00217956	0.00204852	0.00470514	0.00682135	0.00913844	-2.86523e-05	-0.0116284	-0.0120495	-0.00215299	0.00282433	-0.00330943	-0.00161232	-0.00244013	-0.00622042	-0.00363554	-0.00131784	0.00263452	0.00294638	5.5333e-06	0.000142196	0	
0.00355377	0.00182495	0.000321024	-0.00692983	-0.0133465	-0.00985956	-0.0041636	-0.00358127	0.00312781	0.00833846	-0.0019231	-0.00755544	-0.00219129	-0.000818069	-0.00222683	-0.000732229	-0.00106826	-0.00548758	-0.00648734	-0.00235421	0	
0.00182495	0.00356444	-0.00189164	-0.0130716	-0.019433	-0.00982705	0.000730437	-0.000387326	-0.00126223	0.0012171	-0.00449452	-0.0107124	-0.000809201	0.00396261	4.84921e-05	0.0024799	-0.000506052	-0.00722524	-0.00619794	-0.000956277	0	
0.000321024	-0.00189164	-0.00472342	-0.00700138	-0.0087641	-0.00450132	0.00523898	0.0029504	-0.00541032	-0.00684493	-0.00837959	-0.0104443	-0.00501527	-0.00431192	-0.00242313	0.00520944	0.0040641	0.00155769	0.00248144	0.00266461	0	
-0.00692983	-0.0130716	-0.00700138	-0.000254756	-0.000933833	-0.00249862	0.000908654	-0.00344519	-0.011745	-0.00941539	0.00100941	0.00477345	0.000132923	-0.00491907	-0.00375392	-0.00324255	-0.00392375	-0.000158941	0.00119248	0.00157507	0	
-0.0133465	-0.019433	-0.0087641	-0.000933833	-0.00144942	-0.00363942	-0.00448644	-0.00752774	-0.00974457	-0.00747541	0.00392203	0.00936121	0.00346928	0.00157869	-0.000466398	-0.00898934	-0.0107637	-0.00312492	-0.000154368	-0.0012627	0	
-0.00985956	-0.00982705	-0.00450132	-0.00249862	-0.00363942	-0.00501857	-0.00368236	-0.000759691	0.00156532	-0.000904334	-0.00522809	-0.00800847	-0.00761114	-0.0027673	-0.000154779	-0.00196697	-0.000264095	0.00705177	0.00676093	-0.00115807	0	
-0.0041636	0.000730437	0.00523898	0.000908654	-0.00448644	-0.00368236	-0.00929761	-0.00801722	0.000602973	0.0017373	-0.00406389	-0.00750105	-0.00637756	-0.00161093	0.00266191	0.00129748	0.00367526	0.00321183	-0.00581848	-0.00694123	0	
-0.00358127	-0.000387326	0.0029504	-0.00344519	-0.00752774	-0.000759691	-0.00801722	-0.00878506	0.000219254	0.0036303	0.00266692	-0.00141361	-0.00210851	-0.00209726	-0.00241262	-1.85942e-05	0.000637127	-0.00347172	-0.00742729	-0.00597545	0	
0.00312781	-0.00126223	-0.00541032	-0.011745	-0.00974457	0.00156532	0.000602973	0.000219254	-0.00125238	-0.00430353	-0.0026997	-0.00163614	0.000319151	-0.0019224	-0.00282878	-0.000127939	-0.0036288	-0.00287898	0.00497121	0.00516175	0	
0.00833846	0.0012171	-0.00684493	-0.00941539	-0.00747541	-0.000904334	0.0017373	0.0036303	-0.00430353	-0.0127256	-0.00604375	0.000977874	5.26497e-05	0.000884157	0.00358776	-0.00143713	-0.00640322	-0.00221607	0.00612267	0.00895143	0	
-0.0019231	-0.00449452	-0.00837959	0.00100941	0.00392203	-0.00522809	-0.00406389	0.00266692	-0.0026997	-0.00604375	0.00154031	0.000760399	-0.00347706	-0.000712504	-0.00122639	-0.00207903	-0.00066964	-0.000435251	-0.000344842	-0.00143126	0	
-0.00755544	-0.0107124	-0.0104443	0.00477345	0.00936121	-0.00800847	-0.00750105	-0.00141361	-0.00163614	0.000977874	0.000760399	0.000107693	0.000210955	-0.00211618	-0.00643765	-0.00095058	0.00730395	0.00168469	-0.00794426	-0.0092459	0	
-0.00219129	-0.000809201	-0.00501527	0.000132923	0.00346928	-0.00761114	-0.00637756	-0.00210851	0.000319151	5.26497e-05	-0.00347706	0.000210955	-0.000406294	-0.00341407	-0.00481726	-0.000109435	0.00766545	0.00173596	-0.00345954	0.000856873	0	
-0.000818069	0.00396261	-0.00431192	-0.00491907	0.00157869	-0.0027673	-0.00161093	-0.00209726	-0.0019224	0.000884157	-0.000712504	-0.00211618	-0.00341407	0.00146601	0.00388741	-7.90639e-05	-0.00487982	-0.00678829	0.00234725	0.00864966	0	
-0.00222683	4.84921e-05	-0.00242313	-0.00375392	-0.000466398	-0.000154779	0.00266191	-0.00241262	-0.00282878	0.00358776	-0.00122639	-0.00643765	-0.00481726	0.00388741	0.00777085	-0.00184357	-0.0084849	-0.00346063	0.00378342	0.00428288	0	
-0.000732229	0.0024799	0.00520944	-0.00324255	-0.00898934	-0.00196697	0.00129748	-1.85942e-05	-0.000127939	-0.00143713	-0.00207903	-0.00095058	-0.000109435	-7.90639e-05	-0.00184357	-0.00377566	0.00127201	0.00634853	0.000679799	-0.00441966	0	
-0.00106826	-0.000506052	0.0040641	-0.00392375	-0.0107637	-0.000264095	0.00367526	0.000637127	-0.0036288	-0.00640322	-0.00066964	0.00730395	0.00766545	-0.00487982	-0.0084849	0.00127201	0.00489477	0.00184283	-0.00502576	-0.00764966	0	
-0.00548758	-0.00722524	0.00155769	-0.000158941	-0.00312492	0.00705177	0.00321183	-0.00347172	-0.00287898	-0.00221607	-0.000435251	0.00168469	0.00173596	-0.00678829	-0.00346063	0.00634853	0.00184283	-0.00190074	-0.000763699	0.000110552	0	
-0.00648734	-0.00619794	0.00248144	0.00119248	-0.000154368	0.00676093	-0.00581848	-0.00742729	0.00497121	0.00612267	-0.000344842	-0.00794426	-0.00345954	0.00234725	0.00378342	0.000679799	-0.00502576	-0.000763699	0.00414385	0.00323786	0	
-0.00235421	-0.000956277	0.00266461	0.00157507	-0.0012627	-0.00115807	-0.00694123	-0.00597545	0.00516175	0.00895143	-0.00143126	-0.0092459	0.000856873	0.00864966	0.00428288	-0.00441966	-0.00764966	0.000110552	0.00323786	-0.000565285	0	
0	0	0	0	0	0	0	0	0	0	0	0	0	0	0	0	0	0	0	0	0	
