0	0	0	0	0	0	0	0	0	0	0	0	0	0	0	0	0	0	0	0	
0	6.39199e-08	3.34555e-07	1.56505e-06	6.71247e-06	2.63438e-05	9.43493e-05	0.000307583	0.000910746	0.00244534	0.00594904	0.013118	0.0262648	0.0479149	0.0800568	0.123327	0.176526	0.236717	0.299854	0.36166	
0	3.34555e-07	1.67995e-06	7.50574e-06	3.06705e-05	0.0001144	0.000388408	0.00119723	0.00334318	0.00844527	0.0192917	0.0398906	0.0748726	0.128167	0.201418	0.292948	0.397832	0.509016	0.618916	0.720898	
0	1.56505e-06	7.50574e-06	3.18476e-05	0.000123187	0.000433478	0.00138342	0.00399307	0.0104005	0.0244126	0.0516401	0.0986205	0.170736	0.2697	0.392095	0.529943	0.672916	0.810921	0.93603	1.04333	
0	6.71247e-06	3.06705e-05	0.000123187	0.000449308	0.00148496	0.00443198	0.0119085	0.0287377	0.0622087	0.120863	0.211379	0.334764	0.484417	0.647818	0.810735	0.961207	1.09158	1.19859	1.28225	
0	2.63438e-05	0.0001144	0.000433478	0.00148496	0.00458833	0.0127391	0.031672	0.0703359	0.139392	0.246894	0.392761	0.566191	0.749097	0.923359	1.07642	1.20248	1.30088	1.37367	1.42377	
0	9.43493e-05	0.000388408	0.00138342	0.00443198	0.0127391	0.0327126	0.0747645	0.151705	0.273243	0.43836	0.631674	0.82903	1.00895	1.15998	1.27943	1.36876	1.43033	1.46622	1.47834	
0	0.000307583	0.00119723	0.00399307	0.0119085	0.031672	0.0747645	0.156023	0.287264	0.467378	0.67688	0.885451	1.06863	1.21735	1.33242	1.41536	1.46614	1.48457	1.47179	1.43131	
0	0.000910746	0.00334318	0.0104005	0.0287377	0.0703359	0.151705	0.287264	0.477322	0.699829	0.918586	1.10564	1.25442	1.36888	1.44791	1.48644	1.48271	1.43944	1.36326	1.26298	
0	0.00244534	0.00844527	0.0244126	0.0622087	0.139392	0.273243	0.467378	0.699829	0.929463	1.12321	1.27535	1.3925	1.46931	1.49404	1.46582	1.39233	1.28342	1.15007	1.00153	
0	0.00594904	0.0192917	0.0516401	0.120863	0.246894	0.43836	0.67688	0.918586	1.12321	1.28215	1.4043	1.48114	1.49362	1.44344	1.34593	1.21114	1.04885	0.868425	0.678268	
0	0.013118	0.0398906	0.0986205	0.211379	0.392761	0.631674	0.885451	1.10564	1.27535	1.4043	1.48485	1.49125	1.42568	1.31192	1.15698	0.965862	0.752278	0.526966	0.303808	
0	0.0262648	0.0748726	0.170736	0.334764	0.566191	0.82903	1.06863	1.25442	1.3925	1.48114	1.49125	1.41908	1.29476	1.12383	0.904084	0.659251	0.405301	0.155576	-0.0759041	
0	0.0479149	0.128167	0.2697	0.484417	0.749097	1.00895	1.21735	1.36888	1.46931	1.49362	1.42568	1.29476	1.11262	0.870002	0.599375	0.325361	0.0522798	-0.199913	-0.426355	
0	0.0800568	0.201418	0.392095	0.647818	0.923359	1.15998	1.33242	1.44791	1.49404	1.44344	1.31192	1.12383	0.870002	0.578953	0.287902	-0.00921511	-0.286221	-0.527883	-0.730289	
0	0.123327	0.292948	0.529943	0.810735	1.07642	1.27943	1.41536	1.48644	1.46582	1.34593	1.15698	0.904084	0.599375	0.287902	-0.0301682	-0.333012	-0.585139	-0.796505	-0.947093	
0	0.176526	0.397832	0.672916	0.961207	1.20248	1.36876	1.46614	1.48271	1.39233	1.21114	0.965862	0.659251	0.325361	-0.00921511	-0.333012	-0.60222	-0.824823	-0.986278	-1.07986	
0	0.236717	0.509016	0.810921	1.09158	1.30088	1.43033	1.48457	1.43944	1.28342	1.04885	0.752278	0.405301	0.0522798	-0.286221	-0.585139	-0.824823	-1.00177	-1.0924	-1.12283	
0	0.299854	0.618916	0.93603	1.19859	1.37367	1.46622	1.47179	1.36326	1.15007	0.868425	0.526966	0.155576	-0.199913	-0.527883	-0.796505	-0.986278	-1.0924	-1.11898	-1.07831	
0	0.36166	0.720898	1.04333	1.28225	1.42377	1.47834	1.43131	1.26298	1.00153	0.678268	0.303808	-0.0759041	-0.426355	-0.730289	-0.947093	-1.07986	-1.12283	-1.07831	-0.973216	
0	0.418447	0.810226	1.13084	1.34453	1.45408	1.46909	1.36862	1.14767	0.846509	0.488552	0.0932453	-0.28477	-0.618865	-0.882943	-1.04921	-1.12117	-1.08714	-0.984057	-0.83212	
0	0.467645	0.884379	1.19884	1.38816	1.46732	1.44185	1.29088	1.02647	0.692425	0.305937	-0.098788	-0.465041	-0.774622	-0.993414	-1.10087	-1.10661	-1.0167	-0.866512	-0.687761	
0	0.50798	0.942846	1.24906	1.41605	1.46638	1.40147	1.20591	0.905973	0.54337	0.136498	-0.265985	-0.615483	-0.893813	-1.0602	-1.11481	-1.06278	-0.918797	-0.741119	-0.567798	
0	0.539337	0.98662	1.28402	1.43121	1.45477	1.35343	1.1197	0.790145	0.404529	-0.0127632	-0.406805	-0.737153	-0.978505	-1.09648	-1.09963	-0.993586	-0.82409	-0.635754	-0.485276	
0	0.562458	1.01765	1.30662	1.43676	1.43622	1.30249	1.03678	0.683545	0.281622	-0.139772	-0.523718	-0.831725	-1.03456	-1.10878	-1.06687	-0.923402	-0.732547	-0.551149	-0.439267	
0	0.578598	1.03835	1.31985	1.43574	1.41422	1.25285	0.961468	0.590315	0.176813	-0.245722	-0.617152	-0.900353	-1.06924	-1.10592	-1.02436	-0.856197	-0.661219	-0.49522	-0.410988	
0	0.589226	1.05126	1.32652	1.43093	1.39199	1.20826	0.89716	0.512502	0.0908408	-0.329463	-0.686932	-0.949286	-1.09014	-1.09381	-0.985084	-0.799171	-0.601023	-0.459089	-0.395699	
0	0.595771	1.05868	1.32909	1.42478	1.37233	1.17163	0.84606	0.45185	0.0254751	-0.391471	-0.738167	-0.983237	-1.09959	-1.07908	-0.949798	-0.754487	-0.564768	-0.43266	-0.38666	
0	0.599457	1.06253	1.32957	1.41926	1.3574	1.14511	0.810009	0.409723	-0.0195429	-0.433781	-0.771631	-1.00349	-1.10413	-1.06659	-0.923423	-0.724519	-0.538398	-0.419963	-0.383405	
0	0.601179	1.06419	1.32938	1.41579	1.34877	1.13021	0.790082	0.386546	-0.0442044	-0.456517	-0.789208	-1.01389	-1.10498	-1.05837	-0.911125	-0.709713	-0.522446	-0.411269	-0.381895	
0	0.601446	1.06444	1.32932	1.41517	1.34728	1.12771	0.786763	0.382691	-0.0481971	-0.460182	-0.792535	-1.01603	-1.10467	-1.05725	-0.908267	-0.704496	-0.522624	-0.41147	-0.380289	
0	0.600343	1.0634	1.32951	1.41753	1.35308	1.13773	0.800254	0.398331	-0.0320602	-0.445701	-0.780495	-1.008	-1.10466	-1.06348	-0.916685	-0.716289	-0.531646	-0.416298	-0.382201	
0	0.597529	1.06056	1.32943	1.42235	1.36562	1.15974	0.829998	0.433001	0.00498598	-0.411206	-0.754339	-0.992803	-1.10031	-1.07327	-0.940278	-0.740762	-0.55022	-0.425736	-0.385675	
0	0.592257	1.05476	1.3279	1.42845	1.3836	1.19255	0.875298	0.486401	0.0621091	-0.35729	-0.710041	-0.964584	-1.0945	-1.08755	-0.969773	-0.779643	-0.585936	-0.44777	-0.390698	
0	0.583423	1.0443	1.32313	1.43407	1.40512	1.23425	0.934531	0.557529	0.139977	-0.282275	-0.647896	-0.922395	-1.07937	-1.10075	-1.00737	-0.833035	-0.635296	-0.478167	-0.40431	
0	0.569666	1.02701	1.31284	1.43693	1.42762	1.28229	1.00569	0.644757	0.237532	-0.185159	-0.564376	-0.861679	-1.05056	-1.11028	-1.04991	-0.893379	-0.701284	-0.527082	-0.427681	
0	0.549508	1.00041	1.29433	1.43435	1.44798	1.33326	1.086	0.746146	0.353218	-0.0661162	-0.456309	-0.778611	-1.00454	-1.10368	-1.08803	-0.965808	-0.786142	-0.596889	-0.462458	
0	0.521574	0.962007	1.26466	1.42339	1.46281	1.38305	1.17147	0.858805	0.486012	0.0738838	-0.325242	-0.666805	-0.931387	-1.07912	-1.11261	-1.03613	-0.879114	-0.696921	-0.530601	
0	0.484876	0.909608	1.22088	1.40095	1.46845	1.42714	1.2576	0.97787	0.63164	0.236052	-0.168767	-0.528878	-0.826695	-1.02428	-1.10988	-1.09323	-0.980621	-0.814863	-0.635003	
0	0.439142	0.841772	1.16026	1.36397	1.46123	1.46024	1.33914	1.09951	0.784151	0.413916	0.0139163	-0.359898	-0.685475	-0.933082	-1.076	-1.1198	-1.06136	-0.939825	-0.774071	
0	0.385155	0.758337	1.08071	1.30952	1.43807	1.47712	1.40871	1.21818	0.939692	0.601728	0.217516	-0.162711	-0.507669	-0.796549	-0.993153	-1.10366	-1.11622	-1.04457	-0.918853	
0	0.324971	0.660974	0.981235	1.23472	1.39624	1.47388	1.45881	1.32552	1.0917	0.792785	0.437023	0.0607724	-0.294242	-0.615155	-0.864188	-1.02973	-1.11093	-1.11115	-1.04294	
0	0.261874	0.553542	0.862836	1.1372	1.3329	1.44775	1.48321	1.41246	1.23223	0.978093	0.662695	0.304218	-0.0512274	-0.38695	-0.675553	-0.898794	-1.04782	-1.11099	-1.11398	
0	0.19999	0.441994	0.729205	1.01599	1.24506	1.39669	1.47755	1.46985	1.35214	1.14879	0.882534	0.558076	0.214793	-0.124266	-0.439434	-0.695695	-0.904536	-1.03969	-1.10864	
0	0.143565	0.333688	0.587112	0.8729	1.13015	1.31871	1.43978	1.49007	1.44105	1.29556	1.08419	0.808288	0.490186	0.168849	-0.156575	-0.448299	-0.687523	-0.881374	-1.01022	
0	0.0960754	0.236081	0.445951	0.713761	0.987524	1.21152	1.36961	1.4686	1.48869	1.40905	1.25454	1.04082	0.763144	0.462692	0.161558	-0.142265	-0.412844	-0.64474	-0.828049	
0	0.0594595	0.155124	0.316242	0.548926	0.820636	1.0731	1.26741	1.40522	1.48577	1.48	1.38506	1.23254	1.02175	0.754986	0.474177	0.191491	-0.0847323	-0.335701	-0.556073	
0	0.0337881	0.0938692	0.207217	0.392098	0.639261	0.903915	1.13239	1.30444	1.42882	1.49396	1.47211	1.37481	1.22907	1.02985	0.785739	0.52572	0.262735	0.0110334	-0.220408	
0	0.0175268	0.0519321	0.124296	0.257033	0.459736	0.71143	0.962603	1.16977	1.32661	1.44143	1.49648	1.47072	1.37964	1.24374	1.06395	0.849755	0.616885	0.37896	0.149601	
0	0.00826441	0.0261221	0.0677456	0.153084	0.301047	0.513531	0.761996	0.998093	1.18896	1.3355	1.44336	1.49539	1.47676	1.39874	1.27715	1.12049	0.93796	0.738611	0.53302	
