0	0	0	0	0	0	0	0	0	0	0	0	0	0	0	0	0	0	0	0	
0.000262721	0.00153482	-0.0030819	-0.00352862	-0.00012756	-0.00246263	-0.0100349	-0.0142466	-0.019864	-0.02703	-0.0401259	-0.0530957	-0.0612856	-0.0562351	-0.0400856	-0.0198442	0.00640893	0.0421278	0.0787222	0.0996035	
-5.34318e-05	0.00414366	-0.00760595	-0.00604976	-0.00244023	-0.00689945	-0.0211438	-0.0315521	-0.0408701	-0.0570912	-0.0825033	-0.105502	-0.124281	-0.109355	-0.080115	-0.038647	0.0170544	0.0840165	0.159082	0.198946	
0.00092842	0.00285823	-0.00865572	-0.00905458	-0.00232311	-0.0100697	-0.0296004	-0.0435544	-0.0594864	-0.0835388	-0.120675	-0.157181	-0.181084	-0.164724	-0.121802	-0.0603079	0.0194084	0.124538	0.231823	0.293367	
0.000438333	0.00274733	-0.0112873	-0.0101327	-0.00577945	-0.0153785	-0.0396699	-0.0580329	-0.0799773	-0.113568	-0.160593	-0.208278	-0.236319	-0.217681	-0.161916	-0.0823073	0.0262175	0.164438	0.302718	0.385596	
0.00095585	0.000580996	-0.0110945	-0.0112746	-0.00846293	-0.0218953	-0.0474831	-0.0713706	-0.0998897	-0.142908	-0.200395	-0.256	-0.289681	-0.268253	-0.204732	-0.10581	0.0303982	0.200999	0.36832	0.471399	
-0.000444918	-0.00415431	-0.0105426	-0.012612	-0.0127728	-0.027774	-0.0542851	-0.0815881	-0.118048	-0.170505	-0.234866	-0.30104	-0.334392	-0.318209	-0.246539	-0.13105	0.0301015	0.232915	0.423322	0.54756	
-0.00115628	-0.00488397	-0.00825821	-0.0121855	-0.0179736	-0.0349165	-0.0613257	-0.094745	-0.139822	-0.201516	-0.273715	-0.345143	-0.380534	-0.367615	-0.288336	-0.157119	0.0337828	0.262953	0.475226	0.619955	
-0.00534844	-0.00919582	-0.00727949	-0.0148182	-0.0244208	-0.041744	-0.0666711	-0.105052	-0.15904	-0.226816	-0.307094	-0.379659	-0.420665	-0.410614	-0.329631	-0.18278	0.0330123	0.282242	0.514815	0.676008	
-0.00795176	-0.00909324	-0.00515685	-0.0157024	-0.030302	-0.046832	-0.0713228	-0.11722	-0.177881	-0.255241	-0.338074	-0.415738	-0.45878	-0.454983	-0.37096	-0.207317	0.029616	0.297892	0.546056	0.724788	
-0.0100408	-0.00836027	-0.00404706	-0.0182352	-0.0364724	-0.0514672	-0.0779647	-0.129818	-0.198996	-0.281323	-0.369086	-0.447117	-0.496132	-0.495492	-0.408914	-0.228997	0.0261688	0.307011	0.569121	0.761332	
-0.0147436	-0.0088533	-0.0071524	-0.0230031	-0.0426093	-0.0559079	-0.0845642	-0.141899	-0.216723	-0.302611	-0.393486	-0.47211	-0.528082	-0.530572	-0.441579	-0.249121	0.0175678	0.305477	0.576345	0.783455	
-0.0113793	-0.00592148	-0.00685595	-0.0243788	-0.043955	-0.057986	-0.0909851	-0.155439	-0.233436	-0.326778	-0.417153	-0.502003	-0.562658	-0.566068	-0.474405	-0.266464	0.0047711	0.300272	0.578635	0.798958	
-0.0109787	-0.00847829	-0.0123139	-0.0293177	-0.047976	-0.0628959	-0.102738	-0.168106	-0.251267	-0.34517	-0.437793	-0.526762	-0.589953	-0.594353	-0.494862	-0.281288	-0.00893629	0.287432	0.56788	0.800484	
-0.00804898	-0.0111485	-0.0150153	-0.0323453	-0.0465301	-0.0685652	-0.111716	-0.178969	-0.265578	-0.359998	-0.457185	-0.550944	-0.615657	-0.619476	-0.511403	-0.298192	-0.0287171	0.267464	0.546374	0.794192	
-0.00676539	-0.011672	-0.0191948	-0.0305915	-0.0460131	-0.0751242	-0.120458	-0.190608	-0.277795	-0.375332	-0.478832	-0.574495	-0.643297	-0.637465	-0.525773	-0.316234	-0.0471495	0.240733	0.524563	0.782897	
-0.00823075	-0.0171466	-0.0242686	-0.0309828	-0.0500878	-0.0850804	-0.132082	-0.201699	-0.289468	-0.390126	-0.49747	-0.59627	-0.660867	-0.646012	-0.533677	-0.329225	-0.069301	0.211987	0.495456	0.757847	
-0.00875455	-0.0208563	-0.024166	-0.028103	-0.0528008	-0.0916629	-0.138991	-0.208323	-0.297138	-0.404143	-0.515346	-0.617681	-0.675467	-0.653027	-0.544908	-0.34658	-0.096591	0.180852	0.464014	0.731301	
-0.0125667	-0.0229989	-0.0233723	-0.0281791	-0.058564	-0.0997188	-0.146357	-0.214937	-0.307966	-0.418436	-0.535534	-0.635378	-0.68313	-0.657857	-0.551123	-0.364874	-0.120462	0.152576	0.430357	0.702913	
-0.0157359	-0.0231062	-0.0224144	-0.0301673	-0.0667438	-0.105279	-0.153439	-0.221359	-0.31967	-0.43458	-0.554609	-0.648286	-0.687945	-0.659207	-0.560489	-0.381013	-0.141507	0.125383	0.400867	0.671543	
-0.0189806	-0.022845	-0.022029	-0.0368007	-0.0714902	-0.109678	-0.155856	-0.226922	-0.329372	-0.447564	-0.568816	-0.653041	-0.688709	-0.661577	-0.571347	-0.398045	-0.163106	0.10009	0.368809	0.638294	
-0.0161562	-0.0190357	-0.0221362	-0.0422245	-0.0736064	-0.111028	-0.159141	-0.235275	-0.341548	-0.464507	-0.580281	-0.659426	-0.691062	-0.669724	-0.58386	-0.411504	-0.178228	0.0823338	0.344846	0.606555	
-0.0153488	-0.0174103	-0.0290314	-0.0483944	-0.0754328	-0.113538	-0.164346	-0.245918	-0.354244	-0.477366	-0.586753	-0.660346	-0.694427	-0.678685	-0.592976	-0.422092	-0.187004	0.0674375	0.322358	0.570175	
-0.0135504	-0.0205159	-0.0376039	-0.0512076	-0.0763985	-0.114259	-0.172472	-0.254452	-0.366021	-0.484105	-0.587709	-0.660893	-0.700379	-0.687992	-0.60058	-0.426499	-0.192061	0.0563445	0.302297	0.52589	
-0.0100248	-0.0233642	-0.0397972	-0.0477859	-0.0717735	-0.115507	-0.177493	-0.262769	-0.373357	-0.487008	-0.58891	-0.666784	-0.714445	-0.700858	-0.609016	-0.429899	-0.196234	0.0492356	0.280293	0.480061	
-0.0131032	-0.0316948	-0.0421257	-0.0476844	-0.0748771	-0.124206	-0.1895	-0.274107	-0.38165	-0.489603	-0.592895	-0.678113	-0.727618	-0.708495	-0.607524	-0.424012	-0.191133	0.0473855	0.257589	0.427099	
-0.0213503	-0.0362857	-0.040305	-0.0463772	-0.0779088	-0.131167	-0.19493	-0.278461	-0.379196	-0.486812	-0.596122	-0.689587	-0.738004	-0.711354	-0.603287	-0.41906	-0.188646	0.0377501	0.223139	0.36397	
-0.0250742	-0.0327751	-0.0344966	-0.0453148	-0.0823191	-0.135267	-0.198947	-0.277794	-0.376685	-0.488008	-0.608148	-0.705711	-0.748809	-0.713032	-0.599802	-0.414906	-0.188248	0.0217077	0.184064	0.296974	
-0.0258148	-0.0277085	-0.0335548	-0.0513184	-0.0901229	-0.142036	-0.202773	-0.27868	-0.377936	-0.498539	-0.625837	-0.721194	-0.753788	-0.709446	-0.592196	-0.407166	-0.189532	0.00217044	0.13845	0.229691	
-0.0253407	-0.0272654	-0.0399471	-0.0607619	-0.0969875	-0.144456	-0.20139	-0.274248	-0.379259	-0.508145	-0.637822	-0.724482	-0.748516	-0.699664	-0.583432	-0.404546	-0.202143	-0.0343788	0.0802189	0.156783	
-0.017094	-0.025345	-0.0437032	-0.063625	-0.0951275	-0.140056	-0.194519	-0.271593	-0.386316	-0.522738	-0.648023	-0.726446	-0.744461	-0.69655	-0.583225	-0.414283	-0.230465	-0.0814821	0.0188905	0.0925866	
-0.0158916	-0.0323018	-0.0520468	-0.066629	-0.0949949	-0.137563	-0.1935	-0.278213	-0.401618	-0.53666	-0.652614	-0.721923	-0.739308	-0.692991	-0.58714	-0.432876	-0.267509	-0.135014	-0.0382575	0.0370355	
-0.0223842	-0.0428725	-0.0566255	-0.06653	-0.0926112	-0.135598	-0.196567	-0.290017	-0.415566	-0.541998	-0.646714	-0.713071	-0.731828	-0.692821	-0.598967	-0.463481	-0.317197	-0.191935	-0.0944167	-0.0126787	
-0.0334488	-0.0480816	-0.0549781	-0.061645	-0.0884162	-0.134181	-0.202598	-0.301027	-0.420317	-0.535089	-0.634447	-0.702537	-0.730079	-0.702379	-0.628267	-0.513453	-0.378326	-0.253583	-0.14572	-0.0513549	
-0.0379364	-0.044953	-0.0480157	-0.0571643	-0.0869333	-0.139775	-0.215361	-0.311073	-0.419577	-0.525705	-0.625091	-0.700708	-0.737367	-0.727193	-0.672846	-0.572071	-0.439896	-0.30469	-0.183855	-0.0732088	
-0.0387497	-0.0405986	-0.0465334	-0.0580316	-0.0934378	-0.153088	-0.227539	-0.312926	-0.409055	-0.512425	-0.617522	-0.701352	-0.754233	-0.763882	-0.729014	-0.635844	-0.496552	-0.349262	-0.211164	-0.0785833	
-0.0335381	-0.0392241	-0.0475037	-0.0637993	-0.106074	-0.167168	-0.232813	-0.304067	-0.395055	-0.502179	-0.614861	-0.71217	-0.782777	-0.814263	-0.791201	-0.694734	-0.544884	-0.381054	-0.223814	-0.0659597	
-0.0321539	-0.0404471	-0.0520119	-0.0736089	-0.119117	-0.172896	-0.222564	-0.286141	-0.378777	-0.493898	-0.618421	-0.732004	-0.826369	-0.87471	-0.855669	-0.751386	-0.586532	-0.405551	-0.2232	-0.0318298	
-0.0304593	-0.0427704	-0.0589566	-0.0859188	-0.127774	-0.166814	-0.207411	-0.271931	-0.373826	-0.499954	-0.638432	-0.773654	-0.885605	-0.941433	-0.915876	-0.795764	-0.614169	-0.409334	-0.195368	0.0295534	
-0.0397488	-0.0564985	-0.0778302	-0.102361	-0.130288	-0.157961	-0.196037	-0.269156	-0.379961	-0.517147	-0.673034	-0.824578	-0.946229	-0.997859	-0.95935	-0.823963	-0.622327	-0.39059	-0.144365	0.112144	
-0.0564985	-0.0781667	-0.096282	-0.10703	-0.122887	-0.145916	-0.191465	-0.273234	-0.393973	-0.5459	-0.716712	-0.878936	-0.997818	-1.03894	-0.987316	-0.834634	-0.611501	-0.350999	-0.0739703	0.204229	
-0.0778302	-0.096282	-0.0997734	-0.0984578	-0.109825	-0.140341	-0.194289	-0.286918	-0.421238	-0.588285	-0.770388	-0.931213	-1.04114	-1.07087	-1.00543	-0.834437	-0.585729	-0.294848	0.00724032	0.302604	
-0.102361	-0.10703	-0.0984578	-0.0941308	-0.114983	-0.154695	-0.219744	-0.325979	-0.474983	-0.652886	-0.831748	-0.981061	-1.07575	-1.09039	-1.00653	-0.809359	-0.53085	-0.213872	0.107005	0.411137	
-0.130288	-0.122887	-0.109825	-0.114983	-0.144763	-0.193676	-0.269246	-0.388651	-0.546109	-0.718533	-0.881564	-1.0112	-1.08814	-1.08546	-0.978228	-0.753969	-0.453214	-0.120607	0.206108	0.510476	
-0.157961	-0.145916	-0.140341	-0.154695	-0.193676	-0.251595	-0.33922	-0.467725	-0.619675	-0.775472	-0.915601	-1.02566	-1.08469	-1.0615	-0.929485	-0.684229	-0.370583	-0.0347017	0.291417	0.595656	
-0.196037	-0.191465	-0.194289	-0.219744	-0.269246	-0.33922	-0.436509	-0.561636	-0.697152	-0.82882	-0.946061	-1.03603	-1.07308	-1.02557	-0.871091	-0.611505	-0.295924	0.0382814	0.364407	0.667588	
-0.269156	-0.273234	-0.286918	-0.325979	-0.388651	-0.467725	-0.561636	-0.67099	-0.780464	-0.885864	-0.977439	-1.04106	-1.0491	-0.976241	-0.803156	-0.540184	-0.228755	0.101444	0.424657	0.725608	
-0.379961	-0.393973	-0.421238	-0.474983	-0.546109	-0.619675	-0.697152	-0.780464	-0.861609	-0.9383	-0.999155	-1.03051	-1.00969	-0.916973	-0.738621	-0.481782	-0.180647	0.140715	0.459587	0.748982	
-0.517147	-0.5459	-0.588285	-0.652886	-0.718533	-0.775472	-0.82882	-0.885864	-0.9383	-0.983005	-1.00869	-1.00867	-0.964807	-0.865872	-0.691653	-0.448516	-0.162504	0.148543	0.453956	0.724472	
-0.673034	-0.716712	-0.770388	-0.831748	-0.881564	-0.915601	-0.946061	-0.977439	-0.999155	-1.00869	-1.00186	-0.977839	-0.92657	-0.832245	-0.671452	-0.448104	-0.179291	0.112102	0.398189	0.643448	
