0.0183326	0.00712884	0.00255727	0.000849829	0.000262631	7.57387e-05	2.04458e-05	5.18128e-06	1.23576e-06	2.7805e-07	5.91475e-08	1.1919e-08	2.27942e-09	4.14408e-10	7.17356e-11	1.18407e-11	1.86617e-12	2.81195e-13	4.05461e-14	5.51106e-15	0	
0.012057	0.00451889	0.0015653	0.000503146	0.000150629	4.21389e-05	1.10488e-05	2.7226e-06	6.32081e-07	1.38568e-07	2.87449e-08	5.65323e-09	1.05595e-09	1.87632e-10	3.17653e-11	5.13096e-12	7.91807e-13	1.16883e-13	1.65194e-14	2.20314e-15	0	
0.00760818	0.00274618	0.000917875	0.000285183	8.26543e-05	2.24171e-05	5.70574e-06	1.36645e-06	3.08644e-07	6.58948e-08	1.33243e-08	2.55644e-09	4.66199e-10	8.09354e-11	1.3396e-11	2.11682e-12	3.19755e-13	4.62274e-14	6.40208e-15	8.37553e-16	0	
0.00459508	0.00159638	0.000514568	0.000154456	4.33178e-05	1.13849e-05	2.8118e-06	6.54195e-07	1.43711e-07	2.98701e-08	5.88551e-09	1.10129e-09	1.96023e-10	3.324e-11	5.37751e-12	8.31086e-13	1.22856e-13	1.73915e-14	2.35967e-15	3.02758e-16	0	
0.00265016	0.000885814	0.000275261	7.97971e-05	2.16488e-05	5.51215e-06	1.32062e-06	2.98424e-07	6.37428e-08	1.28954e-08	2.47542e-09	4.51656e-10	7.84513e-11	1.29917e-11	2.05398e-12	3.10423e-13	4.49012e-14	6.22298e-15	8.27085e-16	1.04061e-16	0	
0.00145645	0.000468292	0.000140263	3.92643e-05	1.0303e-05	2.54108e-06	5.90503e-07	1.29586e-07	2.69103e-08	5.29826e-09	9.90753e-10	1.76248e-10	2.9872e-11	4.83063e-12	7.46298e-13	1.10288e-13	1.56083e-14	2.11771e-15	2.75695e-16	3.40114e-17	0	
0.000761275	0.000235464	6.79809e-05	1.83764e-05	4.66394e-06	1.11422e-06	2.51145e-07	5.35225e-08	1.08059e-08	2.07054e-09	3.77167e-10	6.54166e-11	1.08187e-11	1.70839e-12	2.57911e-13	3.72687e-14	5.16051e-15	6.85446e-16	8.74064e-17	1.05727e-17	0	
0.000377837	0.000112447	3.12987e-05	8.17132e-06	2.00622e-06	4.64325e-07	1.01526e-07	2.10143e-08	4.1252e-09	7.69336e-10	1.36528e-10	2.3089e-11	3.72624e-12	5.74622e-13	8.47749e-14	1.19791e-14	1.623e-15	2.11053e-16	2.63627e-17	3.12676e-18	0	
0.000177829	5.09417e-05	1.36749e-05	3.44922e-06	8.19449e-07	1.83782e-07	3.89903e-08	7.83993e-09	1.49669e-09	2.71724e-10	4.69848e-11	7.74882e-12	1.22051e-12	1.83827e-13	2.65063e-14	3.663e-15	4.8565e-16	6.18348e-17	7.56663e-18	8.80031e-19	0	
7.92843e-05	2.18738e-05	5.66576e-06	1.38125e-06	3.17658e-07	6.90606e-08	1.42209e-08	2.77861e-09	5.16006e-10	9.12183e-11	1.53722e-11	2.47287e-12	3.80215e-13	5.59417e-14	7.88506e-15	1.06585e-15	1.38306e-16	1.72444e-17	2.06751e-18	2.3582e-19	0	
3.34609e-05	8.89672e-06	2.22489e-06	5.24537e-07	1.16831e-07	2.46327e-08	4.9252e-09	9.35467e-10	1.69048e-10	2.91074e-11	4.78195e-12	7.5054e-13	1.12676e-13	1.61986e-14	2.23239e-15	2.95224e-16	3.75005e-17	4.57953e-18	5.38048e-19	6.01939e-20	0	
1.33615e-05	3.4264e-06	8.27863e-07	1.88864e-07	4.07636e-08	8.33927e-09	1.61978e-09	2.99193e-10	5.26325e-11	8.8302e-12	1.4147e-12	2.16706e-13	3.17751e-14	4.46461e-15	6.0174e-16	7.78723e-17	9.68515e-18	1.15866e-18	1.33427e-19	1.46435e-20	0	
5.04728e-06	1.24938e-06	2.91868e-07	6.44758e-08	1.34936e-08	2.67998e-09	5.05941e-10	9.09257e-11	1.55776e-11	2.54749e-12	3.98164e-13	5.9546e-14	8.53027e-15	1.17177e-15	1.54498e-16	1.95705e-17	2.3838e-18	2.7944e-19	3.15469e-20	3.39711e-21	0	
1.80368e-06	4.31362e-07	9.75109e-08	2.08736e-08	4.23862e-09	8.17775e-10	1.50135e-10	2.62651e-11	4.38435e-12	6.99198e-13	1.06654e-13	1.5578e-14	2.18106e-15	2.93003e-16	3.78037e-17	4.68861e-18	5.59462e-19	6.42784e-20	7.11572e-21	7.5199e-22	0	
6.09912e-07	1.41057e-07	3.08807e-08	6.41052e-09	1.2639e-09	2.3703e-10	4.23426e-11	7.21468e-12	1.17399e-12	1.82658e-13	2.72033e-14	3.88217e-15	5.31412e-16	6.98403e-17	8.82046e-18	1.07142e-18	1.25276e-19	1.41109e-20	1.53215e-21	1.58939e-22	0	
1.95234e-07	4.37055e-08	9.27425e-09	1.86845e-09	3.57931e-10	6.52901e-11	1.13555e-11	1.88548e-12	2.99235e-13	4.54428e-14	6.61064e-15	9.22115e-16	1.23455e-16	1.58784e-17	1.96362e-18	2.33679e-19	2.67816e-20	2.95824e-21	3.15126e-22	3.20958e-23	0	
5.91924e-08	1.28383e-08	2.64282e-09	5.17135e-10	9.63221e-11	1.71007e-11	2.89745e-12	4.6908e-13	7.26441e-14	1.0773e-14	1.53145e-15	2.08888e-16	2.73632e-17	3.44544e-18	4.17357e-19	4.86746e-20	5.46962e-21	5.92636e-22	6.19528e-23	6.19674e-24	0	
1.70092e-08	3.57756e-09	7.15047e-10	1.35999e-10	2.46473e-11	4.26167e-12	7.03854e-13	1.11166e-13	1.68077e-14	2.43522e-15	3.38439e-16	4.51584e-17	5.79019e-18	7.14016e-19	8.47485e-20	9.68941e-21	1.06788e-21	1.1353e-22	1.165e-23	1.14464e-24	0	
4.63592e-09	9.46445e-10	1.83818e-10	3.40085e-11	6.00113e-12	1.01121e-12	1.62894e-13	2.51122e-14	3.70876e-15	5.25238e-16	7.13955e-17	9.32301e-18	1.17052e-18	1.41413e-19	1.64522e-20	1.8446e-21	1.99448e-22	2.08115e-23	2.09688e-24	2.02426e-25	0	
1.19943e-09	2.37889e-10	4.49328e-11	8.09245e-12	1.39135e-12	2.28622e-13	3.59412e-14	5.4113e-15	7.81033e-16	1.08168e-16	1.43872e-17	1.83936e-18	2.26218e-19	2.67849e-20	3.0555e-21	3.36056e-22	3.56595e-23	3.65307e-24	3.61497e-25	3.42968e-26	0	
2.94832e-10	5.68573e-11	1.04523e-11	1.83382e-12	3.07405e-13	4.92872e-14	7.56604e-15	1.11311e-15	1.57089e-16	2.12851e-17	2.77142e-18	3.47038e-19	4.18253e-20	4.85526e-21	5.43262e-22	5.86314e-23	6.10746e-24	6.14437e-25	5.97335e-26	5.57096e-27	0	
6.89168e-11	1.29331e-11	2.31575e-12	3.96071e-13	6.47745e-14	1.01398e-14	1.52077e-15	2.18734e-16	3.01977e-17	4.00503e-18	5.107e-19	6.26609e-20	7.40326e-21	8.42869e-22	9.25354e-23	9.80295e-24	1.00273e-24	9.90965e-26	9.46697e-27	8.68142e-28	0	
1.53328e-11	2.80226e-12	4.89077e-13	8.15987e-14	1.30276e-14	1.99223e-15	2.92087e-16	4.10931e-17	5.55239e-18	7.21112e-19	9.00903e-20	1.08351e-20	1.25541e-21	1.40229e-22	1.51105e-23	1.57178e-24	1.57923e-25	1.53355e-26	1.44005e-27	1.29876e-28	0	
3.24985e-12	5.78878e-13	9.85459e-14	1.60491e-14	2.50289e-15	3.74121e-16	5.36473e-17	7.38619e-18	9.77206e-19	1.24333e-19	1.52248e-20	1.79556e-21	2.04096e-22	2.23742e-23	2.36713e-24	2.41841e-25	2.38745e-26	2.27869e-27	2.1038e-28	1.86653e-29	0	
6.56828e-13	1.1411e-13	1.89604e-14	3.01603e-15	4.59714e-16	6.72029e-17	9.42989e-18	1.27116e-18	1.64745e-19	2.05434e-20	2.46661e-21	2.85365e-22	3.18323e-23	3.426e-24	3.55985e-25	3.57327e-26	3.46692e-27	3.2532e-28	2.95381e-29	2.57864e-30	0	
1.26702e-13	2.14835e-14	3.4864e-15	5.42e-16	8.07891e-17	1.1556e-17	1.58752e-18	2.0962e-19	2.66243e-20	3.25518e-21	3.8338e-22	4.3525e-23	4.76638e-24	5.03795e-25	5.14283e-26	5.07327e-27	4.83905e-28	4.46537e-29	3.98833e-30	3.4267e-31	0	
2.33483e-14	3.86639e-15	6.13185e-16	9.32168e-17	1.3595e-17	1.90374e-18	2.56163e-19	3.31467e-20	4.12762e-21	4.94995e-22	5.72062e-23	6.37549e-24	6.85629e-25	7.11931e-26	7.14198e-27	6.92597e-28	6.49628e-29	5.89663e-30	5.18208e-31	4.38293e-32	0	
4.11387e-15	6.65734e-16	1.03241e-16	1.53557e-17	2.19236e-18	3.00689e-19	3.96478e-20	5.02966e-21	6.14305e-22	7.22861e-23	8.2005e-24	8.97468e-25	9.48113e-26	9.67441e-27	9.54034e-28	9.09748e-29	8.39327e-30	7.49585e-31	6.48326e-32	5.39914e-33	0	
6.93664e-16	1.09763e-16	1.66538e-17	2.42478e-18	3.39062e-19	4.55684e-20	5.89042e-21	7.32887e-22	8.78288e-23	1.01446e-23	1.13009e-24	1.21491e-25	1.2612e-26	1.26501e-27	1.22663e-28	1.15049e-29	1.04431e-30	9.17861e-32	7.81488e-33	6.40941e-34	0	
1.12027e-16	1.73431e-17	2.57584e-18	3.67313e-19	5.03282e-20	6.63078e-21	8.40635e-22	1.02622e-22	1.20714e-23	1.3691e-24	1.49814e-25	1.58259e-26	1.61489e-27	1.59264e-28	1.51893e-29	1.40163e-30	1.25206e-31	1.08326e-32	9.08131e-34	7.33667e-35	0	
1.73431e-17	2.62824e-18	3.82304e-19	5.34182e-20	7.17507e-21	9.27111e-22	1.15321e-22	1.38181e-23	1.596e-24	1.77803e-25	1.91176e-26	1.98505e-27	1.9916e-28	1.93182e-29	1.8126e-30	1.646e-31	1.44735e-32	1.23293e-33	1.01794e-34	8.10249e-36	0	
2.57584e-18	3.82304e-19	5.44895e-20	7.46365e-21	9.83186e-22	1.24643e-22	1.52175e-23	1.79038e-24	2.03119e-25	2.22345e-26	2.34981e-27	2.39894e-28	2.36718e-29	2.25893e-30	2.08575e-31	1.86437e-32	1.61408e-33	1.3541e-34	1.10127e-35	8.6381e-37	0	
3.67313e-19	5.34182e-20	7.46365e-21	1.00262e-21	1.29582e-22	1.6124e-23	1.93288e-24	2.23368e-25	2.48994e-26	2.67898e-27	2.78367e-28	2.79497e-29	2.71323e-30	2.54786e-31	2.31563e-32	2.0379e-33	1.7375e-34	1.43583e-35	1.15053e-36	8.8948e-38	0	
5.03282e-20	7.17507e-21	9.83186e-22	1.29582e-22	1.64379e-23	2.0083e-24	2.36468e-25	2.68502e-26	2.94182e-27	3.11196e-28	3.18016e-29	3.14124e-30	3.0007e-31	2.77357e-32	2.48181e-33	2.15093e-34	1.8064e-35	1.47074e-36	1.16137e-37	8.8512e-39	0	
6.63078e-21	9.27111e-22	1.24643e-22	1.6124e-23	2.0083e-24	2.41003e-25	2.78819e-26	3.11168e-27	3.35194e-28	3.48721e-29	3.50575e-30	3.40753e-31	3.20393e-32	2.91562e-33	2.56921e-34	2.19329e-35	1.81478e-36	1.45605e-37	1.13327e-38	8.51612e-40	0	
8.40635e-22	1.15321e-22	1.52175e-23	1.93288e-24	2.36468e-25	2.78819e-26	3.17044e-27	3.47875e-28	3.68541e-29	3.77183e-30	3.73129e-31	3.56973e-32	3.30451e-33	2.96135e-34	2.57036e-35	2.16184e-36	1.7627e-37	1.39396e-38	1.06958e-39	7.92634e-41	0	
1.02622e-22	1.38181e-23	1.79038e-24	2.23368e-25	2.68502e-26	3.11168e-27	3.47875e-28	3.75394e-29	3.91231e-30	3.94005e-31	3.8364e-32	3.61348e-33	3.29403e-34	2.90765e-35	2.48643e-36	2.06077e-37	1.65615e-38	1.29114e-39	9.76838e-41	7.14016e-42	0	
1.20714e-23	1.596e-24	2.03119e-25	2.48994e-26	2.94182e-27	3.35194e-28	3.68541e-29	3.91231e-30	4.01218e-31	3.97707e-32	3.81249e-33	3.53622e-34	3.1752e-35	2.7613e-36	2.32685e-37	1.90078e-38	1.50591e-39	1.15759e-40	8.63715e-42	6.22808e-43	0	
1.3691e-24	1.77803e-25	2.22345e-26	2.67898e-27	3.11196e-28	3.48721e-29	3.77183e-30	3.94005e-31	3.97707e-32	3.88122e-33	3.66388e-34	3.34735e-35	2.96113e-36	2.53757e-37	2.10757e-38	1.69724e-39	1.32584e-40	1.00509e-41	7.39708e-43	5.26275e-44	0	
1.49814e-25	1.91176e-26	2.34981e-27	2.78367e-28	3.18016e-29	3.50575e-30	3.73129e-31	3.8364e-32	3.81249e-33	3.66388e-34	3.40677e-35	3.06638e-36	2.67301e-37	2.25771e-38	1.84853e-39	1.46779e-40	1.13076e-41	8.45518e-43	6.13889e-44	4.31002e-45	0	
1.58259e-26	1.98505e-27	2.39894e-28	2.79497e-29	3.14124e-30	3.40753e-31	3.56973e-32	3.61348e-33	3.53622e-34	3.34735e-35	3.06638e-36	2.71974e-37	2.33672e-38	1.94567e-39	1.57073e-40	1.22998e-41	9.34628e-43	6.89448e-44	4.93914e-45	3.42251e-46	0	
1.61489e-27	1.9916e-28	2.36718e-29	2.71323e-30	3.0007e-31	3.20393e-32	3.30451e-33	3.29403e-34	3.1752e-35	2.96113e-36	2.67301e-37	2.33672e-38	1.97916e-39	1.62487e-40	1.29362e-41	9.99165e-43	7.49008e-44	5.45168e-45	3.85418e-46	2.6363e-47	0	
1.59264e-28	1.93182e-29	2.25893e-30	2.54786e-31	2.77357e-32	2.91562e-33	2.96135e-34	2.90765e-35	2.7613e-36	2.53757e-37	2.25771e-38	1.94567e-39	1.62487e-40	1.31556e-41	1.03308e-42	7.87173e-44	5.82237e-45	4.1821e-46	2.91819e-47	1.97064e-48	0	
1.51893e-29	1.8126e-30	2.08575e-31	2.31563e-32	2.48181e-33	2.56921e-34	2.57036e-35	2.48643e-36	2.32685e-37	2.10757e-38	1.84853e-39	1.57073e-40	1.29362e-41	1.03308e-42	8.0032e-44	6.01701e-45	4.39198e-46	3.11366e-47	2.14474e-48	1.43007e-49	0	
1.40163e-30	1.646e-31	1.86437e-32	2.0379e-33	2.15093e-34	2.19329e-35	2.16184e-36	2.06077e-37	1.90078e-38	1.69724e-39	1.46779e-40	1.22998e-41	9.99165e-43	7.87173e-44	6.01701e-45	4.46424e-46	3.2162e-47	2.2508e-48	1.53068e-49	1.0079e-50	0	
1.25206e-31	1.44735e-32	1.61408e-33	1.7375e-34	1.8064e-35	1.81478e-36	1.7627e-37	1.65615e-38	1.50591e-39	1.32584e-40	1.13076e-41	9.34628e-43	7.49008e-44	5.82237e-45	4.39198e-46	3.2162e-47	2.28729e-48	1.58037e-49	1.06124e-50	6.90167e-52	0	
1.08326e-32	1.23293e-33	1.3541e-34	1.43583e-35	1.47074e-36	1.45605e-37	1.39396e-38	1.29114e-39	1.15759e-40	1.00509e-41	8.45518e-43	6.89448e-44	5.45168e-45	4.1821e-46	3.11366e-47	2.2508e-48	1.58037e-49	1.07821e-50	7.15026e-52	4.59331e-53	0	
9.08131e-34	1.01794e-34	1.10127e-35	1.15053e-36	1.16137e-37	1.13327e-38	1.06958e-39	9.76838e-41	8.63715e-42	7.39708e-43	6.13889e-44	4.93914e-45	3.85418e-46	2.91819e-47	2.14474e-48	1.53068e-49	1.06124e-50	7.15026e-52	4.68343e-53	2.97225e-54	0	
7.33667e-35	8.10249e-36	8.6381e-37	8.8948e-38	8.8512e-39	8.51612e-40	7.92634e-41	7.14016e-42	6.22808e-43	5.26275e-44	4.31002e-45	3.42251e-46	2.6363e-47	1.97064e-48	1.43007e-49	1.0079e-50	6.90167e-52	4.59331e-53	2.97225e-54	1.86386e-55	0	
0	0	0	0	0	0	0	0	0	0	0	0	0	0	0	0	0	0	0	0	0	
