0	0.00151182	0.00043087	0.00172253	-0.00270038	-0.00761123	-0.0188335	-0.0380449	-0.0663217	-0.109723	-0.168235	-0.243454	-0.333055	-0.428571	-0.517768	-0.584159	-0.60804	-0.577499	-0.486113	-0.342524	
0	0.000317537	-0.000267125	-0.000877851	-0.00464362	-0.00971098	-0.0208454	-0.037996	-0.0647945	-0.105276	-0.159814	-0.23196	-0.317811	-0.411976	-0.501463	-0.572459	-0.602958	-0.5826	-0.502266	-0.367553	
0	-0.00189733	-0.00612936	-0.00745158	-0.013685	-0.0191718	-0.0297257	-0.0462547	-0.0702041	-0.107637	-0.158227	-0.226331	-0.308734	-0.400695	-0.491407	-0.564127	-0.601783	-0.58811	-0.515089	-0.386362	
0	-0.00376179	-0.0090596	-0.0119841	-0.0189855	-0.0244142	-0.0351109	-0.0504778	-0.0726065	-0.108313	-0.155895	-0.220884	-0.301106	-0.390486	-0.480399	-0.555063	-0.595209	-0.587215	-0.520153	-0.39744	
0	-0.00115627	-0.00381463	-0.00523635	-0.0105109	-0.0156782	-0.0264656	-0.0415522	-0.0647699	-0.0998219	-0.146299	-0.210815	-0.287814	-0.376224	-0.466395	-0.541734	-0.587823	-0.586627	-0.527571	-0.411757	
0	0.00171988	0.000937452	0.00276195	-0.00102345	-0.00407253	-0.0125004	-0.0272255	-0.0477728	-0.0822559	-0.128287	-0.191034	-0.270061	-0.359275	-0.453133	-0.534307	-0.588378	-0.595578	-0.546087	-0.438927	
0	0.00102219	0.00200735	0.0021221	0.000542328	-0.00186114	-0.0099463	-0.0210919	-0.0416034	-0.0730798	-0.116548	-0.178798	-0.25543	-0.345521	-0.442331	-0.528912	-0.591175	-0.610636	-0.571957	-0.473934	
0	-0.0020178	-0.00551365	-0.00670857	-0.0107312	-0.0142143	-0.0201952	-0.0310889	-0.0469041	-0.0740281	-0.112999	-0.168817	-0.241286	-0.328516	-0.424704	-0.513329	-0.583913	-0.610585	-0.583842	-0.497838	
0	-0.00308929	-0.00501949	-0.00894943	-0.0119432	-0.0164499	-0.0238682	-0.0335955	-0.0503718	-0.0754323	-0.111957	-0.163152	-0.230957	-0.311214	-0.402483	-0.489617	-0.559495	-0.59451	-0.57795	-0.504632	
0	-0.000235308	-0.000472508	-0.00210374	-0.00404053	-0.00843233	-0.0151402	-0.0250952	-0.0417931	-0.0653657	-0.100097	-0.149756	-0.212712	-0.292464	-0.382115	-0.469586	-0.546004	-0.58692	-0.579695	-0.516973	
0	-0.000151886	0.000944199	-0.000633824	-0.000141562	-0.00350204	-0.00714425	-0.015789	-0.0299953	-0.0519722	-0.0874494	-0.134584	-0.201025	-0.280562	-0.372439	-0.465138	-0.545207	-0.593326	-0.595235	-0.539632	
0	5.48423e-05	0.00194929	0.000207873	0.00117545	-0.00140891	-0.00589392	-0.0121032	-0.0268844	-0.0466346	-0.0790584	-0.125643	-0.187032	-0.266122	-0.357343	-0.452158	-0.537647	-0.596141	-0.607756	-0.564402	
0	-0.00131628	-0.00158385	-0.00413423	-0.00398504	-0.00811162	-0.0103369	-0.0174844	-0.0284744	-0.0447871	-0.0736813	-0.11267	-0.168696	-0.241632	-0.326622	-0.419884	-0.50784	-0.571409	-0.597484	-0.569382	
0	-0.00153642	-0.001384	-0.00443666	-0.0046497	-0.00812669	-0.0116459	-0.0170899	-0.027536	-0.0415641	-0.0663907	-0.100449	-0.151197	-0.216882	-0.297665	-0.389654	-0.477385	-0.550523	-0.586568	-0.571536	
0	-0.00012809	0.000140184	-0.000473296	-9.07614e-06	-0.00148142	-0.00287747	-0.00674581	-0.0149249	-0.0276505	-0.0503022	-0.0849709	-0.13281	-0.200529	-0.280137	-0.372606	-0.463344	-0.538363	-0.57986	-0.572021	
0	0.00343391	0.00682306	0.00942013	0.0122217	0.0123032	0.0127006	0.00795948	0.000789249	-0.0128796	-0.0362671	-0.0681227	-0.116566	-0.178898	-0.255381	-0.345361	-0.434182	-0.512492	-0.563054	-0.56521	
0	0.00416847	0.00700936	0.0114672	0.0128296	0.015728	0.0153895	0.0141054	0.0097428	-0.000339934	-0.0158933	-0.043239	-0.0823762	-0.138242	-0.209718	-0.29611	-0.386137	-0.471586	-0.530662	-0.547772	
0	0.00317858	0.00537128	0.00965008	0.0124338	0.016398	0.0202396	0.0219012	0.0231785	0.0184822	0.00872115	-0.0120023	-0.0447132	-0.0948276	-0.160455	-0.242811	-0.332816	-0.419062	-0.486911	-0.513795	
0	0.00826683	0.0144012	0.0241738	0.0296137	0.0382775	0.0443475	0.0488376	0.0530524	0.0503012	0.0439513	0.0275806	-0.00206467	-0.044555	-0.106676	-0.183061	-0.270121	-0.357434	-0.428811	-0.464468	
0	0.0153146	0.0288872	0.0446895	0.0560757	0.0701724	0.079482	0.0886114	0.0947579	0.0947708	0.0920247	0.0772248	0.0538325	0.0153652	-0.0398691	-0.10902	-0.191122	-0.275537	-0.347991	-0.39276	
0	0.0198704	0.0392814	0.0586382	0.0767957	0.0943459	0.1102	0.124089	0.135466	0.142342	0.144269	0.137685	0.12054	0.0903913	0.0425561	-0.0193485	-0.0976853	-0.179847	-0.256831	-0.309192	
0	0.0228375	0.044777	0.0684594	0.0898751	0.113485	0.134652	0.156045	0.175339	0.190933	0.202112	0.205294	0.196727	0.175934	0.134896	0.079086	0.00436572	-0.077947	-0.156909	-0.218285	
0	0.0284541	0.0591069	0.085852	0.115996	0.143322	0.170005	0.197502	0.219844	0.242199	0.25794	0.266743	0.266375	0.251325	0.220156	0.170797	0.103384	0.0237064	-0.0563393	-0.124818	
0	0.0355192	0.0722098	0.105454	0.14117	0.172105	0.203723	0.2325	0.25715	0.281143	0.296864	0.308653	0.310261	0.299631	0.274732	0.232509	0.171965	0.0990624	0.0206362	-0.0505156	
0	0.0351743	0.0709174	0.104723	0.139496	0.171473	0.203331	0.232572	0.259092	0.283421	0.301114	0.314983	0.31842	0.311392	0.291233	0.252714	0.199413	0.130317	0.0548862	-0.017592	
0	0.025657	0.0540304	0.0779115	0.107107	0.131929	0.159158	0.185843	0.209815	0.234742	0.254266	0.269986	0.278987	0.27554	0.261636	0.227443	0.17922	0.11123	0.0349102	-0.0414144	
0	0.0142478	0.0271073	0.0422604	0.0561115	0.0703261	0.0867721	0.100641	0.117764	0.132707	0.147133	0.159132	0.166164	0.164205	0.152266	0.123254	0.0769189	0.0136476	-0.0647116	-0.144804	
0	-0.00366901	-0.00870541	-0.0103903	-0.0143751	-0.0151345	-0.0152437	-0.016046	-0.0123112	-0.0122047	-0.00926549	-0.00877252	-0.0129252	-0.0208843	-0.0391753	-0.0701693	-0.114141	-0.17464	-0.24841	-0.323957	
0	-0.0265148	-0.0528174	-0.077176	-0.101305	-0.121767	-0.142114	-0.158961	-0.174304	-0.189451	-0.201117	-0.216089	-0.23021	-0.248256	-0.273406	-0.30524	-0.349325	-0.406221	-0.47382	-0.545785	
0	-0.0463811	-0.0954509	-0.138508	-0.186067	-0.227206	-0.268624	-0.307223	-0.340817	-0.37382	-0.40057	-0.426858	-0.450166	-0.474006	-0.502774	-0.534684	-0.581656	-0.6359	-0.706025	-0.782135	
0	-0.065488	-0.130503	-0.193959	-0.256769	-0.315478	-0.373262	-0.425787	-0.475128	-0.520053	-0.5606	-0.596563	-0.631817	-0.662999	-0.69914	-0.737863	-0.786344	-0.845675	-0.917729	-0.998645	
0	-0.0734499	-0.143889	-0.216906	-0.284753	-0.351791	-0.417862	-0.476456	-0.53787	-0.590451	-0.642997	-0.692067	-0.737458	-0.783554	-0.830111	-0.880057	-0.937032	-1.00535	-1.08095	-1.16998	
0	-0.0661577	-0.131438	-0.197721	-0.261432	-0.326511	-0.388986	-0.450503	-0.512329	-0.569688	-0.629098	-0.685722	-0.741063	-0.800543	-0.857493	-0.921794	-0.991103	-1.06785	-1.15349	-1.24964	
0	-0.051876	-0.102401	-0.156212	-0.206741	-0.262354	-0.314593	-0.371286	-0.427007	-0.483666	-0.543552	-0.600706	-0.662573	-0.72416	-0.786723	-0.857102	-0.928337	-1.01132	-1.10333	-1.20537	
0	-0.0353878	-0.0704868	-0.108155	-0.14552	-0.186553	-0.228118	-0.273048	-0.319026	-0.367858	-0.417481	-0.469366	-0.522849	-0.578455	-0.637875	-0.703691	-0.775452	-0.861577	-0.958228	-1.06988	
0	-0.0216578	-0.0454786	-0.0669819	-0.0921235	-0.116974	-0.142624	-0.172319	-0.200147	-0.234173	-0.266906	-0.305859	-0.34603	-0.392541	-0.444681	-0.503583	-0.574998	-0.656008	-0.754815	-0.867912	
0	-0.00666221	-0.0154596	-0.0211693	-0.0308765	-0.0390266	-0.0484567	-0.0619324	-0.0733337	-0.0921282	-0.11107	-0.13467	-0.1652	-0.197289	-0.240865	-0.288692	-0.351188	-0.423205	-0.516531	-0.623407	
0	0.0106095	0.0200466	0.0304538	0.0365438	0.0454956	0.0474656	0.0519587	0.0507247	0.0477415	0.0418296	0.0312288	0.015023	-0.0041804	-0.0357597	-0.0717264	-0.12279	-0.187058	-0.267798	-0.367636	
0	0.0246746	0.0503618	0.0728872	0.095326	0.116651	0.131772	0.150695	0.158582	0.169795	0.173179	0.171785	0.169229	0.155386	0.139643	0.112708	0.0771538	0.0273205	-0.0349494	-0.120274	
0	0.0336488	0.068746	0.0993295	0.133066	0.160134	0.188198	0.211942	0.230616	0.249082	0.258943	0.267004	0.27122	0.265772	0.26227	0.244988	0.224879	0.191959	0.146031	0.0817715	
0	0.0346899	0.0678623	0.101747	0.133926	0.163282	0.194738	0.218551	0.246125	0.266621	0.285953	0.303342	0.313839	0.323123	0.325982	0.322171	0.312486	0.292821	0.260207	0.21455	
0	0.0262485	0.0513161	0.0779773	0.102373	0.127626	0.152772	0.175018	0.201108	0.22137	0.24532	0.266452	0.284531	0.305173	0.317013	0.328946	0.332613	0.326899	0.310332	0.278009	
0	0.0104742	0.023205	0.0339002	0.0486973	0.0631528	0.0795006	0.0986277	0.117829	0.139617	0.162608	0.185776	0.209926	0.234238	0.255213	0.275753	0.289484	0.295264	0.291535	0.271379	
0	-0.00101638	-0.00109792	-0.000146978	0.00289062	0.00893221	0.0163277	0.0295076	0.0423019	0.0615268	0.0808072	0.10236	0.126425	0.147762	0.170021	0.189719	0.203291	0.214962	0.215866	0.207985	
0	-0.00169785	-0.00561613	-0.00473762	-0.00812339	-0.00574197	-0.00572059	-0.00165093	0.00276409	0.00997185	0.0189766	0.02944	0.0433159	0.0559347	0.0722781	0.0870502	0.100314	0.114753	0.12144	0.125323	
0	-0.00201972	-0.00426735	-0.00618485	-0.0085104	-0.0108259	-0.0128898	-0.0159936	-0.0177371	-0.0206131	-0.0221083	-0.0224466	-0.0218052	-0.01813	-0.0110091	-0.00290906	0.0121878	0.0253459	0.0425359	0.0570747	
0	-0.00440456	-0.00668353	-0.0132878	-0.015383	-0.0227949	-0.0264179	-0.0335849	-0.0386466	-0.0447737	-0.0502681	-0.0535346	-0.0577014	-0.0566325	-0.0549495	-0.0500506	-0.0378952	-0.0280515	-0.0087066	0.00870722	
0	-0.0056317	-0.0111689	-0.0175834	-0.0237611	-0.0309718	-0.0379855	-0.0451372	-0.0520572	-0.0579616	-0.0628416	-0.0662224	-0.0676138	-0.0667525	-0.0646074	-0.0581964	-0.052045	-0.0408427	-0.0291539	-0.0151292	
0	-0.00551348	-0.0126465	-0.0164222	-0.0236398	-0.02664	-0.0326026	-0.0354076	-0.0397982	-0.0425761	-0.0448326	-0.0476607	-0.0470012	-0.0478181	-0.045567	-0.0400736	-0.0378486	-0.0265166	-0.021344	-0.01175	
0	0	0	0	0	0	0	0	0	0	0	0	0	0	0	0	0	0	0	0	
