0	0	0	0	0	0	0	0	0	0	0	0	0	0	0	0	0	0	0	
-0.0602305	0.00715693	0.0733682	0.121124	0.145162	0.155864	0.165493	0.176108	0.184514	0.187102	0.185942	0.180827	0.167347	0.145885	0.122199	0.100553	0.0753768	0.0335402	-0.0277923	
-0.107448	0.0159678	0.132721	0.219033	0.267962	0.296519	0.321856	0.347097	0.367055	0.374129	0.369792	0.355116	0.324639	0.281323	0.231416	0.180124	0.120466	0.0372927	-0.071278	
-0.141111	0.0182163	0.166257	0.282692	0.361755	0.41677	0.463487	0.505204	0.539333	0.553623	0.54574	0.515989	0.463736	0.395094	0.315214	0.226248	0.125822	0.00624219	-0.12788	
-0.160926	0.0111339	0.173854	0.316731	0.430442	0.519181	0.589012	0.644402	0.688125	0.707797	0.69661	0.654434	0.581462	0.488179	0.376812	0.249707	0.111436	-0.0335307	-0.177459	
-0.16841	0.000791811	0.167816	0.32955	0.474164	0.594975	0.689164	0.755806	0.802067	0.818931	0.804247	0.756486	0.673787	0.561916	0.423194	0.26384	0.0983818	-0.0619794	-0.205501	
-0.160761	0.00645001	0.177628	0.347828	0.502949	0.639253	0.750202	0.826962	0.871101	0.878436	0.855681	0.806777	0.721946	0.601122	0.446617	0.272549	0.0983071	-0.0642809	-0.20728	
-0.142714	0.0310061	0.208367	0.374299	0.516011	0.64238	0.754893	0.83671	0.881009	0.881074	0.852843	0.802764	0.717784	0.592281	0.433056	0.261979	0.0993516	-0.0524876	-0.188474	
-0.102994	0.0771229	0.254939	0.407077	0.523467	0.624133	0.719177	0.793047	0.83437	0.834378	0.806714	0.757894	0.672132	0.545206	0.391107	0.236734	0.0992407	-0.027816	-0.15034	
-0.0414448	0.138657	0.306255	0.441318	0.532521	0.602104	0.665891	0.716624	0.749665	0.750831	0.725926	0.67607	0.590044	0.471235	0.33601	0.209547	0.103301	0.0047642	-0.094545	
0.0250152	0.201528	0.360188	0.478518	0.54437	0.577346	0.600183	0.618195	0.633593	0.628613	0.597583	0.540701	0.459428	0.36478	0.271568	0.189309	0.119833	0.0508653	-0.0260639	
0.0655524	0.24176	0.396334	0.5039	0.545632	0.543669	0.525487	0.50527	0.492635	0.469399	0.425865	0.365178	0.296887	0.238606	0.194596	0.162715	0.134821	0.0985343	0.0491664	
0.0723277	0.241175	0.394921	0.498798	0.531686	0.510163	0.461864	0.403888	0.353416	0.30307	0.249411	0.194976	0.149478	0.120995	0.113869	0.121351	0.133594	0.134291	0.11555	
0.0515676	0.203169	0.348366	0.45308	0.486909	0.462995	0.402731	0.320799	0.237035	0.158753	0.0951987	0.0542475	0.0316623	0.0264096	0.0380595	0.0697211	0.112668	0.147197	0.158726	
0.0185084	0.144709	0.273039	0.364671	0.393358	0.371238	0.317243	0.234795	0.135633	0.0359748	-0.0358972	-0.0675362	-0.0683013	-0.0562595	-0.0307264	0.0151854	0.0789704	0.13847	0.176893	
-0.0188623	0.0807305	0.178805	0.24498	0.260612	0.242975	0.204315	0.137257	0.0423818	-0.0578554	-0.129494	-0.153728	-0.14566	-0.124933	-0.0946305	-0.0406716	0.0380832	0.122172	0.187597	
-0.0669936	-0.00461671	0.057224	0.0983509	0.107754	0.0959925	0.0704576	0.0226815	-0.0458616	-0.117867	-0.169909	-0.191173	-0.18859	-0.174549	-0.145542	-0.0873296	0.00303419	0.104455	0.19318	
-0.142048	-0.121171	-0.0905959	-0.0643055	-0.056382	-0.0628834	-0.0781329	-0.0990092	-0.124334	-0.150214	-0.17772	-0.200397	-0.211797	-0.206098	-0.175451	-0.110358	-0.0145368	0.0950166	0.193773	
-0.244794	-0.257767	-0.25044	-0.238744	-0.233036	-0.232022	-0.227199	-0.21162	-0.190021	-0.174578	-0.180841	-0.202728	-0.222898	-0.219194	-0.182547	-0.112187	-0.0160799	0.0893995	0.1865	
-0.356316	-0.39548	-0.410888	-0.412582	-0.404083	-0.385089	-0.352165	-0.300177	-0.244523	-0.200785	-0.186506	-0.200437	-0.220817	-0.219619	-0.184613	-0.116145	-0.0246839	0.0734552	0.158714	
-0.450794	-0.517596	-0.554014	-0.562102	-0.544123	-0.50691	-0.448195	-0.37072	-0.295102	-0.232468	-0.200456	-0.197496	-0.210793	-0.211567	-0.188506	-0.134591	-0.0555543	0.0270922	0.0971953	
-0.517596	-0.608555	-0.658395	-0.669828	-0.648871	-0.597277	-0.51818	-0.420352	-0.331388	-0.26079	-0.215113	-0.193008	-0.189422	-0.191919	-0.188351	-0.159421	-0.105617	-0.0429191	0.0166978	
-0.554014	-0.658395	-0.719483	-0.745958	-0.729175	-0.668999	-0.572206	-0.457039	-0.356985	-0.2789	-0.221136	-0.175393	-0.15661	-0.161542	-0.176513	-0.175797	-0.148851	-0.106456	-0.0599833	
-0.562102	-0.669828	-0.745958	-0.788358	-0.778647	-0.715443	-0.613939	-0.489403	-0.377508	-0.288097	-0.214031	-0.156564	-0.135056	-0.142555	-0.166183	-0.180925	-0.175079	-0.154912	-0.133077	
-0.544123	-0.648871	-0.729175	-0.778647	-0.774245	-0.722344	-0.630335	-0.50775	-0.387736	-0.283639	-0.201558	-0.148012	-0.133289	-0.140403	-0.162216	-0.184357	-0.193616	-0.200128	-0.213468	
-0.50691	-0.597277	-0.668999	-0.715443	-0.722344	-0.689043	-0.617111	-0.507299	-0.384541	-0.270946	-0.186589	-0.14018	-0.130928	-0.137537	-0.160073	-0.187101	-0.214437	-0.250199	-0.294138	
-0.448195	-0.51818	-0.572206	-0.613939	-0.630335	-0.617111	-0.569997	-0.480508	-0.36351	-0.248629	-0.163504	-0.118086	-0.112687	-0.126494	-0.152219	-0.186221	-0.231252	-0.291389	-0.361773	
-0.37072	-0.420352	-0.457039	-0.489403	-0.50775	-0.507299	-0.480508	-0.411983	-0.311299	-0.208491	-0.127422	-0.0825848	-0.0817515	-0.0998836	-0.128707	-0.173727	-0.237852	-0.318151	-0.409268	
-0.295102	-0.331388	-0.356985	-0.377508	-0.387736	-0.384541	-0.36351	-0.311299	-0.235204	-0.156612	-0.0887761	-0.0468338	-0.04227	-0.0565587	-0.092044	-0.152801	-0.235138	-0.336785	-0.448973	
-0.232468	-0.26079	-0.2789	-0.288097	-0.283639	-0.270946	-0.248629	-0.208491	-0.156612	-0.105872	-0.0559893	-0.0145414	0.00454767	-0.00436015	-0.0461447	-0.116735	-0.211549	-0.333086	-0.462164	
-0.200456	-0.215113	-0.221136	-0.214031	-0.201558	-0.186589	-0.163504	-0.127422	-0.0887761	-0.0559893	-0.0172901	0.0294014	0.0555922	0.0469722	0.00330965	-0.0656674	-0.166532	-0.298786	-0.439774	
-0.197496	-0.193008	-0.175393	-0.156564	-0.148012	-0.14018	-0.118086	-0.0825848	-0.0468338	-0.0145414	0.0294014	0.0774465	0.104464	0.0972133	0.0629114	0.000886982	-0.0946157	-0.220843	-0.367408	
-0.210793	-0.189422	-0.15661	-0.135056	-0.133289	-0.130928	-0.112687	-0.0817515	-0.04227	0.00454767	0.0555922	0.104464	0.135089	0.144619	0.127728	0.0814963	0.0052465	-0.107152	-0.256633	
-0.211567	-0.191919	-0.161542	-0.142555	-0.140403	-0.137537	-0.126494	-0.0998836	-0.0565587	-0.00436015	0.0469722	0.0972133	0.144619	0.178256	0.187721	0.171958	0.123723	0.027233	-0.113246	
-0.188506	-0.188351	-0.176513	-0.166183	-0.162216	-0.160073	-0.152219	-0.128707	-0.092044	-0.0461447	0.00330965	0.0629114	0.127728	0.187721	0.23383	0.253984	0.232053	0.157412	0.0449884	
-0.134591	-0.159421	-0.175797	-0.180925	-0.184357	-0.187101	-0.186221	-0.173727	-0.152801	-0.116735	-0.0656674	0.000886982	0.0814963	0.171958	0.253984	0.306093	0.312048	0.274415	0.206988	
-0.0555543	-0.105617	-0.148851	-0.175079	-0.193616	-0.214437	-0.231252	-0.237852	-0.235138	-0.211549	-0.166532	-0.0946157	0.0052465	0.123723	0.232053	0.312048	0.357086	0.368843	0.356186	
0.0270922	-0.0429191	-0.106456	-0.154912	-0.200128	-0.250199	-0.291389	-0.318151	-0.336785	-0.333086	-0.298786	-0.220843	-0.107152	0.027233	0.157412	0.274415	0.368843	0.432172	0.47854	
0.0971953	0.0166978	-0.0599833	-0.133077	-0.213468	-0.294138	-0.361773	-0.409268	-0.448973	-0.462164	-0.439774	-0.367408	-0.256633	-0.113246	0.0449884	0.206988	0.356186	0.47854	0.582433	
0.146964	0.063876	-0.0220735	-0.122231	-0.235747	-0.347172	-0.441831	-0.507954	-0.555467	-0.579275	-0.570158	-0.515053	-0.411168	-0.26088	-0.0774373	0.125689	0.331552	0.514053	0.671342	
0.171029	0.0935778	0.00155558	-0.117177	-0.255079	-0.392997	-0.51006	-0.590276	-0.6428	-0.677471	-0.680762	-0.63478	-0.539286	-0.388733	-0.194843	0.039364	0.289786	0.52399	0.723918	
0.184328	0.116228	0.028901	-0.097004	-0.242505	-0.39523	-0.527652	-0.626608	-0.695278	-0.742657	-0.749727	-0.708053	-0.6208	-0.47472	-0.276842	-0.0339275	0.235177	0.497976	0.735951	
0.193692	0.139525	0.0617137	-0.0539173	-0.191511	-0.341198	-0.483713	-0.601256	-0.691817	-0.7498	-0.76492	-0.728737	-0.644855	-0.500278	-0.309523	-0.0822355	0.179683	0.454224	0.713297	
0.209393	0.168355	0.105147	0.0118574	-0.10905	-0.243974	-0.387619	-0.516706	-0.625344	-0.699981	-0.726515	-0.695553	-0.609568	-0.470741	-0.296368	-0.0901323	0.152716	0.417574	0.672189	
0.216182	0.189203	0.14778	0.0836779	-0.00968767	-0.122823	-0.253386	-0.387523	-0.505065	-0.592858	-0.628053	-0.605274	-0.529766	-0.408693	-0.255484	-0.0736384	0.135064	0.367333	0.599992	
0.200953	0.189964	0.17929	0.150902	0.0946525	0.00750479	-0.105151	-0.234172	-0.345279	-0.431959	-0.474747	-0.468453	-0.417936	-0.328975	-0.209872	-0.068167	0.0985214	0.291108	0.496975	
0.155538	0.163053	0.183921	0.19176	0.169509	0.109116	0.0179272	-0.0853104	-0.174135	-0.246054	-0.293252	-0.305246	-0.291105	-0.253327	-0.18482	-0.0886313	0.0372566	0.191415	0.36112	
0.0885516	0.116048	0.159364	0.193225	0.194434	0.16355	0.1061	0.0456432	-0.00999889	-0.0619321	-0.107337	-0.141324	-0.171565	-0.190819	-0.176996	-0.124694	-0.0404971	0.0716111	0.19871	
0.00473171	0.0510764	0.106861	0.156954	0.180067	0.184487	0.175748	0.165349	0.145257	0.11356	0.0671795	0.0125384	-0.0588082	-0.126498	-0.172818	-0.176031	-0.140726	-0.069353	0.020532	
-0.0959174	-0.0372567	0.0317755	0.0972547	0.148151	0.19081	0.236044	0.272037	0.282312	0.265372	0.220744	0.153895	0.0546848	-0.0628559	-0.173545	-0.241472	-0.250097	-0.220963	-0.164747	
