0	0	0	0	0	0	0	0	0	0	0	0	0	0	0	0	0	0	0	0	0	
3.69848e-58	5.23007e-60	7.05163e-62	9.07004e-64	1.1135e-65	1.30541e-67	1.46209e-69	1.56514e-71	1.60198e-73	1.56836e-75	1.46913e-77	1.31715e-79	1.13057e-81	9.29303e-84	7.31669e-86	5.51898e-88	3.98906e-90	2.76323e-92	1.83467e-94	1.16768e-96	0	
1.35258e-56	1.96319e-58	2.71649e-60	3.58551e-62	4.51668e-64	5.43291e-66	6.24301e-68	6.85636e-70	7.1996e-72	7.23108e-74	6.94912e-76	6.3919e-78	5.62901e-80	4.74738e-82	3.83534e-84	2.96877e-86	2.20221e-88	1.56577e-90	1.06719e-92	6.97346e-95	0	
4.61949e-55	6.88291e-57	9.77549e-59	1.32419e-60	1.71176e-62	2.11274e-64	2.49097e-66	2.80676e-68	3.02372e-70	3.11566e-72	3.07175e-74	2.89868e-76	2.61895e-78	2.26615e-80	1.87846e-82	1.492e-84	1.13574e-86	8.28741e-89	5.7977e-91	3.88898e-93	0	
1.47153e-53	2.25103e-55	3.28183e-57	4.56285e-59	6.05327e-61	7.66671e-63	9.27493e-65	1.07226e-66	1.18513e-68	1.25281e-70	1.26715e-72	1.22671e-74	1.13704e-76	1.00938e-78	8.58421e-81	6.99557e-83	5.46412e-85	4.09148e-87	2.93753e-89	2.02243e-91	0	
4.3632e-52	6.85349e-54	1.02581e-55	1.46401e-57	1.99341e-59	2.59098e-61	3.2164e-63	3.8153e-65	4.32649e-67	4.69218e-69	4.86878e-71	4.83538e-73	4.59786e-75	4.18728e-77	3.6533e-79	3.05445e-81	2.44781e-83	1.88068e-85	1.38558e-87	9.78991e-90	0	
1.20154e-50	1.93823e-52	2.97881e-54	4.36443e-56	6.09989e-58	8.13719e-60	1.03661e-61	1.26173e-63	1.46802e-65	1.63343e-67	1.73882e-69	1.77157e-71	1.72809e-73	1.61445e-75	1.44499e-77	1.23939e-79	1.01899e-81	8.03241e-84	6.07196e-86	4.40231e-88	0	
3.06562e-49	5.07952e-51	8.01687e-53	1.20602e-54	1.73037e-56	2.36929e-58	3.09765e-60	3.86905e-62	4.61899e-64	5.27303e-66	5.75876e-68	6.01903e-70	6.02304e-72	5.77226e-74	5.29976e-76	4.66311e-78	3.93298e-80	3.18054e-82	2.46668e-84	1.83493e-86	0	
7.22777e-48	1.23033e-49	1.99442e-51	3.081e-53	4.53861e-55	6.37934e-57	8.56048e-59	1.09729e-60	1.34422e-62	1.57451e-64	1.76418e-66	1.89165e-68	1.94183e-70	1.909e-72	1.79794e-74	1.62275e-76	1.40397e-78	1.16469e-80	9.26642e-83	7.07187e-85	0	
1.57015e-46	2.74634e-48	4.5734e-50	7.25611e-52	1.09759e-53	1.58385e-55	2.18167e-57	2.87013e-59	3.60813e-61	4.33654e-63	4.98521e-65	5.48394e-67	5.77489e-69	5.82374e-71	5.62625e-73	5.20879e-75	4.62258e-77	3.93354e-79	3.21028e-81	2.51327e-83	0	
3.133e-45	5.63187e-47	9.63614e-49	1.57046e-50	2.43964e-52	3.61475e-54	5.11151e-56	6.90224e-58	8.90503e-60	1.09826e-61	1.29541e-63	1.46197e-65	1.57935e-67	1.6338e-69	1.61905e-71	1.53747e-73	1.39951e-75	1.22151e-77	1.02255e-79	8.21145e-82	0	
5.72203e-44	1.05733e-45	1.85912e-47	3.11288e-49	4.9669e-51	7.55734e-53	1.0972e-54	1.52088e-56	2.01389e-58	2.54885e-60	3.08482e-62	3.57187e-64	3.95852e-66	4.20065e-68	4.26987e-70	4.15891e-72	3.8829e-74	3.47598e-76	2.98445e-78	2.45813e-80	0	
9.52912e-43	1.81039e-44	3.27184e-46	5.62923e-48	9.22702e-50	1.44189e-51	2.14951e-53	3.05884e-55	4.15749e-57	5.4001e-59	6.70642e-61	7.96723e-63	9.05835e-65	9.86051e-67	1.02809e-68	1.02708e-70	9.83498e-73	9.0297e-75	7.95123e-77	6.71658e-79	0	
1.44092e-41	2.81516e-43	5.23028e-45	9.24811e-47	1.55746e-48	2.49992e-50	3.82714e-52	5.59163e-54	7.80148e-56	1.04001e-57	1.3254e-59	1.61558e-61	1.88444e-63	2.10426e-65	2.25041e-67	2.30587e-69	2.26453e-71	2.13223e-73	1.9255e-75	1.668e-77	0	
1.96919e-40	3.95713e-42	7.55924e-44	1.37386e-45	2.37746e-47	3.92023e-49	6.16369e-51	9.24671e-53	1.3244e-54	1.81213e-56	2.36995e-58	2.9641e-60	3.54701e-62	4.06298e-64	4.45686e-66	4.68369e-68	4.71723e-70	4.55489e-72	4.21796e-74	3.74681e-76	0	
2.41979e-39	5.00229e-41	9.82664e-43	1.83595e-44	3.26503e-46	5.53115e-48	8.93223e-50	1.37599e-51	2.0233e-53	2.84157e-55	3.81377e-57	4.89423e-59	6.00849e-61	7.06001e-63	7.94325e-65	8.561e-67	8.8421e-69	8.75487e-71	8.31297e-73	7.57148e-75	0	
2.65862e-38	5.65459e-40	1.14242e-41	2.19438e-43	4.01076e-45	6.98091e-47	1.15796e-48	1.83177e-50	2.76527e-52	3.98624e-54	5.49041e-56	7.22939e-58	9.10505e-60	1.09739e-61	1.2663e-63	1.39959e-65	1.48228e-67	1.50484e-69	1.46499e-71	1.36797e-73	0	
2.59561e-37	5.68029e-39	1.18033e-40	2.33099e-42	4.37879e-44	7.83071e-46	1.33418e-47	2.16727e-49	3.35884e-51	4.96968e-53	7.02412e-55	9.48923e-57	1.22597e-58	1.51552e-60	1.79342e-62	2.03255e-64	2.20709e-66	2.29716e-68	2.29254e-70	2.19439e-72	0	
2.23676e-36	5.03647e-38	1.07636e-39	2.18536e-41	4.21905e-43	7.75169e-45	1.35648e-46	2.26253e-48	3.5995e-50	5.46573e-52	7.92661e-54	1.09854e-55	1.45572e-57	1.84545e-59	2.23927e-61	2.6019e-63	2.89632e-65	3.08998e-67	3.1607e-69	3.10063e-71	0	
1.68922e-35	3.91297e-37	8.59942e-39	1.79473e-40	3.56038e-42	6.71956e-44	1.2075e-45	2.06761e-47	3.37604e-49	5.26016e-51	7.82576e-53	1.11239e-54	1.51161e-56	1.96477e-58	2.44398e-60	2.91077e-62	3.32076e-64	3.63058e-66	3.80535e-68	3.82489e-70	0	
1.10969e-34	2.64362e-36	5.97253e-38	1.2809e-39	2.61027e-41	5.05889e-43	9.33237e-45	1.63999e-46	2.74746e-48	4.39106e-50	6.69954e-52	9.76413e-54	1.36017e-55	1.81205e-57	2.3099e-59	2.8189e-61	3.29483e-63	3.69018e-65	3.96189e-67	4.07876e-69	0	
6.29393e-34	1.54123e-35	3.57762e-37	7.88053e-39	1.64882e-40	3.27983e-42	6.20816e-44	1.11909e-45	1.92262e-47	3.15039e-49	4.92693e-51	7.3589e-53	1.05036e-54	1.43354e-56	1.87179e-58	2.33942e-60	2.80009e-62	3.21107e-64	3.5296e-66	3.71992e-68	0	
3.06036e-33	7.69689e-35	1.83431e-36	4.14671e-38	8.90115e-40	1.81597e-41	3.52436e-43	6.51215e-45	1.14653e-46	1.9248e-48	3.08343e-50	4.71651e-52	6.89316e-54	9.63132e-56	1.28726e-57	1.64661e-59	2.01685e-61	2.36659e-63	2.66151e-65	2.86963e-67	0	
1.26759e-32	3.27073e-34	7.99402e-36	1.85274e-37	4.07604e-39	8.52033e-41	1.6938e-42	3.20502e-44	5.77712e-46	9.92747e-48	1.62752e-49	2.54723e-51	3.80844e-53	5.44285e-55	7.43971e-57	9.73132e-59	1.2187e-60	1.46197e-62	1.68072e-64	1.8523e-66	0	
4.44621e-32	1.17535e-33	2.94212e-35	6.98154e-37	1.57215e-38	3.36293e-40	6.83948e-42	1.3237e-43	2.43994e-45	4.28674e-47	7.18382e-49	1.14912e-50	1.75567e-52	2.56365e-54	3.57986e-56	4.78309e-58	6.11802e-60	7.49531e-62	8.79926e-64	9.902e-66	0	
1.31179e-31	3.54634e-33	9.07608e-35	2.20144e-36	5.06599e-38	1.10715e-39	2.30008e-41	4.5463e-43	8.55692e-45	1.53485e-46	2.62558e-48	4.28654e-50	6.68342e-52	9.9581e-54	1.41873e-55	1.93381e-57	2.52319e-59	3.15302e-61	3.77529e-63	4.33278e-65	0	
3.22192e-31	8.88616e-33	2.31968e-34	5.73788e-36	1.34632e-37	2.99959e-39	6.35187e-41	1.27956e-42	2.45419e-44	4.4853e-46	7.81702e-48	1.30008e-49	2.06475e-51	3.13342e-53	4.54655e-55	6.31116e-57	8.38561e-59	1.06704e-60	1.30094e-62	1.52023e-64	0	
6.48615e-31	1.81835e-32	4.82411e-34	1.21257e-35	2.8908e-37	6.54321e-39	1.40749e-40	2.87989e-42	5.60992e-44	1.04121e-45	1.84269e-47	3.11185e-49	5.018e-51	7.73165e-53	1.13897e-54	1.60508e-56	2.16506e-58	2.79676e-60	3.46152e-62	4.10631e-64	0	
1.05255e-30	2.98372e-32	8.00308e-34	2.0335e-35	4.89996e-37	1.12085e-38	2.43629e-40	5.0366e-42	9.91161e-44	1.85826e-45	3.32169e-47	5.66525e-49	9.22544e-51	1.43531e-52	2.13484e-54	3.03739e-56	4.13608e-58	5.39338e-60	6.73797e-62	8.06756e-64	0	
1.36692e-30	3.89607e-32	1.0506e-33	2.68334e-35	6.49858e-37	1.49387e-38	3.26275e-40	6.77686e-42	1.33975e-43	2.52305e-45	4.52973e-47	7.75857e-49	1.26869e-50	1.9819e-52	2.95955e-54	4.22714e-56	5.7781e-58	7.56257e-60	9.48236e-62	1.13939e-63	0	
1.42707e-30	4.071e-32	1.09868e-33	2.80839e-35	6.80673e-37	1.56589e-38	3.42252e-40	7.11372e-42	1.40731e-43	2.65203e-45	4.76434e-47	8.1655e-49	1.33604e-50	2.08832e-52	3.12025e-54	4.45912e-56	6.09846e-58	7.98602e-60	1.00183e-61	1.20439e-63	0	
1.19909e-30	3.40872e-32	9.16834e-34	2.33588e-35	5.64346e-37	1.29426e-38	2.82034e-40	5.84496e-42	1.15303e-43	2.16685e-45	3.8823e-47	6.63643e-49	1.0831e-50	1.68878e-52	2.51721e-54	3.58891e-56	4.89714e-58	6.39864e-60	8.00963e-62	9.60873e-64	0	
8.0603e-31	2.27127e-32	6.05644e-34	1.53001e-35	3.66585e-37	8.33873e-39	1.80256e-40	3.70632e-42	7.2549e-44	1.35303e-45	2.40607e-47	4.08269e-49	6.6149e-51	1.02405e-52	1.51568e-54	2.14602e-56	2.90832e-58	3.77449e-60	4.69348e-62	5.59372e-64	0	
4.32552e-31	1.20076e-32	3.15463e-34	7.85264e-36	1.85407e-37	4.15639e-39	8.85535e-41	1.79467e-42	3.46276e-44	6.36607e-46	1.11599e-47	1.86682e-49	2.98189e-51	4.55104e-53	6.64082e-55	9.26991e-57	1.23853e-58	1.58468e-60	1.94263e-62	2.28242e-64	0	
1.8834e-31	5.12795e-33	1.32157e-34	3.22759e-36	7.47765e-38	1.64509e-39	3.44005e-41	6.84344e-43	1.29625e-44	2.33964e-46	4.02706e-48	6.61471e-50	1.03755e-51	1.55512e-53	2.22859e-55	3.05533e-57	4.0094e-59	5.03866e-61	6.06698e-63	7.00159e-65	0	
6.77794e-32	1.80497e-33	4.55085e-35	1.08755e-36	2.46605e-38	5.31098e-40	1.08737e-41	2.11831e-43	3.92985e-45	6.94824e-47	1.17168e-48	1.88576e-50	2.8986e-52	4.25787e-54	5.98072e-56	8.03738e-58	1.03396e-59	1.27391e-61	1.50392e-63	1.70177e-65	0	
2.04209e-32	5.30855e-34	1.30695e-35	3.05074e-37	6.75862e-39	1.42247e-40	2.84681e-42	5.42227e-44	9.83705e-46	1.70116e-47	2.80634e-49	4.41923e-51	6.64735e-53	9.55678e-55	1.31398e-56	1.72869e-58	2.17732e-60	2.62672e-62	3.03665e-64	3.36514e-66	0	
5.19544e-33	1.31651e-34	3.16054e-36	7.1962e-38	1.55557e-39	3.19546e-41	6.24347e-43	1.16128e-44	2.05783e-46	3.47678e-48	5.60462e-50	8.62602e-52	1.26837e-53	1.78285e-55	2.39696e-57	3.08402e-59	3.79931e-61	4.48362e-63	5.07089e-65	5.49805e-67	0	
1.12456e-33	2.77471e-35	6.48876e-37	1.43968e-38	3.03365e-40	6.07659e-42	1.15806e-43	2.10156e-45	3.63437e-47	5.99393e-49	9.43395e-51	1.41795e-52	2.03648e-54	2.79646e-56	3.67355e-58	4.61888e-60	5.56129e-62	6.4151e-64	7.09266e-66	7.51842e-68	0	
2.08683e-34	5.01005e-36	1.14047e-37	2.46409e-39	5.05797e-41	9.87278e-43	1.83407e-44	3.24531e-46	5.47382e-48	8.80704e-50	1.3526e-51	1.9842e-53	2.78191e-55	3.7298e-57	4.78464e-59	5.87561e-61	6.9104e-63	7.78746e-65	8.41227e-67	8.71338e-69	0	
3.34669e-35	7.81434e-37	1.73078e-38	3.63993e-40	7.27536e-42	1.38327e-43	2.50387e-45	4.31826e-47	7.10099e-49	1.11415e-50	1.66906e-52	2.38876e-54	3.26812e-56	4.2765e-58	5.35516e-60	6.42038e-62	7.37319e-64	8.11417e-66	8.56061e-68	8.6609e-70	0	
4.6755e-36	1.06151e-37	2.28708e-39	4.68073e-41	9.10782e-43	1.68638e-44	2.97364e-46	4.99735e-48	8.00984e-50	1.22527e-51	1.78997e-53	2.49874e-55	3.33509e-57	4.25832e-59	5.20392e-61	6.08965e-63	6.82678e-65	7.33474e-67	7.5556e-69	7.46433e-71	0	
5.7337e-37	1.26567e-38	2.65245e-40	5.28226e-42	1.00051e-43	1.80387e-45	3.09826e-47	5.07311e-49	7.92463e-51	1.18172e-52	1.68326e-54	2.29162e-56	2.9835e-58	3.71644e-60	4.43157e-62	5.06078e-64	5.53723e-66	5.8071e-68	5.83959e-70	5.63223e-72	0	
6.21599e-38	1.33413e-39	2.7196e-41	5.27015e-43	9.71673e-45	1.70587e-46	2.85382e-48	4.55275e-50	6.93074e-52	1.00744e-53	1.39911e-55	1.85749e-57	2.35868e-59	2.86616e-61	3.33444e-63	3.71562e-65	3.96739e-67	4.06081e-69	3.98577e-71	3.75248e-73	0	
5.99602e-39	1.25141e-40	2.48157e-42	4.67975e-44	8.39931e-46	1.43591e-47	2.33988e-49	3.63696e-51	5.39572e-53	7.64521e-55	1.03517e-56	1.34015e-58	1.65974e-60	1.96733e-62	2.23288e-64	2.42767e-66	2.52944e-68	2.52656e-70	2.42025e-72	2.22394e-74	0	
5.17653e-40	1.05073e-41	2.02721e-43	3.72068e-45	6.50148e-47	1.08241e-48	1.71819e-50	2.6022e-52	3.76247e-54	5.19668e-56	6.86031e-58	8.66074e-60	1.04611e-61	1.20951e-63	1.3392e-65	1.42058e-67	1.44421e-69	1.40768e-71	1.31591e-73	1.18006e-75	0	
4.02104e-41	7.93942e-43	1.49054e-44	2.66294e-46	4.5308e-48	7.34682e-50	1.13614e-51	1.67671e-53	2.36286e-55	3.18144e-57	4.09496e-59	5.04125e-61	5.93878e-63	6.69764e-65	7.2343e-67	7.48674e-69	7.42627e-71	7.06287e-73	6.44263e-75	5.63788e-77	0	
2.82386e-42	5.42473e-44	9.91204e-46	1.72402e-47	2.85654e-49	4.51192e-51	6.79823e-53	9.77721e-55	1.343e-56	1.76286e-58	2.21243e-60	2.65612e-62	3.05175e-64	3.3571e-66	3.53729e-68	3.57135e-70	3.45625e-72	3.20723e-74	2.85458e-76	2.43745e-78	0	
1.8007e-43	3.36628e-45	5.98751e-47	1.01405e-48	1.63646e-50	2.51815e-52	3.69712e-54	5.18225e-56	6.93892e-58	8.88011e-60	1.08672e-61	1.27232e-63	1.42577e-65	1.52988e-67	1.5725e-69	1.54884e-71	1.46236e-73	1.32395e-75	1.1497e-77	9.57822e-80	0	
1.04676e-44	1.90468e-46	3.29845e-48	5.44041e-50	8.55245e-52	1.28226e-53	1.83466e-55	2.5066e-57	3.27195e-59	4.08267e-61	4.87205e-63	5.56297e-65	6.08018e-67	6.36381e-69	6.38075e-71	6.13101e-73	5.64729e-75	4.988e-77	4.22583e-79	3.43465e-81	0	
