0	-0.0431873	-0.0923757	-0.151415	-0.223358	-0.307456	-0.396503	-0.481796	-0.545765	-0.572393	-0.548653	-0.46568	-0.33353	-0.16699	0.00613077	0.159306	0.277062	0.350373	0.386193	0.39197	
0	-0.0449351	-0.0947709	-0.155364	-0.227411	-0.311675	-0.401732	-0.487351	-0.553797	-0.583442	-0.562571	-0.483602	-0.351974	-0.185301	-0.00806915	0.149574	0.273213	0.349692	0.387013	0.391745	
0	-0.0419807	-0.0902413	-0.147019	-0.217641	-0.299911	-0.389252	-0.477138	-0.546883	-0.583294	-0.570489	-0.49962	-0.374925	-0.211198	-0.0333694	0.130239	0.260696	0.346499	0.390594	0.400465	
0	-0.0351481	-0.07668	-0.127354	-0.19339	-0.271597	-0.360691	-0.450059	-0.525125	-0.570738	-0.568303	-0.509727	-0.39552	-0.238539	-0.0632348	0.102298	0.23915	0.331083	0.382253	0.396444	
0	-0.0329925	-0.072218	-0.120333	-0.183351	-0.25919	-0.346341	-0.435339	-0.512922	-0.562914	-0.567652	-0.518163	-0.411149	-0.261275	-0.0888269	0.0774029	0.215669	0.311604	0.365608	0.382777	
0	-0.0334925	-0.074092	-0.12074	-0.184154	-0.257718	-0.343558	-0.432591	-0.509666	-0.563622	-0.57257	-0.528563	-0.428541	-0.281551	-0.111194	0.0568577	0.199004	0.299843	0.357836	0.378384	
0	-0.0317458	-0.068874	-0.114503	-0.174294	-0.246076	-0.331432	-0.419509	-0.501045	-0.559464	-0.575888	-0.541558	-0.447451	-0.305758	-0.13481	0.0388093	0.189378	0.299199	0.366098	0.391342	
0	-0.025805	-0.0591687	-0.0981119	-0.155028	-0.223168	-0.306169	-0.396383	-0.479618	-0.545364	-0.570482	-0.545569	-0.461718	-0.326321	-0.157997	0.0183842	0.173875	0.293767	0.367311	0.399819	
0	-0.0236852	-0.0522532	-0.0896332	-0.140946	-0.205229	-0.285258	-0.371639	-0.456537	-0.524927	-0.557124	-0.542162	-0.469066	-0.342416	-0.180524	-0.00481466	0.15565	0.281224	0.364989	0.405972	
0	-0.020274	-0.0465313	-0.0792949	-0.127369	-0.187723	-0.26386	-0.348706	-0.433349	-0.504482	-0.542581	-0.536069	-0.470649	-0.353065	-0.194606	-0.0186612	0.143693	0.277707	0.367534	0.415291	
0	-0.0174958	-0.0392586	-0.0694037	-0.111922	-0.168337	-0.23956	-0.321228	-0.404192	-0.476679	-0.519998	-0.519259	-0.464551	-0.352371	-0.199261	-0.0230703	0.145812	0.287464	0.38684	0.444017	
0	-0.011638	-0.0269188	-0.0515085	-0.0875334	-0.138287	-0.20538	-0.282429	-0.366189	-0.43944	-0.488032	-0.495928	-0.447399	-0.343968	-0.193287	-0.0152598	0.158865	0.309425	0.419238	0.483086	
0	-0.00608773	-0.0158789	-0.0342864	-0.0633743	-0.108163	-0.166774	-0.239586	-0.317536	-0.389722	-0.441088	-0.452647	-0.413739	-0.317684	-0.172897	0.00215111	0.179546	0.338613	0.456611	0.532978	
0	0.000787832	-0.000145955	-0.0119893	-0.0315189	-0.0678625	-0.119143	-0.183583	-0.258898	-0.329224	-0.384519	-0.403584	-0.374762	-0.288324	-0.151633	0.0213893	0.203699	0.369577	0.501663	0.589222	
0	0.00931831	0.0157847	0.0132938	0.00171936	-0.0262582	-0.0688211	-0.127136	-0.196821	-0.265116	-0.321919	-0.346433	-0.324383	-0.248831	-0.117488	0.051073	0.234655	0.408785	0.549619	0.648526	
0	0.013764	0.0260168	0.0283595	0.0243659	0.00311754	-0.0306048	-0.0815056	-0.143624	-0.207292	-0.263182	-0.288221	-0.273897	-0.20284	-0.0787457	0.0866841	0.273741	0.452401	0.602206	0.711462	
0	0.0190216	0.0356433	0.0445755	0.0451283	0.0314843	0.00277517	-0.0409854	-0.0990956	-0.16014	-0.21565	-0.246635	-0.237488	-0.177469	-0.0612422	0.0984196	0.284151	0.466489	0.625907	0.74377	
0	0.0221766	0.0418103	0.0545944	0.059487	0.0495838	0.0266909	-0.0150561	-0.0697641	-0.132864	-0.193674	-0.233837	-0.239274	-0.194818	-0.0925348	0.0562422	0.239967	0.42851	0.5981	0.733118	
0	0.0185151	0.0339539	0.0446014	0.0458405	0.0355616	0.0104551	-0.0316119	-0.0877376	-0.154504	-0.219971	-0.26922	-0.28684	-0.254485	-0.167293	-0.0275299	0.151033	0.339152	0.51626	0.659605	
0	0.00488865	0.00645744	0.00567538	-0.00465224	-0.0228106	-0.0551249	-0.101331	-0.160667	-0.230786	-0.299221	-0.356865	-0.382321	-0.365264	-0.291448	-0.165811	0.00199061	0.186632	0.364875	0.514257	
0	-0.0105864	-0.0241049	-0.0394386	-0.0628999	-0.0940182	-0.136745	-0.194576	-0.263471	-0.345508	-0.427472	-0.50022	-0.546205	-0.54832	-0.496416	-0.38724	-0.230985	-0.0489896	0.132422	0.292936	
0	-0.0276697	-0.0589503	-0.089861	-0.130974	-0.175779	-0.235031	-0.305956	-0.389931	-0.487631	-0.58592	-0.679655	-0.747734	-0.77452	-0.748473	-0.659642	-0.519732	-0.344269	-0.159267	0.00926055	
0	-0.0494936	-0.100326	-0.153124	-0.211108	-0.274418	-0.348368	-0.432442	-0.529634	-0.637934	-0.749712	-0.858467	-0.943896	-0.993798	-0.990189	-0.92536	-0.80526	-0.641918	-0.462763	-0.291388	
0	-0.0651865	-0.131962	-0.19954	-0.272033	-0.348952	-0.434498	-0.530236	-0.637051	-0.755127	-0.878647	-0.999032	-1.10297	-1.17176	-1.19345	-1.15282	-1.05682	-0.911265	-0.744152	-0.576602	
0	-0.0696343	-0.139608	-0.21245	-0.288581	-0.369892	-0.461022	-0.56055	-0.674959	-0.799828	-0.934317	-1.06933	-1.19187	-1.28525	-1.33391	-1.32268	-1.2521	-1.12803	-0.971848	-0.809783	
0	-0.0652958	-0.129188	-0.199368	-0.268642	-0.347786	-0.433519	-0.530075	-0.643213	-0.766485	-0.905777	-1.0477	-1.18342	-1.29772	-1.36968	-1.3881	-1.34465	-1.24448	-1.10543	-0.952047	
0	-0.0532554	-0.107326	-0.164288	-0.224131	-0.291572	-0.366022	-0.453505	-0.554871	-0.670845	-0.803685	-0.94236	-1.08301	-1.20586	-1.29572	-1.33724	-1.3196	-1.24527	-1.12831	-0.99034	
0	-0.0370219	-0.0733367	-0.115396	-0.158112	-0.210083	-0.269458	-0.340713	-0.428106	-0.530014	-0.650686	-0.781893	-0.918497	-1.04544	-1.14537	-1.20535	-1.20768	-1.1585	-1.06018	-0.938616	
0	-0.0205358	-0.0414984	-0.0658822	-0.0920736	-0.126416	-0.166711	-0.220263	-0.287803	-0.372213	-0.475824	-0.594431	-0.721664	-0.847655	-0.951948	-1.02357	-1.04296	-1.01022	-0.928177	-0.816702	
0	-0.00412536	-0.0115161	-0.0169902	-0.0297411	-0.0453172	-0.0684627	-0.105271	-0.151407	-0.219726	-0.30306	-0.405545	-0.521093	-0.637376	-0.742368	-0.818078	-0.848723	-0.827677	-0.757965	-0.651466	
0	0.00941545	0.0178511	0.0249267	0.0281065	0.0276881	0.0191428	0.00109487	-0.0292727	-0.0783673	-0.142988	-0.229289	-0.329066	-0.434974	-0.535832	-0.61144	-0.648052	-0.635736	-0.570906	-0.466786	
0	0.0219257	0.0414644	0.0619684	0.0763466	0.0891105	0.0931433	0.088874	0.0724508	0.0389903	-0.0100147	-0.0810088	-0.164882	-0.260093	-0.352221	-0.423785	-0.46439	-0.453928	-0.395626	-0.293259	
0	0.0296964	0.0567999	0.0854041	0.107485	0.128921	0.142219	0.147882	0.143648	0.123307	0.0883034	0.0339155	-0.0374824	-0.119226	-0.204893	-0.275071	-0.31989	-0.317728	-0.269803	-0.17205	
0	0.0285054	0.0587598	0.0851027	0.112956	0.137155	0.156122	0.172189	0.174489	0.168476	0.143343	0.101509	0.0403271	-0.0346237	-0.117232	-0.190682	-0.241402	-0.25219	-0.211367	-0.120919	
0	0.0260255	0.0529979	0.0774953	0.103028	0.125311	0.143967	0.159853	0.16336	0.161248	0.140001	0.104262	0.0511363	-0.0203735	-0.0965208	-0.172092	-0.227163	-0.246134	-0.215369	-0.133073	
0	0.0177917	0.0357634	0.0522975	0.0695545	0.0829769	0.0966033	0.103887	0.106519	0.101026	0.0818053	0.0514946	0.00297668	-0.0596717	-0.129158	-0.202547	-0.255783	-0.280421	-0.257473	-0.179787	
0	0.00237616	0.00637638	0.00818229	0.0135518	0.0155552	0.0201433	0.0202885	0.0188091	0.0104292	-0.00694945	-0.0344094	-0.0777502	-0.131777	-0.196505	-0.263341	-0.314682	-0.343301	-0.324202	-0.253582	
0	-0.00812048	-0.016656	-0.0232965	-0.0302161	-0.0356616	-0.0402334	-0.0462131	-0.0517095	-0.0634147	-0.0785578	-0.105926	-0.142803	-0.194282	-0.256286	-0.322348	-0.382369	-0.419516	-0.416207	-0.360453	
0	-0.00868564	-0.0190544	-0.0260178	-0.035632	-0.043008	-0.0500402	-0.0603467	-0.0679512	-0.0845767	-0.102538	-0.133093	-0.173798	-0.227903	-0.295324	-0.367468	-0.438888	-0.487744	-0.503325	-0.461645	
0	-0.00347592	-0.00775565	-0.0108541	-0.0162974	-0.0205017	-0.0276564	-0.0365457	-0.0479973	-0.0666206	-0.0902489	-0.124584	-0.171886	-0.228455	-0.302694	-0.378519	-0.457712	-0.517746	-0.547012	-0.522352	
0	-0.00048236	-0.000895968	-0.00179472	-0.00447043	-0.00524335	-0.0124858	-0.015287	-0.0281179	-0.0398084	-0.0615097	-0.0914897	-0.132105	-0.187726	-0.256933	-0.335637	-0.419801	-0.492066	-0.53725	-0.536222	
0	0.00124921	0.00374743	0.00343479	0.00500871	0.00429421	0.00175697	0.000837299	-0.00833328	-0.0144243	-0.0321898	-0.0549681	-0.0872075	-0.138248	-0.195745	-0.274001	-0.354017	-0.432344	-0.489649	-0.5078	
0	0.00421454	0.00874126	0.0117646	0.0166084	0.0170557	0.0209176	0.0183731	0.0169796	0.0102535	-0.00226905	-0.0200417	-0.0496111	-0.0909489	-0.143813	-0.214349	-0.288931	-0.367698	-0.430339	-0.460538	
0	0.00548521	0.0097151	0.0157707	0.0200522	0.0242561	0.0299049	0.0299757	0.0346853	0.0296202	0.0252873	0.0121397	-0.0122287	-0.0436162	-0.095031	-0.156053	-0.229411	-0.307596	-0.372668	-0.41193	
0	0.00484438	0.00998864	0.0146626	0.0192713	0.0240391	0.027566	0.0308659	0.0329542	0.0314352	0.0283802	0.0177949	0.000178579	-0.0265653	-0.0687452	-0.120586	-0.186042	-0.256153	-0.31862	-0.360688	
0	0.000719814	0.00253519	0.00297246	0.00512912	0.00682543	0.00775237	0.0107879	0.00955055	0.0105099	0.00629384	-0.00120966	-0.0130582	-0.0354366	-0.065045	-0.105831	-0.158021	-0.211172	-0.264797	-0.298632	
0	-0.00318705	-0.00745281	-0.00926591	-0.0129865	-0.0140058	-0.0161251	-0.016423	-0.0177527	-0.018068	-0.0204815	-0.0247039	-0.031756	-0.0457137	-0.0648963	-0.0915853	-0.127887	-0.162341	-0.19971	-0.219615	
0	-0.00304059	-0.00684297	-0.00963296	-0.0138817	-0.0172349	-0.0210678	-0.0251339	-0.0281487	-0.0320461	-0.0351077	-0.0385856	-0.0435949	-0.0497138	-0.0590677	-0.0728936	-0.088125	-0.108054	-0.122979	-0.131304	
0	-0.00218264	-0.00290889	-0.0065069	-0.00735436	-0.0112128	-0.0133827	-0.017001	-0.0200853	-0.0233559	-0.0267418	-0.0290068	-0.0325594	-0.0348089	-0.0373271	-0.0434941	-0.0439798	-0.0536842	-0.0532521	-0.0548124	
0	0	0	0	0	0	0	0	0	0	0	0	0	0	0	0	0	0	0	0	
