0	-0.0368753	-0.0971428	-0.191662	-0.337733	-0.513566	-0.704057	-0.864469	-0.97179	-1.00622	-0.962684	-0.854321	-0.698747	-0.532531	-0.386671	-0.279609	-0.218546	-0.195367	-0.206246	-0.239436	
0	-0.00357962	-0.0283479	-0.0953151	-0.213819	-0.378256	-0.562605	-0.728189	-0.844192	-0.887248	-0.855612	-0.758487	-0.617352	-0.466812	-0.331098	-0.231968	-0.166891	-0.137403	-0.136373	-0.164297	
0	0.0308132	0.040729	0.00948899	-0.0773118	-0.217803	-0.386187	-0.548091	-0.662427	-0.711248	-0.684341	-0.595806	-0.466673	-0.327416	-0.205039	-0.11061	-0.0454437	-0.00491996	0.00862895	-0.00688434	
0	0.0588576	0.098325	0.101814	0.0467619	-0.0622786	-0.211071	-0.358107	-0.467085	-0.513472	-0.485943	-0.401058	-0.274493	-0.142878	-0.0255461	0.065496	0.133239	0.185153	0.211948	0.209571	
0	0.0769595	0.138477	0.16998	0.146494	0.0685809	-0.0541325	-0.182365	-0.27956	-0.318737	-0.287699	-0.20012	-0.0731534	0.0585696	0.17523	0.266685	0.339292	0.402075	0.443654	0.455163	
0	0.0889299	0.168761	0.223642	0.232251	0.186284	0.0930407	-0.0121827	-0.0962264	-0.127032	-0.0949652	-0.00728316	0.117756	0.248239	0.363797	0.45516	0.53097	0.601678	0.658334	0.682044	
0	0.0924858	0.181846	0.25458	0.291075	0.275913	0.215527	0.135264	0.0702265	0.0489873	0.0835927	0.170525	0.292147	0.420042	0.53366	0.621113	0.694926	0.765242	0.82658	0.857902	
0	0.0855878	0.173646	0.256601	0.312847	0.327446	0.298487	0.248091	0.20672	0.199521	0.241895	0.329093	0.448875	0.575352	0.684332	0.767494	0.829914	0.88955	0.941368	0.967915	
0	0.0731101	0.15577	0.242064	0.315785	0.356071	0.359117	0.340539	0.323563	0.334363	0.381837	0.468005	0.58174	0.699724	0.802374	0.873136	0.920141	0.958991	0.990994	1.00338	
0	0.0562284	0.126921	0.212431	0.296457	0.359072	0.391904	0.403686	0.414778	0.442845	0.498134	0.581652	0.684819	0.792056	0.880032	0.93475	0.95776	0.96572	0.966061	0.953392	
0	0.0280191	0.0776665	0.149434	0.236578	0.313269	0.372669	0.416939	0.457907	0.512127	0.57965	0.665437	0.759762	0.851818	0.921398	0.951816	0.942629	0.909652	0.8685	0.82038	
0	-0.00118511	0.0222745	0.0793697	0.161778	0.249527	0.331578	0.404879	0.478265	0.557205	0.640648	0.728279	0.811587	0.884809	0.929858	0.930463	0.88536	0.808055	0.720916	0.636594	
0	-0.0285905	-0.0277598	0.011955	0.0905896	0.186132	0.289342	0.392684	0.498053	0.606091	0.707749	0.799398	0.871194	0.921663	0.934618	0.9002	0.812537	0.688442	0.555356	0.431969	
0	-0.0511213	-0.0710099	-0.0445647	0.0296617	0.134788	0.260065	0.395273	0.536491	0.678057	0.802516	0.902105	0.963247	0.986029	0.962186	0.881864	0.746939	0.572223	0.391109	0.230428	
0	-0.0667353	-0.100797	-0.0833689	-0.00994519	0.106958	0.256573	0.42539	0.606498	0.783659	0.936846	1.04706	1.09899	1.09423	1.0263	0.897067	0.709569	0.483667	0.257875	0.0615817	
0	-0.0753061	-0.116668	-0.104369	-0.027957	0.101739	0.275795	0.47909	0.69744	0.912493	1.09299	1.21652	1.26172	1.22921	1.1203	0.942245	0.706247	0.436548	0.173037	-0.0537266	
0	-0.0816742	-0.131168	-0.121537	-0.0455194	0.0970341	0.29315	0.52775	0.78395	1.03311	1.24418	1.3822	1.42526	1.37053	1.22512	1.00321	0.725543	0.41848	0.124836	-0.12446	
0	-0.0879229	-0.142603	-0.139098	-0.0613868	0.0895896	0.305487	0.567697	0.854429	1.13363	1.3677	1.51728	1.55661	1.48198	1.30395	1.04754	0.736725	0.405988	0.0960998	-0.165421	
0	-0.0903908	-0.150305	-0.148797	-0.0733492	0.0857967	0.315077	0.598009	0.906477	1.20477	1.45296	1.60712	1.64203	1.55009	1.35063	1.06936	0.740577	0.398315	0.0808267	-0.183636	
0	-0.0930904	-0.156356	-0.159616	-0.0852049	0.0774784	0.317723	0.614423	0.93762	1.24515	1.49888	1.6509	1.67853	1.57427	1.35931	1.06627	0.729908	0.385364	0.0685321	-0.195141	
0	-0.0914483	-0.154575	-0.159261	-0.0851929	0.080692	0.327116	0.631883	0.957911	1.264	1.50851	1.64868	1.66348	1.5473	1.32533	1.03132	0.698855	0.363288	0.0519045	-0.20737	
0	-0.0872922	-0.148727	-0.152349	-0.0788403	0.0895593	0.33898	0.645376	0.967649	1.26125	1.48833	1.60858	1.60828	1.48314	1.26286	0.977177	0.661064	0.340523	0.0402382	-0.211074	
0	-0.0790866	-0.132706	-0.134019	-0.0564301	0.11196	0.362696	0.664455	0.974485	1.24731	1.44678	1.54221	1.5239	1.39584	1.18412	0.920971	0.630465	0.335658	0.0528195	-0.18909	
0	-0.0628022	-0.103133	-0.0936073	-0.0105074	0.161604	0.409619	0.703347	0.993401	1.23821	1.40283	1.46809	1.43127	1.30104	1.1055	0.869452	0.613026	0.349854	0.0891724	-0.138611	
0	-0.0416005	-0.0620367	-0.0387667	0.0554894	0.230101	0.476193	0.756527	1.02353	1.23444	1.36025	1.39226	1.33417	1.20258	1.02248	0.81507	0.595514	0.366808	0.136649	-0.0709261	
0	-0.0179694	-0.0170916	0.0222147	0.126197	0.301946	0.540225	0.802542	1.0406	1.21519	1.3013	1.30218	1.22614	1.0979	0.935828	0.761752	0.579717	0.391725	0.196523	0.0135087	
0	0.00551252	0.0269714	0.0816183	0.192014	0.364501	0.587672	0.825238	1.02847	1.16412	1.21118	1.183	1.09394	0.970413	0.831705	0.690187	0.552508	0.410137	0.261015	0.112951	
0	0.0272775	0.0679894	0.135132	0.249453	0.41212	0.615454	0.820196	0.986594	1.08099	1.09221	1.0384	0.938112	0.822227	0.703379	0.595471	0.500702	0.409145	0.314987	0.212201	
0	0.0507216	0.110982	0.19239	0.307548	0.459784	0.636562	0.807153	0.933432	0.989482	0.969188	0.893508	0.786064	0.67561	0.573711	0.494035	0.436423	0.395005	0.356353	0.30359	
0	0.0809347	0.167644	0.267347	0.3873	0.527838	0.677503	0.810295	0.89585	0.914069	0.864253	0.768375	0.653304	0.543571	0.455018	0.394753	0.371662	0.37415	0.389735	0.386818	
0	0.110721	0.222419	0.340519	0.463042	0.59107	0.712575	0.807432	0.85712	0.842069	0.772096	0.662189	0.542516	0.435383	0.353377	0.310201	0.310095	0.349258	0.407273	0.4469	
0	0.135212	0.268189	0.39894	0.52103	0.633477	0.724366	0.784715	0.800137	0.762171	0.679299	0.564293	0.447133	0.343044	0.270089	0.238911	0.256264	0.321737	0.409176	0.480432	
0	0.158945	0.312171	0.453916	0.57478	0.668677	0.729841	0.753346	0.737301	0.677672	0.584502	0.467705	0.353231	0.254021	0.191275	0.171628	0.20706	0.292336	0.402716	0.499249	
0	0.179046	0.348181	0.498517	0.614232	0.690086	0.720363	0.710006	0.664934	0.586864	0.487588	0.371775	0.26198	0.171747	0.118057	0.114216	0.162423	0.262905	0.386852	0.500586	
0	0.192064	0.372319	0.524297	0.633672	0.690076	0.691931	0.653783	0.582702	0.495525	0.393114	0.285608	0.185656	0.106517	0.067225	0.0747738	0.132294	0.235297	0.35881	0.47701	
0	0.204312	0.392948	0.548103	0.6511	0.691215	0.671177	0.606774	0.517253	0.41873	0.315376	0.214601	0.122493	0.0552342	0.0271571	0.0433917	0.104553	0.200874	0.314107	0.42917	
0	0.213977	0.410315	0.566431	0.66529	0.691967	0.654899	0.569937	0.464904	0.356542	0.252697	0.158012	0.0749273	0.0213903	0.00305486	0.0288375	0.0876553	0.172108	0.270016	0.37186	
0	0.215512	0.413532	0.564221	0.658095	0.672387	0.622385	0.524564	0.406389	0.295788	0.191984	0.109374	0.0409275	0.00363556	0.00167145	0.0325967	0.0895072	0.15499	0.233219	0.313472	
0	0.212696	0.403204	0.550773	0.632946	0.64179	0.58084	0.474305	0.349177	0.232944	0.133768	0.0603344	0.00908703	-0.0104003	0.00182044	0.0374551	0.0878939	0.133987	0.187948	0.247425	
0	0.203952	0.383488	0.523311	0.594906	0.599443	0.532645	0.421659	0.293724	0.172463	0.0801682	0.0147269	-0.0172138	-0.0187621	0.00432787	0.0452275	0.0834977	0.11436	0.144009	0.185122	
0	0.191495	0.360744	0.487774	0.55469	0.553017	0.487879	0.374825	0.245636	0.122836	0.032892	-0.0223119	-0.0372949	-0.0232031	0.0121924	0.0534135	0.0842373	0.102927	0.11532	0.141767	
0	0.178162	0.335256	0.45142	0.513288	0.510085	0.448952	0.338384	0.210829	0.0878524	0.000853388	-0.0448627	-0.0450298	-0.0173497	0.0264732	0.0646853	0.0879836	0.0944003	0.0927736	0.104604	
0	0.160072	0.301511	0.404636	0.460507	0.459083	0.403272	0.302668	0.180089	0.062824	-0.0184237	-0.0546863	-0.0423314	-0.00462347	0.0393308	0.0727085	0.082168	0.0775599	0.0630454	0.0601776	
0	0.139346	0.261402	0.351188	0.399086	0.399828	0.350471	0.26141	0.146637	0.0385488	-0.0375516	-0.0631908	-0.0432175	0.00165328	0.0442971	0.0710239	0.0720304	0.0596556	0.0378991	0.0249435	
0	0.116375	0.216119	0.291686	0.329469	0.331347	0.288642	0.211546	0.108455	0.0129634	-0.0553737	-0.06896	-0.043069	0.00702376	0.0510529	0.0702014	0.0722749	0.0536242	0.0318495	0.0134193	
0	0.0936042	0.175342	0.234505	0.267222	0.268518	0.234864	0.171321	0.0822858	0.00126728	-0.0584338	-0.066253	-0.0394916	0.00738237	0.0470589	0.0610386	0.0624498	0.0457975	0.0286725	0.0109779	
0	0.07205	0.136116	0.180934	0.208564	0.209846	0.186605	0.136402	0.0675305	0.000221397	-0.0454867	-0.053601	-0.0292079	0.00870523	0.0371772	0.0497084	0.0436775	0.0343356	0.0181597	0.00247968	
0	0.0476514	0.0882252	0.119096	0.136049	0.137605	0.123791	0.0877385	0.0454762	-0.00469451	-0.0299587	-0.0368522	-0.0152013	0.0123098	0.0308283	0.0390325	0.0304308	0.0215389	0.00746638	-0.00856033	
0	0.0232788	0.0421715	0.0578691	0.0654727	0.0663213	0.0603672	0.0408263	0.0218226	-0.00594401	-0.0163604	-0.0210343	-0.00852583	0.00499	0.0150694	0.0167578	0.0141908	0.00567455	0.000682352	-0.0105597	
0	0	0	0	0	0	0	0	0	0	0	0	0	0	0	0	0	0	0	0	
