0.783182	0.928908	1.09654	1.26669	1.41584	1.51878	1.57033	1.56591	1.51042	1.40123	1.23468	1.01675	0.757144	0.49452	0.255845	0.079721	-0.0232491	-0.0674986	-0.0595954	-0.0366664	0	
0.739594	0.874989	1.03264	1.19492	1.34295	1.44846	1.51637	1.53849	1.50404	1.42638	1.28623	1.08397	0.840148	0.582897	0.348147	0.169132	0.0550472	-0.00771399	-0.02791	-0.0214939	0	
0.641768	0.769221	0.912848	1.0622	1.20521	1.31974	1.40519	1.4486	1.4373	1.38139	1.2615	1.0819	0.862816	0.62575	0.406417	0.221742	0.0904464	0.0167697	-0.0141879	-0.011034	0	
0.498781	0.618206	0.750858	0.890049	1.02869	1.15118	1.2427	1.29587	1.3085	1.26548	1.16848	1.01991	0.829972	0.622656	0.42015	0.254488	0.131462	0.0512382	0.0112455	-0.00292576	0	
0.317788	0.433771	0.565638	0.70268	0.832813	0.952988	1.05028	1.10907	1.13742	1.11723	1.04484	0.924385	0.761592	0.585629	0.418069	0.278234	0.169596	0.0927544	0.0447565	0.0159005	0	
0.117815	0.235737	0.365521	0.497493	0.629912	0.755663	0.860528	0.93253	0.974483	0.965513	0.905437	0.810549	0.682601	0.546404	0.419843	0.303886	0.207219	0.136064	0.0805209	0.0355914	0	
-0.0650451	0.0520738	0.17557	0.306795	0.436492	0.56981	0.68828	0.774912	0.829448	0.828294	0.783045	0.712233	0.618011	0.518249	0.427336	0.340963	0.256329	0.180646	0.110969	0.0500989	0	
-0.212149	-0.102885	0.015532	0.142977	0.274164	0.415898	0.544072	0.642812	0.706313	0.725835	0.703255	0.650489	0.586325	0.512376	0.443392	0.375582	0.297926	0.221742	0.143767	0.0697687	0	
-0.32932	-0.222614	-0.108632	0.0218283	0.159216	0.299793	0.439011	0.552901	0.628522	0.665433	0.65974	0.625207	0.580516	0.526489	0.47402	0.412777	0.339248	0.263491	0.175786	0.0870167	0	
-0.412992	-0.306289	-0.186657	-0.0494515	0.0923558	0.239004	0.386108	0.505513	0.58808	0.632031	0.635015	0.613476	0.587902	0.556114	0.520591	0.477231	0.408207	0.31805	0.214716	0.106444	0	
-0.44358	-0.344718	-0.222344	-0.0843252	0.0619644	0.216969	0.367428	0.48853	0.571171	0.616389	0.626783	0.618638	0.612095	0.605725	0.590148	0.55876	0.490902	0.389121	0.2707	0.137952	0	
-0.424058	-0.332094	-0.217532	-0.0825665	0.0663456	0.21879	0.367827	0.48362	0.561925	0.607544	0.626839	0.637175	0.651676	0.672074	0.674667	0.65237	0.591099	0.483956	0.342779	0.172423	0	
-0.370991	-0.289378	-0.182302	-0.0510089	0.0938171	0.23813	0.373749	0.480155	0.560524	0.611116	0.643504	0.674358	0.706028	0.741798	0.762861	0.75432	0.69084	0.567806	0.406002	0.21001	0	
-0.296219	-0.225122	-0.123395	0.000532532	0.137028	0.274998	0.397765	0.496341	0.570048	0.622259	0.664761	0.708541	0.760078	0.811798	0.845575	0.837534	0.769191	0.639493	0.456165	0.237275	0	
-0.225364	-0.152344	-0.0557069	0.0680748	0.204448	0.334847	0.445391	0.532554	0.594899	0.638818	0.684021	0.733481	0.796881	0.860605	0.902955	0.898535	0.829141	0.695066	0.493693	0.25449	0	
-0.180633	-0.102152	-0.00019769	0.135862	0.279622	0.408259	0.511243	0.584415	0.633667	0.669438	0.710465	0.761159	0.827019	0.889011	0.936829	0.935761	0.861016	0.721003	0.514844	0.27236	0	
-0.161722	-0.0836158	0.0325887	0.182143	0.339114	0.477243	0.57618	0.640882	0.677161	0.704515	0.740939	0.787782	0.854532	0.918842	0.963572	0.960869	0.889236	0.747789	0.534137	0.279206	0	
-0.162006	-0.0819933	0.0433941	0.206965	0.375766	0.519509	0.622239	0.685481	0.718179	0.742674	0.77581	0.821313	0.886426	0.953072	0.99595	0.988853	0.914643	0.767628	0.549764	0.286473	0	
-0.165884	-0.0884556	0.0406542	0.209946	0.386504	0.53631	0.645956	0.711245	0.748171	0.777545	0.813104	0.863362	0.925007	0.98617	1.02292	1.01385	0.93213	0.771273	0.554839	0.290449	0	
-0.167005	-0.0937981	0.0374922	0.20263	0.377976	0.532671	0.646647	0.720236	0.763099	0.798155	0.83629	0.887155	0.95005	1.0149	1.04606	1.026	0.941971	0.778358	0.556472	0.286691	0	
-0.181442	-0.108533	0.0176484	0.178442	0.352295	0.508362	0.627065	0.707143	0.757558	0.800626	0.846979	0.905312	0.970952	1.03224	1.05857	1.03282	0.943531	0.777379	0.555091	0.287399	0	
-0.219328	-0.143237	-0.0233036	0.135612	0.309097	0.462947	0.582888	0.67018	0.732182	0.785969	0.845494	0.912458	0.982278	1.0442	1.074	1.05035	0.953428	0.780894	0.556479	0.290305	0	
-0.271436	-0.194139	-0.074636	0.0758053	0.240665	0.395176	0.521461	0.62471	0.700334	0.765025	0.831499	0.903907	0.985793	1.05754	1.09222	1.06257	0.964702	0.794296	0.556971	0.286455	0	
-0.332294	-0.24839	-0.134738	0.00616237	0.165447	0.322955	0.458458	0.577062	0.669945	0.746225	0.823	0.90131	0.982672	1.0489	1.08146	1.04924	0.943394	0.771113	0.540486	0.281295	0	
-0.373809	-0.28743	-0.182443	-0.0489271	0.108643	0.265407	0.408498	0.53672	0.63889	0.720114	0.797214	0.874964	0.948853	1.00493	1.0283	0.990102	0.884576	0.718796	0.501363	0.259938	0	
-0.383387	-0.306345	-0.203492	-0.0784632	0.0700809	0.226327	0.37329	0.506286	0.613092	0.693673	0.760175	0.821705	0.876547	0.920376	0.928284	0.878787	0.776155	0.621097	0.426119	0.214404	0	
-0.371924	-0.295303	-0.192696	-0.0785584	0.054886	0.201973	0.347928	0.483914	0.593613	0.666988	0.714877	0.753811	0.781801	0.801775	0.792605	0.736618	0.633574	0.48914	0.330312	0.165896	0	
-0.33613	-0.252369	-0.15711	-0.056558	0.0639802	0.198855	0.344832	0.474596	0.573005	0.633156	0.662822	0.683706	0.688763	0.685074	0.653077	0.587328	0.491651	0.367598	0.242949	0.117557	0	
-0.268715	-0.190189	-0.104394	-0.0126868	0.0990054	0.228836	0.364883	0.48379	0.570654	0.621307	0.637308	0.632651	0.616251	0.592185	0.53894	0.460509	0.365277	0.258567	0.16216	0.0736881	0	
-0.188573	-0.113774	-0.0295296	0.0643477	0.167779	0.287007	0.415838	0.532984	0.617144	0.658446	0.657013	0.628545	0.585998	0.52934	0.456985	0.370716	0.269116	0.166279	0.0870556	0.0354583	0	
-0.113774	-0.0289993	0.0613527	0.161479	0.26689	0.38695	0.523694	0.643424	0.722883	0.754957	0.73601	0.683755	0.613904	0.523833	0.420773	0.307058	0.192581	0.100935	0.0386645	0.00871184	0	
-0.0295296	0.0613527	0.163309	0.272696	0.393841	0.538708	0.687331	0.811388	0.892588	0.919778	0.889011	0.814628	0.711346	0.577106	0.431531	0.281924	0.147228	0.0560008	0.0023998	-0.0112591	0	
0.0643477	0.161479	0.272696	0.406786	0.557462	0.730634	0.897698	1.03479	1.13203	1.15755	1.11522	1.01578	0.865979	0.68137	0.490478	0.308419	0.146278	0.033671	-0.0236978	-0.0293625	0	
0.167779	0.26689	0.393841	0.557462	0.743451	0.944193	1.14007	1.30556	1.42145	1.45152	1.39605	1.26878	1.07888	0.847517	0.603838	0.368259	0.171399	0.0434855	-0.0207133	-0.0273695	0	
0.287007	0.38695	0.538708	0.730634	0.944193	1.17741	1.40637	1.59247	1.71945	1.75882	1.70388	1.55909	1.33241	1.05091	0.750447	0.466966	0.236009	0.0823206	0.00308909	-0.0139039	0	
0.415838	0.523694	0.687331	0.897698	1.14007	1.40637	1.66059	1.86857	2.01551	2.06616	2.01273	1.84992	1.59152	1.26617	0.914934	0.594565	0.3293	0.142418	0.0385679	-0.00154417	0	
0.532984	0.643424	0.811388	1.03479	1.30556	1.59247	1.86857	2.10822	2.27518	2.34435	2.29414	2.11756	1.83414	1.47234	1.08598	0.720959	0.417945	0.208352	0.0827878	0.024668	0	
0.617144	0.722883	0.892588	1.13203	1.42145	1.71945	2.01551	2.27518	2.45172	2.54254	2.5078	2.32614	2.02737	1.64085	1.22019	0.825286	0.504242	0.273631	0.127118	0.0493364	0	
0.658446	0.754957	0.919778	1.15755	1.45152	1.75882	2.06616	2.34435	2.54254	2.645	2.61771	2.43954	2.13463	1.73431	1.28748	0.87934	0.55158	0.303947	0.148727	0.0588486	0	
0.657013	0.73601	0.889011	1.11522	1.39605	1.70388	2.01273	2.29414	2.5078	2.61771	2.59833	2.42853	2.11355	1.70845	1.26762	0.856505	0.525502	0.285785	0.142118	0.0566801	0	
0.628545	0.683755	0.814628	1.01578	1.26878	1.55909	1.84992	2.11756	2.32614	2.43954	2.42853	2.26578	1.95521	1.5548	1.12928	0.735376	0.42691	0.21961	0.0984991	0.0307681	0	
0.585998	0.613904	0.711346	0.865979	1.07888	1.33241	1.59152	1.83414	2.02737	2.13463	2.11355	1.95521	1.66593	1.28684	0.886077	0.526931	0.260687	0.0941907	0.0144651	-0.00843607	0	
0.52934	0.523833	0.577106	0.68137	0.847517	1.05091	1.26617	1.47234	1.64085	1.73431	1.70845	1.5548	1.28684	0.940356	0.578154	0.270085	0.0580052	-0.0589906	-0.0877663	-0.0540449	0	
0.456985	0.420773	0.431531	0.490478	0.603838	0.750447	0.914934	1.08598	1.22019	1.28748	1.26762	1.12928	0.886077	0.578154	0.270041	0.0224907	-0.137752	-0.200268	-0.178531	-0.097987	0	
0.370716	0.307058	0.281924	0.308419	0.368259	0.466966	0.594565	0.720959	0.825286	0.87934	0.856505	0.735376	0.526931	0.270085	0.0224907	-0.174138	-0.285787	-0.296043	-0.238869	-0.133261	0	
0.269116	0.192581	0.147228	0.146278	0.171399	0.236009	0.3293	0.417945	0.504242	0.55158	0.525502	0.42691	0.260687	0.0580052	-0.137752	-0.285787	-0.354086	-0.335105	-0.257126	-0.143562	0	
0.166279	0.100935	0.0560008	0.033671	0.0434855	0.0823206	0.142418	0.208352	0.273631	0.303947	0.285785	0.21961	0.0941907	-0.0589906	-0.200268	-0.296043	-0.335105	-0.313649	-0.232837	-0.121639	0	
0.0870556	0.0386645	0.0023998	-0.0236978	-0.0207133	0.00308909	0.0385679	0.0827878	0.127118	0.148727	0.142118	0.0984991	0.0144651	-0.0877663	-0.178531	-0.238869	-0.257126	-0.232837	-0.177721	-0.0920439	0	
0.0354583	0.00871184	-0.0112591	-0.0293625	-0.0273695	-0.0139039	-0.00154417	0.024668	0.0493364	0.0588486	0.0566801	0.0307681	-0.00843607	-0.0540449	-0.097987	-0.133261	-0.143562	-0.121639	-0.0920439	-0.04859	0	
0	0	0	0	0	0	0	0	0	0	0	0	0	0	0	0	0	0	0	0	0	
