0	0	0	0	0	0	0	0	0	0	0	0	0	0	0	0	0	0	0	0	
0	0.0120688	-0.00370537	-0.00257596	0.00545249	0.00127812	-0.00722452	-0.0014998	0.00252612	-0.0151225	0.000726699	0.00727461	-0.0029071	-0.00268187	-0.00199494	0.0056273	0.00449107	-0.00706555	-0.0133227	-0.00078755	
0	-0.00370537	-0.00774337	-2.19552e-05	0.00273814	-0.00361042	-0.00537397	0.00617015	0.00483042	-0.0101858	0.000955727	0.00159412	-0.00732285	-0.0126636	-0.0102867	0.000390216	0.00208431	-0.0173108	-0.0214525	-0.00406307	
0	-0.00257596	-2.19552e-05	0.00561787	-0.00363395	-0.00914554	-0.00130516	0.00463446	-0.00342909	-0.0115108	-0.00291636	0.000789751	-0.00419596	-0.014935	-0.00802522	0.00214241	-0.00267621	-0.0186763	-0.0256463	-0.0052096	
0	0.00545249	0.00273814	-0.00363395	-0.00452391	-0.000263778	-0.000641895	-0.0100739	-0.0105352	-0.00119431	-0.00377596	-0.00364855	-0.00619468	-0.00954403	-0.00454692	-0.00308945	-0.0105607	-0.0206736	-0.024404	-0.00936374	
0	0.00127812	-0.00361042	-0.00914554	-0.000263778	0.0049811	-0.00176078	-0.010252	-0.00624814	0.00362565	-0.0122452	-0.0156173	-0.0117864	-0.00738152	-0.0101786	-0.0169131	-0.0172584	-0.0186441	-0.0133585	-0.0134338	
0	-0.00722452	-0.00537397	-0.00130516	-0.000641895	-0.00176078	-0.00965071	-0.00703158	0.00147979	-0.000749084	-0.015754	-0.0168189	-0.00637437	-0.00740706	-0.0144132	-0.027609	-0.0244595	-0.0133342	-0.0121438	-0.0262726	
0	-0.0014998	0.00617015	0.00463446	-0.0100739	-0.010252	-0.00703158	-0.011885	-0.0055342	-0.00453209	-0.0150779	-0.0116847	-0.00311906	-0.00619075	-0.0176191	-0.0312637	-0.0249898	-0.00883883	-0.0176383	-0.0428134	
0	0.00252612	0.00483042	-0.00342909	-0.0105352	-0.00624814	0.00147979	-0.0055342	-0.010942	-0.0181939	-0.0184413	-0.0111727	-0.0136788	-0.0149908	-0.0280839	-0.0291081	-0.0191048	-0.00774622	-0.0221026	-0.050328	
0	-0.0151225	-0.0101858	-0.0115108	-0.00119431	0.00362565	-0.000749084	-0.00453209	-0.0181939	-0.0176845	-0.00436371	-0.0120597	-0.0256537	-0.0274882	-0.0306016	-0.0259781	-0.0214026	-0.0245184	-0.0389275	-0.0631263	
0	0.000726699	0.000955727	-0.00291636	-0.00377596	-0.0122452	-0.015754	-0.0150779	-0.0184413	-0.00436371	0.00254019	-0.0181483	-0.0294026	-0.0252293	-0.021833	-0.0204608	-0.0305233	-0.045114	-0.0569689	-0.0691897	
0	0.00727461	0.00159412	0.000789751	-0.00364855	-0.0156173	-0.0168189	-0.0116847	-0.0111727	-0.0120597	-0.0181483	-0.0337109	-0.0306556	-0.0227716	-0.0181478	-0.0188735	-0.0406412	-0.0579434	-0.0590958	-0.0576876	
0	-0.0029071	-0.00732285	-0.00419596	-0.00619468	-0.0117864	-0.00637437	-0.00311906	-0.0136788	-0.0256537	-0.0294026	-0.0306556	-0.0276882	-0.0262237	-0.0225394	-0.0320426	-0.0613053	-0.072068	-0.0586257	-0.0510565	
0	-0.00268187	-0.0126636	-0.014935	-0.00954403	-0.00738152	-0.00740706	-0.00619075	-0.0149908	-0.0274882	-0.0252293	-0.0227716	-0.0262237	-0.0297487	-0.0350697	-0.0564429	-0.0781228	-0.0741017	-0.0579334	-0.0466142	
0	-0.00199494	-0.0102867	-0.00802522	-0.00454692	-0.0101786	-0.0144132	-0.0176191	-0.0280839	-0.0306016	-0.021833	-0.0181478	-0.0225394	-0.0350697	-0.0521876	-0.0689471	-0.0703527	-0.0640935	-0.0534142	-0.0483721	
0	0.0056273	0.000390216	0.00214241	-0.00308945	-0.0169131	-0.027609	-0.0312637	-0.0291081	-0.0259781	-0.0204608	-0.0188735	-0.0320426	-0.0564429	-0.0689471	-0.064409	-0.0568871	-0.0563633	-0.0555014	-0.0626784	
0	0.00449107	0.00208431	-0.00267621	-0.0105607	-0.0172584	-0.0244595	-0.0249898	-0.0191048	-0.0214026	-0.0305233	-0.0406412	-0.0613053	-0.0781228	-0.0703527	-0.0568871	-0.0499733	-0.0570126	-0.0685577	-0.0966871	
0	-0.00706555	-0.0173108	-0.0186763	-0.0206736	-0.0186441	-0.0133342	-0.00883883	-0.00774622	-0.0245184	-0.045114	-0.0579434	-0.072068	-0.0741017	-0.0640935	-0.0563633	-0.0570126	-0.076826	-0.112431	-0.166502	
0	-0.0133227	-0.0214525	-0.0256463	-0.024404	-0.0133585	-0.0121438	-0.0176383	-0.0221026	-0.0389275	-0.0569689	-0.0590958	-0.0586257	-0.0579334	-0.0534142	-0.0555014	-0.0685577	-0.112431	-0.177919	-0.246643	
0	-0.00078755	-0.00406307	-0.0052096	-0.00936374	-0.0134338	-0.0262726	-0.0428134	-0.050328	-0.0631263	-0.0691897	-0.0576876	-0.0510565	-0.0466142	-0.0483721	-0.0626784	-0.0966871	-0.166502	-0.246643	-0.311003	
0	0.00340919	0.010322	0.00829602	-0.00495007	-0.0165706	-0.0365793	-0.0558738	-0.061921	-0.0678458	-0.0690243	-0.0575938	-0.0500456	-0.0549764	-0.0739576	-0.11135	-0.167644	-0.246357	-0.31929	-0.373207	
0	0.00107791	-0.000350764	-0.00906625	-0.0209132	-0.0264525	-0.0398262	-0.0537462	-0.051462	-0.0526248	-0.0542048	-0.04716	-0.0558554	-0.0821469	-0.128683	-0.189385	-0.253874	-0.325755	-0.38944	-0.428354	
0	-0.0143669	-0.0196165	-0.0288562	-0.0412688	-0.0443828	-0.0491415	-0.0494022	-0.0384325	-0.032474	-0.0351767	-0.046554	-0.0769175	-0.128755	-0.196262	-0.265236	-0.326894	-0.391611	-0.441666	-0.45878	
0	-0.0197297	-0.0349746	-0.0510998	-0.0601407	-0.0524058	-0.045228	-0.0386931	-0.0244537	-0.0268638	-0.0506658	-0.0830219	-0.13376	-0.197343	-0.268054	-0.332712	-0.385447	-0.432291	-0.456407	-0.43661	
0	-0.0236697	-0.0337344	-0.0430464	-0.0469492	-0.0381086	-0.0347491	-0.0366976	-0.0422215	-0.0648471	-0.104407	-0.153237	-0.209485	-0.272094	-0.337298	-0.391239	-0.423714	-0.439978	-0.424824	-0.36698	
0	-0.00378045	-0.00296234	-0.00704806	-0.0128696	-0.01493	-0.0282689	-0.0543491	-0.0834689	-0.126926	-0.184484	-0.240864	-0.299206	-0.356646	-0.409025	-0.438012	-0.435379	-0.408856	-0.354038	-0.266158	
0	0.00955109	0.0244048	0.023806	0.0129167	-0.00194401	-0.037069	-0.0855264	-0.136693	-0.196204	-0.263109	-0.327184	-0.382508	-0.42654	-0.453037	-0.447795	-0.406573	-0.344091	-0.260892	-0.14787	
0	0.00743754	0.0151699	0.0095597	-0.0091696	-0.0357702	-0.0776095	-0.132707	-0.191138	-0.2567	-0.326441	-0.384065	-0.424319	-0.4425	-0.438907	-0.401594	-0.33226	-0.246012	-0.13979	-0.00570772	
0	-0.013929	-0.0226605	-0.0466278	-0.0777423	-0.109199	-0.157181	-0.215465	-0.270576	-0.324077	-0.373999	-0.404996	-0.410699	-0.394663	-0.35821	-0.294353	-0.202442	-0.0933391	0.0325688	0.181738	
0	-0.0401406	-0.075974	-0.118907	-0.167235	-0.215325	-0.267163	-0.31771	-0.356775	-0.384736	-0.398938	-0.390521	-0.359211	-0.307532	-0.241849	-0.150008	-0.0309573	0.100573	0.242274	0.393165	
0	-0.0687845	-0.129929	-0.1993	-0.264479	-0.314455	-0.361154	-0.398519	-0.412484	-0.407799	-0.390581	-0.349745	-0.285469	-0.204063	-0.106091	0.0158812	0.159371	0.30734	0.450144	0.588624	
0	-0.0939076	-0.176233	-0.254557	-0.322481	-0.371733	-0.406817	-0.422827	-0.414128	-0.386204	-0.339922	-0.271276	-0.179655	-0.0677849	0.0556807	0.197575	0.351227	0.494429	0.623047	0.741776	
0	-0.0923682	-0.173535	-0.25289	-0.3162	-0.351948	-0.372376	-0.3755	-0.348837	-0.300408	-0.237218	-0.145663	-0.0305371	0.0989186	0.23551	0.37932	0.523151	0.650294	0.757977	0.854282	
0	-0.071491	-0.128959	-0.182649	-0.225283	-0.247243	-0.255654	-0.2434	-0.203388	-0.141233	-0.0577205	0.0476879	0.170532	0.301086	0.426934	0.552614	0.674445	0.775437	0.8585	0.930332	
0	-0.0301346	-0.0533009	-0.0773312	-0.0904484	-0.081548	-0.0615069	-0.0269929	0.0358963	0.114117	0.200024	0.305121	0.416258	0.525447	0.626627	0.724506	0.817173	0.89004	0.941986	0.977835	
0	0.00807338	0.0301752	0.0518262	0.080504	0.127257	0.180314	0.24508	0.32653	0.414324	0.504568	0.598198	0.69042	0.774713	0.847312	0.914832	0.975488	1.00947	1.01918	1.00868	
0	0.0617437	0.128669	0.195161	0.268377	0.355626	0.441863	0.528783	0.627371	0.717708	0.797402	0.880586	0.953966	1.01719	1.06588	1.1048	1.12944	1.12175	1.0841	1.02657	
0	0.112144	0.233852	0.34745	0.458097	0.575411	0.682746	0.783553	0.884148	0.973694	1.05112	1.12425	1.18501	1.22779	1.25196	1.25777	1.24369	1.19105	1.11207	1.01921	
0	0.15628	0.313296	0.462903	0.605001	0.744809	0.866605	0.976054	1.08505	1.17258	1.24283	1.30745	1.35005	1.3705	1.36418	1.33594	1.2841	1.19757	1.09173	0.9847	
0	0.176935	0.3551	0.520635	0.676373	0.829911	0.964716	1.08432	1.19577	1.28401	1.34935	1.40191	1.42443	1.41582	1.38177	1.32275	1.24616	1.14108	1.02975	0.927905	
0	0.174681	0.350676	0.521142	0.681338	0.836677	0.97196	1.09143	1.20194	1.28132	1.3338	1.3674	1.36748	1.33716	1.28274	1.212	1.12846	1.02815	0.931523	0.852292	
0	0.166503	0.328579	0.484606	0.632982	0.775495	0.898077	1.00288	1.09262	1.14899	1.17872	1.19284	1.17306	1.12955	1.07387	1.00692	0.938541	0.859689	0.791881	0.744778	
0	0.144276	0.285383	0.421581	0.544194	0.656873	0.748825	0.821241	0.878751	0.906446	0.910854	0.903451	0.87356	0.827262	0.780591	0.733289	0.686729	0.638691	0.604345	0.588294	
0	0.111915	0.214746	0.315375	0.403266	0.475034	0.527741	0.565002	0.585758	0.582456	0.569476	0.552051	0.519467	0.484032	0.455573	0.430025	0.410162	0.388821	0.382935	0.392448	
0	0.0638654	0.115073	0.164426	0.20354	0.231138	0.24608	0.250147	0.246554	0.228563	0.205897	0.188041	0.163881	0.140323	0.132425	0.128622	0.127148	0.130103	0.144432	0.169783	
0	-0.00171135	-0.00907666	-0.00995737	-0.0187762	-0.0390396	-0.0581214	-0.0768489	-0.103285	-0.128072	-0.143502	-0.156189	-0.166569	-0.171396	-0.162488	-0.149405	-0.136296	-0.120815	-0.0918923	-0.0604005	
0	-0.0541336	-0.120637	-0.177565	-0.228588	-0.281554	-0.328679	-0.365857	-0.399335	-0.428763	-0.443455	-0.450802	-0.453835	-0.447222	-0.42662	-0.404427	-0.384507	-0.357385	-0.323281	-0.287628	
0	-0.0966014	-0.196097	-0.284323	-0.368369	-0.451874	-0.51487	-0.564846	-0.613796	-0.643624	-0.657077	-0.666501	-0.666109	-0.657935	-0.637706	-0.615645	-0.597845	-0.571128	-0.535137	-0.507304	
0	-0.114479	-0.227966	-0.331198	-0.423578	-0.513463	-0.589707	-0.648915	-0.705563	-0.74506	-0.764046	-0.786097	-0.793531	-0.789093	-0.77792	-0.764475	-0.753938	-0.731771	-0.703292	-0.683776	
0	-0.103321	-0.20982	-0.312124	-0.405011	-0.494353	-0.567575	-0.629085	-0.688079	-0.73256	-0.76291	-0.793687	-0.813736	-0.821086	-0.826469	-0.827833	-0.830217	-0.818467	-0.802305	-0.797562	
